facilityID,siteID,name,sampleDate,projectCode,cas_rn,analyte,fraction,relDepth,result,unit,detect,detectLimit,quantFlag,quantLimit,method,colMethod,resultType,matrix,medium,qualFlag,remark,county,huc8,type,aquifer,latitude,longitude
6,10560001,Des Moines River near Keokuk,12/08/1999 12:00:00,AMBIENT,7782-44-7,Dissolved oxygen (DO),Total,,16.5,mg/l,True,0.1,,,4500-O-G,,Actual,SW,Water,,,Lee,07100009,River/Stream,,40.4620485,-91.5670776
6,10560001,Des Moines River near Keokuk,12/08/1999 12:00:00,AMBIENT,FLOW,Flow,Total,,525,cfs,True,,,,USGS CA8,,Actual,SW,Water,,,Lee,07100009,River/Stream,,40.4620485,-91.5670776
6,10560001,Des Moines River near Keokuk,12/08/1999 12:00:00,AMBIENT,PH,pH,Total,,8.8,None,True,,,,4500-H,,Actual,SW,Water,,,Lee,07100009,River/Stream,,40.4620485,-91.5670776
6,10560001,Des Moines River near Keokuk,12/08/1999 12:00:00,AMBIENT,TEMP-WATER,"Temperature, water",Total,,5,deg C,True,0,,,2550,,Actual,SW,Water,,,Lee,07100009,River/Stream,,40.4620485,-91.5670776
6,10560001,Des Moines River near Keokuk,12/08/1999 12:00:00,AMBIENT,1007-28-9,2-Choro-6-ethylamino-4-amino-s-triazine,Total,,0.1,ug/l,False,0.1,,,507,UHL001,Actual,SW,Water,,,Lee,07100009,River/Stream,,40.4620485,-91.5670776
6,10560001,Des Moines River near Keokuk,12/08/1999 12:00:00,AMBIENT,122-34-9,Simazine,Total,,0.1,ug/l,False,0.1,,,507,UHL001,Actual,SW,Water,,,Lee,07100009,River/Stream,,40.4620485,-91.5670776
6,10560001,Des Moines River near Keokuk,12/08/1999 12:00:00,AMBIENT,1582-09-8,Trifluralin,Total,,0.1,ug/l,False,0.1,,,507,UHL001,Actual,SW,Water,,,Lee,07100009,River/Stream,,40.4620485,-91.5670776
6,10560001,Des Moines River near Keokuk,12/08/1999 12:00:00,AMBIENT,15972-60-8,Alachlor,Total,,0.1,ug/l,False,0.1,,,507,UHL001,Actual,SW,Water,,,Lee,07100009,River/Stream,,40.4620485,-91.5670776
6,10560001,Des Moines River near Keokuk,12/08/1999 12:00:00,AMBIENT,1912-24-9,Atrazine,Total,,0.16,ug/l,True,0.1,,,507,UHL001,Actual,SW,Water,,,Lee,07100009,River/Stream,,40.4620485,-91.5670776
6,10560001,Des Moines River near Keokuk,12/08/1999 12:00:00,AMBIENT,2008-41-5,Butylate,Total,,0.1,ug/l,False,0.1,,,507,UHL001,Actual,SW,Water,,,Lee,07100009,River/Stream,,40.4620485,-91.5670776
6,10560001,Des Moines River near Keokuk,12/08/1999 12:00:00,AMBIENT,21087-64-9,Metribuzin,Total,,0.1,ug/l,False,0.1,,,507,UHL001,Actual,SW,Water,,,Lee,07100009,River/Stream,,40.4620485,-91.5670776
6,10560001,Des Moines River near Keokuk,12/08/1999 12:00:00,AMBIENT,21725-46-2,Cyanazine,Total,,0.1,ug/l,False,0.1,,,507,UHL001,Actual,SW,Water,,,Lee,07100009,River/Stream,,40.4620485,-91.5670776
6,10560001,Des Moines River near Keokuk,12/08/1999 12:00:00,AMBIENT,34256-82-1,Acetochlor,Total,,0.1,ug/l,False,0.1,,,507,UHL001,Actual,SW,Water,,,Lee,07100009,River/Stream,,40.4620485,-91.5670776
6,10560001,Des Moines River near Keokuk,12/08/1999 12:00:00,AMBIENT,51218-45-2,Metolachlor,Total,,0.1,ug/l,False,0.1,,,507,UHL001,Actual,SW,Water,,,Lee,07100009,River/Stream,,40.4620485,-91.5670776
6,10560001,Des Moines River near Keokuk,12/08/1999 12:00:00,AMBIENT,6190-65-4,2-Chloro-4-isopropylamino-6-amino-s-triazine,Total,,0.1,ug/l,False,0.1,,,507,UHL001,Actual,SW,Water,,,Lee,07100009,River/Stream,,40.4620485,-91.5670776
6,10560001,Des Moines River near Keokuk,12/08/1999 12:00:00,AMBIENT,CBOD-SC,"Carbonaceous biochemical oxygen demand, standard conditions",Total,,2,mg/l,True,1,,,UnknownBOD,UHL001,Actual,SW,Water,,,Lee,07100009,River/Stream,,40.4620485,-91.5670776
6,10560001,Des Moines River near Keokuk,12/08/1999 12:00:00,AMBIENT,11003-45-5,Chlorophyll c,NonFilt,,3,ug/l,True,1,,,10200-H,UHL001,Actual,SW,Water,,,Lee,07100009,River/Stream,,40.4620485,-91.5670776
6,10560001,Des Moines River near Keokuk,12/08/1999 12:00:00,AMBIENT,479-61-8,Chlorophyll a,NonFilt,,18,ug/l,True,1,,,10200-H,UHL001,Actual,SW,Water,,,Lee,07100009,River/Stream,,40.4620485,-91.5670776
6,10560001,Des Moines River near Keokuk,12/08/1999 12:00:00,AMBIENT,519-62-0,Chlorophyll b,NonFilt,,1,ug/l,False,1,,,10200-H,UHL001,Actual,SW,Water,,,Lee,07100009,River/Stream,,40.4620485,-91.5670776
6,10560001,Des Moines River near Keokuk,12/08/1999 12:00:00,AMBIENT,CLR-A-UCP,"Chlorophyll a, uncorrected for pheophytin",NonFilt,,27,ug/l,True,1,,,10200-H,UHL001,Actual,SW,Water,,,Lee,07100009,River/Stream,,40.4620485,-91.5670776
6,10560001,Des Moines River near Keokuk,12/08/1999 12:00:00,AMBIENT,ENTERO,Enterococcus,Total,,18,MPN/100ml,True,10,,,9230-C,UHL001,Actual,SW,Water,,,Lee,07100009,River/Stream,,40.4620485,-91.5670776
6,10560001,Des Moines River near Keokuk,12/08/1999 12:00:00,AMBIENT,68583-22-2,Escherichia coli,Total,,50,MPN/100ml,True,10,,,9213-D,UHL001,Actual,SW,Water,,,Lee,07100009,River/Stream,,40.4620485,-91.5670776
6,10560001,Des Moines River near Keokuk,12/08/1999 12:00:00,AMBIENT,FEC-COL,Fecal Coliform,Total,,10,MPN/100ml,False,10,,,9222-D,UHL001,Actual,SW,Water,,,Lee,07100009,River/Stream,,40.4620485,-91.5670776
6,10560001,Des Moines River near Keokuk,12/08/1999 12:00:00,AMBIENT,HARD-CARB,"Hardness, carbonate",Total,,420,mg/l,True,1,,,Unknown,UHL001,Actual,SW,Water,,,Lee,07100009,River/Stream,,40.4620485,-91.5670776
6,10560001,Des Moines River near Keokuk,12/08/1999 12:00:00,AMBIENT,NIT-AMM,Ammonia-nitrogen (as N),Total,,0.1,mg/l,False,0.1,,,Unknown,UHL001,Actual,SW,Water,,,Lee,07100009,River/Stream,,40.4620485,-91.5670776
6,10560001,Des Moines River near Keokuk,12/08/1999 12:00:00,AMBIENT,NIT-KJELD,Kjeldahl nitrogen (AS N),Total,,0.7,mg/l,True,0.1,,,Unknown,UHL001,Actual,SW,Water,,,Lee,07100009,River/Stream,,40.4620485,-91.5670776
6,10560001,Des Moines River near Keokuk,12/08/1999 12:00:00,AMBIENT,NIT-NO3-NO2,Inorganic nitrogen (nitrate and nitrite) (as N),Total,,1.6,mg/l,True,0.1,,,Unknown,UHL001,Actual,SW,Water,,,Lee,07100009,River/Stream,,40.4620485,-91.5670776
6,10560001,Des Moines River near Keokuk,12/08/1999 12:00:00,AMBIENT,PHOSP-PHOSP,Phosphate-phosphorus (as P),Total,,0.2,mg/l,True,0.1,,,Unknown,UHL001,Actual,SW,Water,,,Lee,07100009,River/Stream,,40.4620485,-91.5670776
6,10560001,Des Moines River near Keokuk,12/08/1999 12:00:00,AMBIENT,603-17-8,Pheophytin a,NonFilt,,14,ug/l,True,1,,,10200H(2),UHL001,Actual,SW,Water,,,Lee,07100009,River/Stream,,40.4620485,-91.5670776
6,10560001,Des Moines River near Keokuk,12/08/1999 12:00:00,AMBIENT,14265-44-2,Orthophosphate (as P),Dissolved,,0.2,mg/l,True,0.1,,,Unknown,UHL001,Actual,SW,Water,,,Lee,07100009,River/Stream,,40.4620485,-91.5670776
6,10560001,Des Moines River near Keokuk,12/08/1999 12:00:00,AMBIENT,7631-86-9,Silica,Dissolved,,2.3,mg/l,True,1,,,370.1,UHL001,Actual,SW,Water,,,Lee,07100009,River/Stream,,40.4620485,-91.5670776
6,10560001,Des Moines River near Keokuk,01/03/2000 10:30:00,AMBIENT,HARD-CARB,"Hardness, carbonate",Total,,270,mg/l,True,1,,,Unknown,UHL001,Actual,SW,Water,,,Lee,07100009,River/Stream,,40.4620485,-91.5670776
6,10560001,Des Moines River near Keokuk,01/03/2000 10:30:00,AMBIENT,NIT-AMM,Ammonia-nitrogen (as N),Total,,0.1,mg/l,False,0.1,,,Unknown,UHL001,Actual,SW,Water,,,Lee,07100009,River/Stream,,40.4620485,-91.5670776
6,10560001,Des Moines River near Keokuk,01/03/2000 10:30:00,AMBIENT,NIT-KJELD,Kjeldahl nitrogen (AS N),Total,,0.6,mg/l,True,0.1,,,Unknown,UHL001,Actual,SW,Water,,,Lee,07100009,River/Stream,,40.4620485,-91.5670776
6,10560001,Des Moines River near Keokuk,01/03/2000 10:30:00,AMBIENT,NIT-NO3-NO2,Inorganic nitrogen (nitrate and nitrite) (as N),Total,,2.1,mg/l,True,0.1,,,Unknown,UHL001,Actual,SW,Water,,,Lee,07100009,River/Stream,,40.4620485,-91.5670776
6,10560001,Des Moines River near Keokuk,01/03/2000 10:30:00,AMBIENT,PHOSP-PHOSP,Phosphate-phosphorus (as P),Total,,0.2,mg/l,True,0.1,,,Unknown,UHL001,Actual,SW,Water,,,Lee,07100009,River/Stream,,40.4620485,-91.5670776
6,10560001,Des Moines River near Keokuk,01/03/2000 10:30:00,AMBIENT,7439-97-6,Mercury,Total,,7E-05,mg/l,True,0.00005,,,245.1,UHL001,Actual,SW,Water,,,Lee,07100009,River/Stream,,40.4620485,-91.5670776
6,10560001,Des Moines River near Keokuk,01/03/2000 10:30:00,AMBIENT,603-17-8,Pheophytin a,NonFilt,,5,ug/l,True,1,,,10200H(2),UHL001,Actual,SW,Water,,,Lee,07100009,River/Stream,,40.4620485,-91.5670776
6,10560001,Des Moines River near Keokuk,01/03/2000 10:30:00,AMBIENT,14265-44-2,Orthophosphate (as P),Dissolved,,0.2,mg/l,True,0.1,,,Unknown,UHL001,Actual,SW,Water,,,Lee,07100009,River/Stream,,40.4620485,-91.5670776
6,10560001,Des Moines River near Keokuk,01/03/2000 10:30:00,AMBIENT,7631-86-9,Silica,Dissolved,,4.1,mg/l,True,1,,,370.1,UHL001,Actual,SW,Water,,,Lee,07100009,River/Stream,,40.4620485,-91.5670776
6,10560001,Des Moines River near Keokuk,01/03/2000 10:30:00,AMBIENT,TDS,Total dissolved solids,Dissolved,,370,mg/l,True,1,,,160.1,UHL001,Actual,SW,Water,,,Lee,07100009,River/Stream,,40.4620485,-91.5670776
6,10560001,Des Moines River near Keokuk,01/03/2000 10:30:00,AMBIENT,TSS,Total suspended solids,NonFilt,,11,mg/l,True,1,,,I3765,UHL001,Actual,SW,Water,,,Lee,07100009,River/Stream,,40.4620485,-91.5670776
6,10560001,Des Moines River near Keokuk,01/03/2000 10:30:00,AMBIENT,SPEC-COND,Specific conductance,Total,,620,uS/cm,True,1,,,2510,UHL001,Actual,SW,Water,,,Lee,07100009,River/Stream,,40.4620485,-91.5670776
6,10560001,Des Moines River near Keokuk,01/03/2000 10:30:00,AMBIENT,TURB,Turbidity,Total,,5.7,NTU,True,1,,,180.1,UHL001,Actual,SW,Water,,,Lee,07100009,River/Stream,,40.4620485,-91.5670776
6,10560001,Des Moines River near Keokuk,02/10/2000 09:25:00,AMBIENT,11003-45-5,Chlorophyll c,NonFilt,,3,ug/l,True,1,,,10200-H,UHL001,Actual,SW,Water,,,Lee,07100009,River/Stream,,40.4620485,-91.5670776
6,10560001,Des Moines River near Keokuk,02/10/2000 09:25:00,AMBIENT,479-61-8,Chlorophyll a,NonFilt,,27,ug/l,True,1,,,10200-H,UHL001,Actual,SW,Water,,,Lee,07100009,River/Stream,,40.4620485,-91.5670776
6,10560001,Des Moines River near Keokuk,02/10/2000 09:25:00,AMBIENT,519-62-0,Chlorophyll b,NonFilt,,1,ug/l,False,1,,,10200-H,UHL001,Actual,SW,Water,,,Lee,07100009,River/Stream,,40.4620485,-91.5670776
6,10560001,Des Moines River near Keokuk,02/10/2000 09:25:00,AMBIENT,CLR-A-UCP,"Chlorophyll a, uncorrected for pheophytin",NonFilt,,31,ug/l,True,1,,,10200-H,UHL001,Actual,SW,Water,,,Lee,07100009,River/Stream,,40.4620485,-91.5670776
6,10560001,Des Moines River near Keokuk,02/10/2000 09:25:00,AMBIENT,ENTERO,Enterococcus,Total,,10,MPN/100ml,False,10,,,9230-C,UHL001,Actual,SW,Water,,,Lee,07100009,River/Stream,,40.4620485,-91.5670776
6,10560001,Des Moines River near Keokuk,02/10/2000 09:25:00,AMBIENT,68583-22-2,Escherichia coli,Total,,10,MPN/100ml,False,10,,,9213-D,UHL001,Actual,SW,Water,,,Lee,07100009,River/Stream,,40.4620485,-91.5670776
6,10560001,Des Moines River near Keokuk,02/10/2000 09:25:00,AMBIENT,FEC-COL,Fecal Coliform,Total,,10,MPN/100ml,True,10,,,9222-D,UHL001,Actual,SW,Water,,,Lee,07100009,River/Stream,,40.4620485,-91.5670776
6,10560001,Des Moines River near Keokuk,02/10/2000 09:25:00,AMBIENT,HARD-CARB,"Hardness, carbonate",Total,,330,mg/l,True,1,,,Unknown,UHL001,Actual,SW,Water,,,Lee,07100009,River/Stream,,40.4620485,-91.5670776
6,10560001,Des Moines River near Keokuk,02/10/2000 09:25:00,AMBIENT,NIT-AMM,Ammonia-nitrogen (as N),Total,,0.1,mg/l,False,0.1,,,Unknown,UHL001,Actual,SW,Water,,,Lee,07100009,River/Stream,,40.4620485,-91.5670776
6,10560001,Des Moines River near Keokuk,02/10/2000 09:25:00,AMBIENT,NIT-KJELD,Kjeldahl nitrogen (AS N),Total,,0.8,mg/l,True,0.1,,,Unknown,UHL001,Actual,SW,Water,,,Lee,07100009,River/Stream,,40.4620485,-91.5670776
6,10560001,Des Moines River near Keokuk,02/10/2000 09:25:00,AMBIENT,NIT-NO3-NO2,Inorganic nitrogen (nitrate and nitrite) (as N),Total,,1.8,mg/l,True,0.1,,,Unknown,UHL001,Actual,SW,Water,,,Lee,07100009,River/Stream,,40.4620485,-91.5670776
6,10560001,Des Moines River near Keokuk,02/10/2000 09:25:00,AMBIENT,PHOSP-PHOSP,Phosphate-phosphorus (as P),Total,,0.3,mg/l,True,0.1,,,Unknown,UHL001,Actual,SW,Water,,,Lee,07100009,River/Stream,,40.4620485,-91.5670776
6,10560001,Des Moines River near Keokuk,03/06/2000 12:20:00,AMBIENT,FLOW,Flow,Total,,1430,cfs,True,,,,USGS CA8,,Actual,SW,Water,,,Lee,07100009,River/Stream,,40.4620485,-91.5670776
6,10560001,Des Moines River near Keokuk,03/06/2000 12:20:00,AMBIENT,PH,pH,Total,,9.2,None,True,,,,4500-H,,Actual,SW,Water,,,Lee,07100009,River/Stream,,40.4620485,-91.5670776
6,10560001,Des Moines River near Keokuk,03/06/2000 12:20:00,AMBIENT,TEMP-WATER,"Temperature, water",Total,,11.5,deg C,True,0,,,2550,,Actual,SW,Water,,,Lee,07100009,River/Stream,,40.4620485,-91.5670776
6,10560001,Des Moines River near Keokuk,03/06/2000 12:20:00,AMBIENT,1007-28-9,2-Choro-6-ethylamino-4-amino-s-triazine,Total,,0.1,ug/l,False,0.1,,,507,UHL001,Actual,SW,Water,,,Lee,07100009,River/Stream,,40.4620485,-91.5670776
6,10560001,Des Moines River near Keokuk,03/06/2000 12:20:00,AMBIENT,122-34-9,Simazine,Total,,0.1,ug/l,False,0.1,,,507,UHL001,Actual,SW,Water,,,Lee,07100009,River/Stream,,40.4620485,-91.5670776
6,10560001,Des Moines River near Keokuk,03/06/2000 12:20:00,AMBIENT,1582-09-8,Trifluralin,Total,,0.1,ug/l,False,0.1,,,507,UHL001,Actual,SW,Water,,,Lee,07100009,River/Stream,,40.4620485,-91.5670776
6,10560001,Des Moines River near Keokuk,03/06/2000 12:20:00,AMBIENT,15972-60-8,Alachlor,Total,,0.1,ug/l,False,0.1,,,507,UHL001,Actual,SW,Water,,,Lee,07100009,River/Stream,,40.4620485,-91.5670776
6,10560001,Des Moines River near Keokuk,03/06/2000 12:20:00,AMBIENT,1912-24-9,Atrazine,Total,,0.12,ug/l,True,0.1,,,507,UHL001,Actual,SW,Water,,,Lee,07100009,River/Stream,,40.4620485,-91.5670776
6,10560001,Des Moines River near Keokuk,03/06/2000 12:20:00,AMBIENT,2008-41-5,Butylate,Total,,0.1,ug/l,False,0.1,,,507,UHL001,Actual,SW,Water,,,Lee,07100009,River/Stream,,40.4620485,-91.5670776
6,10560001,Des Moines River near Keokuk,03/06/2000 12:20:00,AMBIENT,21087-64-9,Metribuzin,Total,,0.1,ug/l,False,0.1,,,507,UHL001,Actual,SW,Water,,,Lee,07100009,River/Stream,,40.4620485,-91.5670776
6,10560001,Des Moines River near Keokuk,03/06/2000 12:20:00,AMBIENT,21725-46-2,Cyanazine,Total,,0.1,ug/l,False,0.1,,,507,UHL001,Actual,SW,Water,,,Lee,07100009,River/Stream,,40.4620485,-91.5670776
6,10560001,Des Moines River near Keokuk,03/06/2000 12:20:00,AMBIENT,34256-82-1,Acetochlor,Total,,0.1,ug/l,False,0.1,,,507,UHL001,Actual,SW,Water,,,Lee,07100009,River/Stream,,40.4620485,-91.5670776
6,10560001,Des Moines River near Keokuk,03/06/2000 12:20:00,AMBIENT,51218-45-2,Metolachlor,Total,,0.1,ug/l,False,0.1,,,507,UHL001,Actual,SW,Water,,,Lee,07100009,River/Stream,,40.4620485,-91.5670776
6,10560001,Des Moines River near Keokuk,03/06/2000 12:20:00,AMBIENT,6190-65-4,2-Chloro-4-isopropylamino-6-amino-s-triazine,Total,,0.1,ug/l,False,0.1,,,507,UHL001,Actual,SW,Water,,,Lee,07100009,River/Stream,,40.4620485,-91.5670776
6,10560001,Des Moines River near Keokuk,03/06/2000 12:20:00,AMBIENT,603-17-8,Pheophytin a,NonFilt,,2,ug/l,True,1,,,10200H(2),UHL001,Actual,SW,Water,,,Lee,07100009,River/Stream,,40.4620485,-91.5670776
6,10560001,Des Moines River near Keokuk,03/06/2000 12:20:00,AMBIENT,14265-44-2,Orthophosphate (as P),Dissolved,,0.1,mg/l,False,0.1,,,Unknown,UHL001,Actual,SW,Water,,,Lee,07100009,River/Stream,,40.4620485,-91.5670776
6,10560001,Des Moines River near Keokuk,03/06/2000 12:20:00,AMBIENT,7631-86-9,Silica,Dissolved,,1,mg/l,False,1,,,370.1,UHL001,Actual,SW,Water,,,Lee,07100009,River/Stream,,40.4620485,-91.5670776
6,10560001,Des Moines River near Keokuk,03/06/2000 12:20:00,AMBIENT,TDS,Total dissolved solids,Dissolved,,380,mg/l,True,1,,,160.1,UHL001,Actual,SW,Water,,,Lee,07100009,River/Stream,,40.4620485,-91.5670776
6,10560001,Des Moines River near Keokuk,03/06/2000 12:20:00,AMBIENT,TSS,Total suspended solids,NonFilt,,54,mg/l,True,1,,,I3765,UHL001,Actual,SW,Water,,,Lee,07100009,River/Stream,,40.4620485,-91.5670776
6,10560001,Des Moines River near Keokuk,03/06/2000 12:20:00,AMBIENT,SPEC-COND,Specific conductance,Total,,600,uS/cm,True,1,,,2510,UHL001,Actual,SW,Water,,,Lee,07100009,River/Stream,,40.4620485,-91.5670776
6,10560001,Des Moines River near Keokuk,10/14/1999 09:50:00,AMBIENT,ENTERO,Enterococcus,Total,,10,MPN/100ml,False,10,,,9230-C,UHL001,Actual,SW,Water,,,Lee,07100009,River/Stream,,40.4620485,-91.5670776
6,10560001,Des Moines River near Keokuk,10/14/1999 09:50:00,AMBIENT,68583-22-2,Escherichia coli,Total,,20,MPN/100ml,True,10,,,9213-D,UHL001,Actual,SW,Water,,,Lee,07100009,River/Stream,,40.4620485,-91.5670776
6,10560001,Des Moines River near Keokuk,10/14/1999 09:50:00,AMBIENT,FEC-COL,Fecal Coliform,Total,,30,MPN/100ml,True,10,,,9222-D,UHL001,Actual,SW,Water,,,Lee,07100009,River/Stream,,40.4620485,-91.5670776
6,10560001,Des Moines River near Keokuk,10/14/1999 09:50:00,AMBIENT,HARD-CARB,"Hardness, carbonate",Total,,190,mg/l,True,1,,,Unknown,UHL001,Actual,SW,Water,,,Lee,07100009,River/Stream,,40.4620485,-91.5670776
6,10560001,Des Moines River near Keokuk,10/14/1999 09:50:00,AMBIENT,NIT-AMM,Ammonia-nitrogen (as N),Total,,0.1,mg/l,False,0.1,,,Unknown,UHL001,Actual,SW,Water,,,Lee,07100009,River/Stream,,40.4620485,-91.5670776
6,10560001,Des Moines River near Keokuk,10/14/1999 09:50:00,AMBIENT,NIT-KJELD,Kjeldahl nitrogen (AS N),Total,,1.2,mg/l,True,0.1,,,Unknown,UHL001,Actual,SW,Water,,,Lee,07100009,River/Stream,,40.4620485,-91.5670776
6,10560001,Des Moines River near Keokuk,10/14/1999 09:50:00,AMBIENT,NIT-NO3-NO2,Inorganic nitrogen (nitrate and nitrite) (as N),Total,,0.1,mg/l,False,0.1,,,Unknown,UHL001,Actual,SW,Water,,,Lee,07100009,River/Stream,,40.4620485,-91.5670776
6,10560001,Des Moines River near Keokuk,10/14/1999 09:50:00,AMBIENT,PHOSP-PHOSP,Phosphate-phosphorus (as P),Total,,0.1,mg/l,False,0.1,,,Unknown,UHL001,Actual,SW,Water,,,Lee,07100009,River/Stream,,40.4620485,-91.5670776
6,10560001,Des Moines River near Keokuk,10/14/1999 09:50:00,AMBIENT,7439-97-6,Mercury,Total,,0.001,mg/l,False,0.001,,,245.1,UHL001,Actual,SW,Water,,,Lee,07100009,River/Stream,,40.4620485,-91.5670776
6,10560001,Des Moines River near Keokuk,10/14/1999 09:50:00,AMBIENT,11096-82-5,Aroclor 1260,Total,,0.5,ug/l,False,0.5,,,8082(W),UHL001,Actual,SW,Water,,,Lee,07100009,River/Stream,,40.4620485,-91.5670776
6,10560001,Des Moines River near Keokuk,10/14/1999 09:50:00,AMBIENT,11097-69-1,Aroclor 1254,Total,,0.5,ug/l,False,0.5,,,8082(W),UHL001,Actual,SW,Water,,,Lee,07100009,River/Stream,,40.4620485,-91.5670776
6,10560001,Des Moines River near Keokuk,10/14/1999 09:50:00,AMBIENT,11104-28-2,Aroclor 1221,Total,,0.5,ug/l,False,0.5,,,8082(W),UHL001,Actual,SW,Water,,,Lee,07100009,River/Stream,,40.4620485,-91.5670776
6,10560001,Des Moines River near Keokuk,10/14/1999 09:50:00,AMBIENT,11141-16-5,Aroclor 1232,Total,,0.5,ug/l,False,0.5,,,8082(W),UHL001,Actual,SW,Water,,,Lee,07100009,River/Stream,,40.4620485,-91.5670776
6,10560001,Des Moines River near Keokuk,10/14/1999 09:50:00,AMBIENT,12672-29-6,Aroclor 1248,Total,,0.5,ug/l,False,0.5,,,8082(W),UHL001,Actual,SW,Water,,,Lee,07100009,River/Stream,,40.4620485,-91.5670776
6,10560001,Des Moines River near Keokuk,10/14/1999 09:50:00,AMBIENT,12674-11-2,Aroclor 1016,Total,,0.5,ug/l,False,0.5,,,8082(W),UHL001,Actual,SW,Water,,,Lee,07100009,River/Stream,,40.4620485,-91.5670776
6,10560001,Des Moines River near Keokuk,10/14/1999 09:50:00,AMBIENT,53469-21-9,Aroclor 1242,Total,,0.5,ug/l,False,0.5,,,8082(W),UHL001,Actual,SW,Water,,,Lee,07100009,River/Stream,,40.4620485,-91.5670776
6,10560001,Des Moines River near Keokuk,10/14/1999 09:50:00,AMBIENT,603-17-8,Pheophytin a,NonFilt,,13,ug/l,True,1,,,10200H(2),UHL001,Actual,SW,Water,,,Lee,07100009,River/Stream,,40.4620485,-91.5670776
6,10560001,Des Moines River near Keokuk,10/14/1999 09:50:00,AMBIENT,14265-44-2,Orthophosphate (as P),Dissolved,,0.1,mg/l,False,0.1,,,Unknown,UHL001,Actual,SW,Water,,,Lee,07100009,River/Stream,,40.4620485,-91.5670776
6,10560001,Des Moines River near Keokuk,10/14/1999 09:50:00,AMBIENT,7631-86-9,Silica,Dissolved,,1,mg/l,False,1,,,370.1,UHL001,Actual,SW,Water,,,Lee,07100009,River/Stream,,40.4620485,-91.5670776
6,10560001,Des Moines River near Keokuk,10/14/1999 09:50:00,AMBIENT,TDS,Total dissolved solids,Dissolved,,300,mg/l,True,1,,,160.1,UHL001,Actual,SW,Water,,,Lee,07100009,River/Stream,,40.4620485,-91.5670776
6,10560001,Des Moines River near Keokuk,10/14/1999 09:50:00,AMBIENT,TSS,Total suspended solids,NonFilt,,35,mg/l,True,1,,,I3765,UHL001,Actual,SW,Water,,,Lee,07100009,River/Stream,,40.4620485,-91.5670776
6,10560001,Des Moines River near Keokuk,10/14/1999 09:50:00,AMBIENT,SPEC-COND,Specific conductance,Total,,420,uS/cm,True,1,,,2510,UHL001,Actual,SW,Water,,,Lee,07100009,River/Stream,,40.4620485,-91.5670776
6,10560001,Des Moines River near Keokuk,10/14/1999 09:50:00,AMBIENT,TURB,Turbidity,Total,,22,NTU,True,1,,,180.1,UHL001,Actual,SW,Water,,,Lee,07100009,River/Stream,,40.4620485,-91.5670776
6,10560001,Des Moines River near Keokuk,04/03/2000 10:10:00,AMBIENT,7782-44-7,Dissolved oxygen (DO),Total,,12.5,mg/l,True,0.1,,,4500-O-G,,Actual,SW,Water,,,Lee,07100009,River/Stream,,40.4620485,-91.5670776
6,10560001,Des Moines River near Keokuk,04/03/2000 10:10:00,AMBIENT,FLOW,Flow,Total,,1200,cfs,True,,,,USGS CA8,,Actual,SW,Water,,,Lee,07100009,River/Stream,,40.4620485,-91.5670776
6,10560001,Des Moines River near Keokuk,04/03/2000 10:10:00,AMBIENT,PH,pH,Total,,9,None,True,,,,4500-H,,Actual,SW,Water,,,Lee,07100009,River/Stream,,40.4620485,-91.5670776
6,10560001,Des Moines River near Keokuk,04/03/2000 10:10:00,AMBIENT,TEMP-WATER,"Temperature, water",Total,,13,deg C,True,0,,,2550,,Actual,SW,Water,,,Lee,07100009,River/Stream,,40.4620485,-91.5670776
6,10560001,Des Moines River near Keokuk,04/03/2000 10:10:00,AMBIENT,1007-28-9,2-Choro-6-ethylamino-4-amino-s-triazine,Total,,0.1,ug/l,False,0.1,,,507,UHL001,Actual,SW,Water,,,Lee,07100009,River/Stream,,40.4620485,-91.5670776
6,10560001,Des Moines River near Keokuk,04/03/2000 10:10:00,AMBIENT,122-34-9,Simazine,Total,,0.1,ug/l,False,0.1,,,507,UHL001,Actual,SW,Water,,,Lee,07100009,River/Stream,,40.4620485,-91.5670776
6,10560001,Des Moines River near Keokuk,04/03/2000 10:10:00,AMBIENT,1582-09-8,Trifluralin,Total,,0.1,ug/l,False,0.1,,,507,UHL001,Actual,SW,Water,,,Lee,07100009,River/Stream,,40.4620485,-91.5670776
6,10560001,Des Moines River near Keokuk,04/03/2000 10:10:00,AMBIENT,15972-60-8,Alachlor,Total,,0.1,ug/l,False,0.1,,,507,UHL001,Actual,SW,Water,,,Lee,07100009,River/Stream,,40.4620485,-91.5670776
6,10560001,Des Moines River near Keokuk,04/03/2000 10:10:00,AMBIENT,1912-24-9,Atrazine,Total,,0.14,ug/l,True,0.1,,,507,UHL001,Actual,SW,Water,,,Lee,07100009,River/Stream,,40.4620485,-91.5670776
6,10560001,Des Moines River near Keokuk,04/03/2000 10:10:00,AMBIENT,2008-41-5,Butylate,Total,,0.1,ug/l,False,0.1,,,507,UHL001,Actual,SW,Water,,,Lee,07100009,River/Stream,,40.4620485,-91.5670776
6,10560001,Des Moines River near Keokuk,04/03/2000 10:10:00,AMBIENT,21087-64-9,Metribuzin,Total,,0.1,ug/l,False,0.1,,,507,UHL001,Actual,SW,Water,,,Lee,07100009,River/Stream,,40.4620485,-91.5670776
6,10560001,Des Moines River near Keokuk,04/03/2000 10:10:00,AMBIENT,21725-46-2,Cyanazine,Total,,0.1,ug/l,False,0.1,,,507,UHL001,Actual,SW,Water,,,Lee,07100009,River/Stream,,40.4620485,-91.5670776
6,10560001,Des Moines River near Keokuk,04/03/2000 10:10:00,AMBIENT,34256-82-1,Acetochlor,Total,,0.1,ug/l,False,0.1,,,507,UHL001,Actual,SW,Water,,,Lee,07100009,River/Stream,,40.4620485,-91.5670776
6,10560001,Des Moines River near Keokuk,04/03/2000 10:10:00,AMBIENT,51218-45-2,Metolachlor,Total,,0.1,ug/l,False,0.1,,,507,UHL001,Actual,SW,Water,,,Lee,07100009,River/Stream,,40.4620485,-91.5670776
6,10560001,Des Moines River near Keokuk,04/03/2000 10:10:00,AMBIENT,6190-65-4,2-Chloro-4-isopropylamino-6-amino-s-triazine,Total,,0.1,ug/l,False,0.1,,,507,UHL001,Actual,SW,Water,,,Lee,07100009,River/Stream,,40.4620485,-91.5670776
6,10560001,Des Moines River near Keokuk,04/03/2000 10:10:00,AMBIENT,CBOD-SC,"Carbonaceous biochemical oxygen demand, standard conditions",Total,,7,mg/l,True,1,,,UnknownBOD,UHL001,Actual,SW,Water,,,Lee,07100009,River/Stream,,40.4620485,-91.5670776
6,10560001,Des Moines River near Keokuk,04/03/2000 10:10:00,AMBIENT,11003-45-5,Chlorophyll c,NonFilt,,17,ug/l,True,1,,,10200-H,UHL001,Actual,SW,Water,,,Lee,07100009,River/Stream,,40.4620485,-91.5670776
6,10560001,Des Moines River near Keokuk,04/03/2000 10:10:00,AMBIENT,479-61-8,Chlorophyll a,NonFilt,,186,ug/l,True,1,,,10200-H,UHL001,Actual,SW,Water,,,Lee,07100009,River/Stream,,40.4620485,-91.5670776
6,10560001,Des Moines River near Keokuk,04/03/2000 10:10:00,AMBIENT,519-62-0,Chlorophyll b,NonFilt,,2,ug/l,True,1,,,10200-H,UHL001,Actual,SW,Water,,,Lee,07100009,River/Stream,,40.4620485,-91.5670776
6,10560001,Des Moines River near Keokuk,04/03/2000 10:10:00,AMBIENT,CLR-A-UCP,"Chlorophyll a, uncorrected for pheophytin",NonFilt,,204,ug/l,True,1,,,10200-H,UHL001,Actual,SW,Water,,,Lee,07100009,River/Stream,,40.4620485,-91.5670776
6,10560001,Des Moines River near Keokuk,04/03/2000 10:10:00,AMBIENT,ENTERO,Enterococcus,Total,,10,MPN/100ml,False,10,,,9230-C,UHL001,Actual,SW,Water,,,Lee,07100009,River/Stream,,40.4620485,-91.5670776
6,10560001,Des Moines River near Keokuk,04/03/2000 10:10:00,AMBIENT,68583-22-2,Escherichia coli,Total,,10,MPN/100ml,False,10,,,9213-D,UHL001,Actual,SW,Water,,,Lee,07100009,River/Stream,,40.4620485,-91.5670776
6,10560001,Des Moines River near Keokuk,04/03/2000 10:10:00,AMBIENT,FEC-COL,Fecal Coliform,Total,,10,MPN/100ml,False,10,,,9222-D,UHL001,Actual,SW,Water,,,Lee,07100009,River/Stream,,40.4620485,-91.5670776
6,10560001,Des Moines River near Keokuk,04/03/2000 10:10:00,AMBIENT,HARD-CARB,"Hardness, carbonate",Total,,240,mg/l,True,1,,,Unknown,UHL001,Actual,SW,Water,,,Lee,07100009,River/Stream,,40.4620485,-91.5670776
6,10560001,Des Moines River near Keokuk,04/03/2000 10:10:00,AMBIENT,NIT-AMM,Ammonia-nitrogen (as N),Total,,0.1,mg/l,True,0.1,,,Unknown,UHL001,Actual,SW,Water,,,Lee,07100009,River/Stream,,40.4620485,-91.5670776
6,10560001,Des Moines River near Keokuk,04/03/2000 10:10:00,AMBIENT,NIT-KJELD,Kjeldahl nitrogen (AS N),Total,,2.1,mg/l,True,0.1,,,Unknown,UHL001,Actual,SW,Water,,,Lee,07100009,River/Stream,,40.4620485,-91.5670776
6,10560001,Des Moines River near Keokuk,04/03/2000 10:10:00,AMBIENT,NIT-NO3-NO2,Inorganic nitrogen (nitrate and nitrite) (as N),Total,,0.1,mg/l,False,0.1,,,Unknown,UHL001,Actual,SW,Water,,,Lee,07100009,River/Stream,,40.4620485,-91.5670776
6,10560001,Des Moines River near Keokuk,04/03/2000 10:10:00,AMBIENT,PHOSP-PHOSP,Phosphate-phosphorus (as P),Total,,0.2,mg/l,True,0.1,,,Unknown,UHL001,Actual,SW,Water,,,Lee,07100009,River/Stream,,40.4620485,-91.5670776
6,10560001,Des Moines River near Keokuk,04/03/2000 10:10:00,AMBIENT,603-17-8,Pheophytin a,NonFilt,,18,ug/l,True,1,,,10200H(2),UHL001,Actual,SW,Water,,,Lee,07100009,River/Stream,,40.4620485,-91.5670776
6,10560001,Des Moines River near Keokuk,04/03/2000 10:10:00,AMBIENT,14265-44-2,Orthophosphate (as P),Dissolved,,0.1,mg/l,False,0.1,,,Unknown,UHL001,Actual,SW,Water,,,Lee,07100009,River/Stream,,40.4620485,-91.5670776
6,10560001,Des Moines River near Keokuk,04/03/2000 10:10:00,AMBIENT,7631-86-9,Silica,Dissolved,,1,mg/l,False,1,,,370.1,UHL001,Actual,SW,Water,,,Lee,07100009,River/Stream,,40.4620485,-91.5670776
6,10560001,Des Moines River near Keokuk,04/03/2000 10:10:00,AMBIENT,TDS,Total dissolved solids,Dissolved,,320,mg/l,True,1,,,160.1,UHL001,Actual,SW,Water,,,Lee,07100009,River/Stream,,40.4620485,-91.5670776
6,10560001,Des Moines River near Keokuk,05/23/2000 11:30:00,AMBIENT,1024-57-3,Heptachlor epoxide,Total,,0.05,ug/l,False,0.05,,,508,UHL001,Actual,SW,Water,,,Lee,07100009,River/Stream,,40.4620485,-91.5670776
6,10560001,Des Moines River near Keokuk,05/23/2000 11:30:00,AMBIENT,1031-07-8,Endosulfan sulfate,Total,,0.05,ug/l,False,0.05,,,508,UHL001,Actual,SW,Water,,,Lee,07100009,River/Stream,,40.4620485,-91.5670776
6,10560001,Des Moines River near Keokuk,05/23/2000 11:30:00,AMBIENT,309-00-2,Aldrin,Total,,0.05,ug/l,False,0.05,,,508,UHL001,Actual,SW,Water,,,Lee,07100009,River/Stream,,40.4620485,-91.5670776
6,10560001,Des Moines River near Keokuk,05/23/2000 11:30:00,AMBIENT,319-84-6,.alpha.-Hexachlorocyclohexane,Total,,0.05,ug/l,False,0.05,,,508,UHL001,Actual,SW,Water,,,Lee,07100009,River/Stream,,40.4620485,-91.5670776
6,10560001,Des Moines River near Keokuk,05/23/2000 11:30:00,AMBIENT,319-85-7,.beta.-Hexachlorocyclohexane,Total,,0.05,ug/l,False,0.05,,,508,UHL001,Actual,SW,Water,,,Lee,07100009,River/Stream,,40.4620485,-91.5670776
6,10560001,Des Moines River near Keokuk,05/23/2000 11:30:00,AMBIENT,319-86-8,.delta.-Hexachlorocyclohexane,Total,,0.05,ug/l,False,0.05,,,508,UHL001,Actual,SW,Water,,,Lee,07100009,River/Stream,,40.4620485,-91.5670776
6,10560001,Des Moines River near Keokuk,05/23/2000 11:30:00,AMBIENT,33213-65-9,.beta.-Endosulfan,Total,,0.05,ug/l,False,0.05,,,508,UHL001,Actual,SW,Water,,,Lee,07100009,River/Stream,,40.4620485,-91.5670776
6,10560001,Des Moines River near Keokuk,05/23/2000 11:30:00,AMBIENT,50-29-3,"p,p'-DDT",Total,,0.05,ug/l,False,0.05,,,508,UHL001,Actual,SW,Water,,,Lee,07100009,River/Stream,,40.4620485,-91.5670776
6,10560001,Des Moines River near Keokuk,05/23/2000 11:30:00,AMBIENT,53494-70-5,Endrin ketone,Total,,0.05,ug/l,False,0.05,,,508,UHL001,Actual,SW,Water,,,Lee,07100009,River/Stream,,40.4620485,-91.5670776
6,10560001,Des Moines River near Keokuk,05/23/2000 11:30:00,AMBIENT,57-74-9,Chlordane,Total,,0.2,ug/l,False,0.2,,,508,UHL001,Actual,SW,Water,,,Lee,07100009,River/Stream,,40.4620485,-91.5670776
6,10560001,Des Moines River near Keokuk,05/23/2000 11:30:00,AMBIENT,58-89-9,Lindane,Total,,0.05,ug/l,False,0.05,,,508,UHL001,Actual,SW,Water,,,Lee,07100009,River/Stream,,40.4620485,-91.5670776
6,10560001,Des Moines River near Keokuk,05/23/2000 11:30:00,AMBIENT,60-57-1,Dieldrin,Total,,0.05,ug/l,False,0.05,,,508,UHL001,Actual,SW,Water,,,Lee,07100009,River/Stream,,40.4620485,-91.5670776
6,10560001,Des Moines River near Keokuk,05/23/2000 11:30:00,AMBIENT,72-20-8,Endrin,Total,,0.05,ug/l,False,0.05,,,508,UHL001,Actual,SW,Water,,,Lee,07100009,River/Stream,,40.4620485,-91.5670776
6,10560001,Des Moines River near Keokuk,05/23/2000 11:30:00,AMBIENT,72-43-5,Methoxychlor,Total,,0.05,ug/l,False,0.05,,,508,UHL001,Actual,SW,Water,,,Lee,07100009,River/Stream,,40.4620485,-91.5670776
6,10560001,Des Moines River near Keokuk,05/23/2000 11:30:00,AMBIENT,72-54-8,"p,p'-DDD",Total,,0.05,ug/l,False,0.05,,,508,UHL001,Actual,SW,Water,,,Lee,07100009,River/Stream,,40.4620485,-91.5670776
6,10560001,Des Moines River near Keokuk,05/23/2000 11:30:00,AMBIENT,72-55-9,"p,p'-DDE",Total,,0.05,ug/l,False,0.05,,,508,UHL001,Actual,SW,Water,,,Lee,07100009,River/Stream,,40.4620485,-91.5670776
6,10560001,Des Moines River near Keokuk,05/23/2000 11:30:00,AMBIENT,7421-93-4,Endrin aldehyde,Total,,0.05,ug/l,False,0.05,,,508,UHL001,Actual,SW,Water,,,Lee,07100009,River/Stream,,40.4620485,-91.5670776
6,10560001,Des Moines River near Keokuk,05/23/2000 11:30:00,AMBIENT,76-44-8,Heptachlor,Total,,0.05,ug/l,False,0.05,,,508,UHL001,Actual,SW,Water,,,Lee,07100009,River/Stream,,40.4620485,-91.5670776
6,10560001,Des Moines River near Keokuk,05/23/2000 11:30:00,AMBIENT,8001-35-2,Toxaphene,Total,,1,ug/l,False,1,,,508,UHL001,Actual,SW,Water,,,Lee,07100009,River/Stream,,40.4620485,-91.5670776
6,10560001,Des Moines River near Keokuk,05/23/2000 11:30:00,AMBIENT,959-98-8,.alpha.-Endosulfan,Total,,0.05,ug/l,False,0.05,,,508,UHL001,Actual,SW,Water,,,Lee,07100009,River/Stream,,40.4620485,-91.5670776
6,10560001,Des Moines River near Keokuk,05/23/2000 11:30:00,AMBIENT,CBOD-SC,"Carbonaceous biochemical oxygen demand, standard conditions",Total,,5,mg/l,True,1,,,UnknownBOD,UHL001,Actual,SW,Water,,,Lee,07100009,River/Stream,,40.4620485,-91.5670776
6,10560001,Des Moines River near Keokuk,05/23/2000 11:30:00,AMBIENT,7439-92-1,Lead,Total,,10,ug/l,False,10,,,3113-B,UHL001,Actual,SW,Water,,,Lee,07100009,River/Stream,,40.4620485,-91.5670776
6,10560001,Des Moines River near Keokuk,05/23/2000 11:30:00,AMBIENT,7440-43-9,Cadmium,Total,,1,ug/l,False,1,,,3113-B,UHL001,Actual,SW,Water,,,Lee,07100009,River/Stream,,40.4620485,-91.5670776
6,10560001,Des Moines River near Keokuk,05/23/2000 11:30:00,AMBIENT,11003-45-5,Chlorophyll c,NonFilt,,1,ug/l,False,1,,,10200-H,UHL001,Actual,SW,Water,,,Lee,07100009,River/Stream,,40.4620485,-91.5670776
6,10560001,Des Moines River near Keokuk,05/23/2000 11:30:00,AMBIENT,479-61-8,Chlorophyll a,NonFilt,,39,ug/l,True,1,,,10200-H,UHL001,Actual,SW,Water,,,Lee,07100009,River/Stream,,40.4620485,-91.5670776
6,10560001,Des Moines River near Keokuk,05/23/2000 11:30:00,AMBIENT,519-62-0,Chlorophyll b,NonFilt,,3,ug/l,True,1,,,10200-H,UHL001,Actual,SW,Water,,,Lee,07100009,River/Stream,,40.4620485,-91.5670776
6,10560001,Des Moines River near Keokuk,05/23/2000 11:30:00,AMBIENT,CLR-A-UCP,"Chlorophyll a, uncorrected for pheophytin",NonFilt,,52,ug/l,True,1,,,10200-H,UHL001,Actual,SW,Water,,,Lee,07100009,River/Stream,,40.4620485,-91.5670776
6,10560001,Des Moines River near Keokuk,05/23/2000 11:30:00,AMBIENT,7440-47-3,Chromium,Total,,20,ug/l,False,20,,,200.7(W),UHL001,Actual,SW,Water,,,Lee,07100009,River/Stream,,40.4620485,-91.5670776
6,10560001,Des Moines River near Keokuk,05/23/2000 11:30:00,AMBIENT,7440-50-8,Copper,Total,,10,ug/l,False,10,,,200.7(W),UHL001,Actual,SW,Water,,,Lee,07100009,River/Stream,,40.4620485,-91.5670776
6,10560001,Des Moines River near Keokuk,05/23/2000 11:30:00,AMBIENT,57-12-5,Cyanide,Total,,0.01,mg/l,False,0.01,,,335.2,UHL001,Actual,SW,Water,,,Lee,07100009,River/Stream,,40.4620485,-91.5670776
6,10560001,Des Moines River near Keokuk,05/23/2000 11:30:00,AMBIENT,ENTERO,Enterococcus,Total,,10,MPN/100ml,False,10,,,9230-C,UHL001,Actual,SW,Water,,,Lee,07100009,River/Stream,,40.4620485,-91.5670776
6,10560001,Des Moines River near Keokuk,05/23/2000 11:30:00,AMBIENT,68583-22-2,Escherichia coli,Total,,10,MPN/100ml,True,10,,,9213-D,UHL001,Actual,SW,Water,,,Lee,07100009,River/Stream,,40.4620485,-91.5670776
6,10560001,Des Moines River near Keokuk,05/23/2000 11:30:00,AMBIENT,FEC-COL,Fecal Coliform,Total,,10,MPN/100ml,True,10,,,9222-D,UHL001,Actual,SW,Water,,,Lee,07100009,River/Stream,,40.4620485,-91.5670776
6,10560001,Des Moines River near Keokuk,05/23/2000 11:30:00,AMBIENT,HARD-CARB,"Hardness, carbonate",Total,,250,mg/l,True,1,,,Unknown,UHL001,Actual,SW,Water,,,Lee,07100009,River/Stream,,40.4620485,-91.5670776
6,10560001,Des Moines River near Keokuk,05/23/2000 11:30:00,AMBIENT,NIT-AMM,Ammonia-nitrogen (as N),Total,,0.1,mg/l,False,0.1,,,Unknown,UHL001,Actual,SW,Water,,,Lee,07100009,River/Stream,,40.4620485,-91.5670776
6,10560001,Des Moines River near Keokuk,05/23/2000 11:30:00,AMBIENT,NIT-KJELD,Kjeldahl nitrogen (AS N),Total,,1.3,mg/l,True,0.1,,,Unknown,UHL001,Actual,SW,Water,,,Lee,07100009,River/Stream,,40.4620485,-91.5670776
6,10560001,Des Moines River near Keokuk,05/23/2000 11:30:00,AMBIENT,NIT-NO3-NO2,Inorganic nitrogen (nitrate and nitrite) (as N),Total,,0.1,mg/l,False,0.1,,,Unknown,UHL001,Actual,SW,Water,,,Lee,07100009,River/Stream,,40.4620485,-91.5670776
6,10560001,Des Moines River near Keokuk,05/23/2000 11:30:00,AMBIENT,PHOSP-PHOSP,Phosphate-phosphorus (as P),Total,,0.2,mg/l,True,0.1,,,Unknown,UHL001,Actual,SW,Water,,,Lee,07100009,River/Stream,,40.4620485,-91.5670776
6,10560001,Des Moines River near Keokuk,05/23/2000 11:30:00,AMBIENT,7439-97-6,Mercury,Total,,5E-05,mg/l,False,0.00005,,,245.1,UHL001,Actual,SW,Water,,,Lee,07100009,River/Stream,,40.4620485,-91.5670776
6,10560001,Des Moines River near Keokuk,05/23/2000 11:30:00,AMBIENT,11096-82-5,Aroclor 1260,Total,,0.5,ug/l,False,0.5,,,8082(W),UHL001,Actual,SW,Water,,,Lee,07100009,River/Stream,,40.4620485,-91.5670776
6,10560001,Des Moines River near Keokuk,05/23/2000 11:30:00,AMBIENT,11097-69-1,Aroclor 1254,Total,,0.5,ug/l,False,0.5,,,8082(W),UHL001,Actual,SW,Water,,,Lee,07100009,River/Stream,,40.4620485,-91.5670776
6,10560001,Des Moines River near Keokuk,05/23/2000 11:30:00,AMBIENT,11104-28-2,Aroclor 1221,Total,,0.5,ug/l,False,0.5,,,8082(W),UHL001,Actual,SW,Water,,,Lee,07100009,River/Stream,,40.4620485,-91.5670776
6,10560001,Des Moines River near Keokuk,05/23/2000 11:30:00,AMBIENT,11141-16-5,Aroclor 1232,Total,,0.5,ug/l,False,0.5,,,8082(W),UHL001,Actual,SW,Water,,,Lee,07100009,River/Stream,,40.4620485,-91.5670776
6,10560001,Des Moines River near Keokuk,05/23/2000 11:30:00,AMBIENT,12672-29-6,Aroclor 1248,Total,,0.5,ug/l,False,0.5,,,8082(W),UHL001,Actual,SW,Water,,,Lee,07100009,River/Stream,,40.4620485,-91.5670776
6,10560001,Des Moines River near Keokuk,05/23/2000 11:30:00,AMBIENT,12674-11-2,Aroclor 1016,Total,,0.5,ug/l,False,0.5,,,8082(W),UHL001,Actual,SW,Water,,,Lee,07100009,River/Stream,,40.4620485,-91.5670776
6,10560001,Des Moines River near Keokuk,05/23/2000 11:30:00,AMBIENT,53469-21-9,Aroclor 1242,Total,,0.5,ug/l,False,0.5,,,8082(W),UHL001,Actual,SW,Water,,,Lee,07100009,River/Stream,,40.4620485,-91.5670776
6,10560001,Des Moines River near Keokuk,05/23/2000 11:30:00,AMBIENT,603-17-8,Pheophytin a,NonFilt,,18,ug/l,True,1,,,10200H(2),UHL001,Actual,SW,Water,,,Lee,07100009,River/Stream,,40.4620485,-91.5670776
6,10560001,Des Moines River near Keokuk,05/23/2000 11:30:00,AMBIENT,14265-44-2,Orthophosphate (as P),Dissolved,,0.1,mg/l,False,0.1,,,Unknown,UHL001,Actual,SW,Water,,,Lee,07100009,River/Stream,,40.4620485,-91.5670776
6,10560001,Des Moines River near Keokuk,05/23/2000 11:30:00,AMBIENT,7631-86-9,Silica,Dissolved,,4.2,mg/l,True,1,,,370.1,UHL001,Actual,SW,Water,,,Lee,07100009,River/Stream,,40.4620485,-91.5670776
6,10560001,Des Moines River near Keokuk,05/23/2000 11:30:00,AMBIENT,TDS,Total dissolved solids,Dissolved,,380,mg/l,True,1,,,160.1,UHL001,Actual,SW,Water,,,Lee,07100009,River/Stream,,40.4620485,-91.5670776
6,10560001,Des Moines River near Keokuk,05/23/2000 11:30:00,AMBIENT,TSS,Total suspended solids,NonFilt,,12,mg/l,True,1,,,I3765,UHL001,Actual,SW,Water,,,Lee,07100009,River/Stream,,40.4620485,-91.5670776
6,10560001,Des Moines River near Keokuk,05/23/2000 11:30:00,AMBIENT,SPEC-COND,Specific conductance,Total,,650,uS/cm,True,1,,,2510,UHL001,Actual,SW,Water,,,Lee,07100009,River/Stream,,40.4620485,-91.5670776
6,10560001,Des Moines River near Keokuk,05/23/2000 11:30:00,AMBIENT,TURB,Turbidity,Total,,12,NTU,True,1,,,180.1,UHL001,Actual,SW,Water,,,Lee,07100009,River/Stream,,40.4620485,-91.5670776
6,10560001,Des Moines River near Keokuk,06/21/2000 10:50:00,AMBIENT,7782-44-7,Dissolved oxygen (DO),Total,,7.4,mg/l,True,0.1,,,4500-O-G,,Actual,SW,Water,,,Lee,07100009,River/Stream,,40.4620485,-91.5670776
6,10560001,Des Moines River near Keokuk,06/21/2000 10:50:00,AMBIENT,FLOW,Flow,Total,,6450,cfs,True,,,,USGS CA8,,Actual,SW,Water,,,Lee,07100009,River/Stream,,40.4620485,-91.5670776
6,10560001,Des Moines River near Keokuk,06/21/2000 10:50:00,AMBIENT,PH,pH,Total,,8.4,None,True,,,,4500-H,,Actual,SW,Water,,,Lee,07100009,River/Stream,,40.4620485,-91.5670776
6,10560001,Des Moines River near Keokuk,06/21/2000 10:50:00,AMBIENT,TEMP-WATER,"Temperature, water",Total,,23.5,deg C,True,0,,,2550,,Actual,SW,Water,,,Lee,07100009,River/Stream,,40.4620485,-91.5670776
6,10560001,Des Moines River near Keokuk,06/21/2000 10:50:00,AMBIENT,1007-28-9,2-Choro-6-ethylamino-4-amino-s-triazine,Total,,0.1,ug/l,False,0.1,,,507,UHL001,Actual,SW,Water,,,Lee,07100009,River/Stream,,40.4620485,-91.5670776
6,10560001,Des Moines River near Keokuk,06/21/2000 10:50:00,AMBIENT,122-34-9,Simazine,Total,,0.1,ug/l,False,0.1,,,507,UHL001,Actual,SW,Water,,,Lee,07100009,River/Stream,,40.4620485,-91.5670776
6,10560001,Des Moines River near Keokuk,06/21/2000 10:50:00,AMBIENT,1582-09-8,Trifluralin,Total,,0.1,ug/l,False,0.1,,,507,UHL001,Actual,SW,Water,,,Lee,07100009,River/Stream,,40.4620485,-91.5670776
6,10560001,Des Moines River near Keokuk,06/21/2000 10:50:00,AMBIENT,15972-60-8,Alachlor,Total,,0.1,ug/l,False,0.1,,,507,UHL001,Actual,SW,Water,,,Lee,07100009,River/Stream,,40.4620485,-91.5670776
6,10560001,Des Moines River near Keokuk,06/21/2000 10:50:00,AMBIENT,1912-24-9,Atrazine,Total,,0.85,ug/l,True,0.1,,,507,UHL001,Actual,SW,Water,,,Lee,07100009,River/Stream,,40.4620485,-91.5670776
6,10560001,Des Moines River near Keokuk,06/21/2000 10:50:00,AMBIENT,2008-41-5,Butylate,Total,,0.1,ug/l,False,0.1,,,507,UHL001,Actual,SW,Water,,,Lee,07100009,River/Stream,,40.4620485,-91.5670776
6,10560001,Des Moines River near Keokuk,06/21/2000 10:50:00,AMBIENT,21087-64-9,Metribuzin,Total,,0.1,ug/l,False,0.1,,,507,UHL001,Actual,SW,Water,,,Lee,07100009,River/Stream,,40.4620485,-91.5670776
6,10560001,Des Moines River near Keokuk,06/21/2000 10:50:00,AMBIENT,21725-46-2,Cyanazine,Total,,0.1,ug/l,False,0.1,,,507,UHL001,Actual,SW,Water,,,Lee,07100009,River/Stream,,40.4620485,-91.5670776
6,10560001,Des Moines River near Keokuk,06/21/2000 10:50:00,AMBIENT,34256-82-1,Acetochlor,Total,,0.1,ug/l,False,0.1,,,507,UHL001,Actual,SW,Water,,,Lee,07100009,River/Stream,,40.4620485,-91.5670776
6,10560001,Des Moines River near Keokuk,06/21/2000 10:50:00,AMBIENT,51218-45-2,Metolachlor,Total,,0.16,ug/l,True,0.1,,,507,UHL001,Actual,SW,Water,,,Lee,07100009,River/Stream,,40.4620485,-91.5670776
6,10560001,Des Moines River near Keokuk,06/21/2000 10:50:00,AMBIENT,6190-65-4,2-Chloro-4-isopropylamino-6-amino-s-triazine,Total,,0.14,ug/l,True,0.1,,,507,UHL001,Actual,SW,Water,,,Lee,07100009,River/Stream,,40.4620485,-91.5670776
6,10560001,Des Moines River near Keokuk,06/21/2000 10:50:00,AMBIENT,CBOD-SC,"Carbonaceous biochemical oxygen demand, standard conditions",Total,,2,mg/l,True,1,,,UnknownBOD,UHL001,Actual,SW,Water,,,Lee,07100009,River/Stream,,40.4620485,-91.5670776
6,10560001,Des Moines River near Keokuk,07/18/2000 11:15:00,AMBIENT,7440-47-3,Chromium,Total,,20,ug/l,False,20,,,200.7(W),UHL001,Actual,SW,Water,,,Lee,07100009,River/Stream,,40.4620485,-91.5670776
6,10560001,Des Moines River near Keokuk,07/18/2000 11:15:00,AMBIENT,7440-50-8,Copper,Total,,10,ug/l,False,10,,,200.7(W),UHL001,Actual,SW,Water,,,Lee,07100009,River/Stream,,40.4620485,-91.5670776
6,10560001,Des Moines River near Keokuk,07/18/2000 11:15:00,AMBIENT,57-12-5,Cyanide,Total,,0.01,mg/l,False,0.01,,,335.2,UHL001,Actual,SW,Water,,,Lee,07100009,River/Stream,,40.4620485,-91.5670776
6,10560001,Des Moines River near Keokuk,07/18/2000 11:15:00,AMBIENT,ENTERO,Enterococcus,Total,,50,MPN/100ml,True,10,,,9230-C,UHL001,Actual,SW,Water,,,Lee,07100009,River/Stream,,40.4620485,-91.5670776
6,10560001,Des Moines River near Keokuk,07/18/2000 11:15:00,AMBIENT,68583-22-2,Escherichia coli,Total,,120,MPN/100ml,True,10,,,APHA 9222 G,UHL001,Actual,SW,Water,,,Lee,07100009,River/Stream,,40.4620485,-91.5670776
6,10560001,Des Moines River near Keokuk,07/18/2000 11:15:00,AMBIENT,FEC-COL,Fecal Coliform,Total,,130,MPN/100ml,True,10,,,9222-D,UHL001,Actual,SW,Water,,,Lee,07100009,River/Stream,,40.4620485,-91.5670776
6,10560001,Des Moines River near Keokuk,07/18/2000 11:15:00,AMBIENT,HARD-CARB,"Hardness, carbonate",Total,,200,mg/l,True,1,,,Unknown,UHL001,Actual,SW,Water,,,Lee,07100009,River/Stream,,40.4620485,-91.5670776
6,10560001,Des Moines River near Keokuk,07/18/2000 11:15:00,AMBIENT,NIT-AMM,Ammonia-nitrogen (as N),Total,,0.1,mg/l,False,0.1,,,Unknown,UHL001,Actual,SW,Water,,,Lee,07100009,River/Stream,,40.4620485,-91.5670776
6,10560001,Des Moines River near Keokuk,07/18/2000 11:15:00,AMBIENT,NIT-KJELD,Kjeldahl nitrogen (AS N),Total,,1.2,mg/l,True,0.1,,,Unknown,UHL001,Actual,SW,Water,,,Lee,07100009,River/Stream,,40.4620485,-91.5670776
6,10560001,Des Moines River near Keokuk,07/18/2000 11:15:00,AMBIENT,NIT-NO3-NO2,Inorganic nitrogen (nitrate and nitrite) (as N),Total,,5.1,mg/l,True,0.1,,,Unknown,UHL001,Actual,SW,Water,,,Lee,07100009,River/Stream,,40.4620485,-91.5670776
6,10560001,Des Moines River near Keokuk,07/18/2000 11:15:00,AMBIENT,PHOSP-PHOSP,Phosphate-phosphorus (as P),Total,,0.1,mg/l,False,0.1,,,Unknown,UHL001,Actual,SW,Water,,,Lee,07100009,River/Stream,,40.4620485,-91.5670776
6,10560001,Des Moines River near Keokuk,07/18/2000 11:15:00,AMBIENT,7439-97-6,Mercury,Total,,5E-05,mg/l,False,0.00005,,,245.1,UHL001,Actual,SW,Water,,,Lee,07100009,River/Stream,,40.4620485,-91.5670776
6,10560001,Des Moines River near Keokuk,07/18/2000 11:15:00,AMBIENT,603-17-8,Pheophytin a,NonFilt,,11,ug/l,True,1,,,10200H(2),UHL001,Actual,SW,Water,,,Lee,07100009,River/Stream,,40.4620485,-91.5670776
6,10560001,Des Moines River near Keokuk,07/18/2000 11:15:00,AMBIENT,14265-44-2,Orthophosphate (as P),Dissolved,,0.1,mg/l,False,0.1,,,Unknown,UHL001,Actual,SW,Water,,,Lee,07100009,River/Stream,,40.4620485,-91.5670776
6,10560001,Des Moines River near Keokuk,07/18/2000 11:15:00,AMBIENT,7631-86-9,Silica,Dissolved,,13,mg/l,True,1,,,370.1,UHL001,Actual,SW,Water,,,Lee,07100009,River/Stream,,40.4620485,-91.5670776
6,10560001,Des Moines River near Keokuk,07/18/2000 11:15:00,AMBIENT,TDS,Total dissolved solids,Dissolved,,290,mg/l,True,1,,,160.1,UHL001,Actual,SW,Water,,,Lee,07100009,River/Stream,,40.4620485,-91.5670776
6,10560001,Des Moines River near Keokuk,07/18/2000 11:15:00,AMBIENT,TSS,Total suspended solids,NonFilt,,87,mg/l,True,1,,,I3765,UHL001,Actual,SW,Water,,,Lee,07100009,River/Stream,,40.4620485,-91.5670776
6,10560001,Des Moines River near Keokuk,07/18/2000 11:15:00,AMBIENT,SPEC-COND,Specific conductance,Total,,440,uS/cm,True,1,,,2510,UHL001,Actual,SW,Water,,,Lee,07100009,River/Stream,,40.4620485,-91.5670776
6,10560001,Des Moines River near Keokuk,07/18/2000 11:15:00,AMBIENT,TURB,Turbidity,Total,,52,NTU,True,1,,,180.1,UHL001,Actual,SW,Water,,,Lee,07100009,River/Stream,,40.4620485,-91.5670776
6,10560001,Des Moines River near Keokuk,08/21/2000 11:40:00,AMBIENT,ENTERO,Enterococcus,Total,,10,MPN/100ml,False,10,,,9230-C,UHL001,Actual,SW,Water,,,Lee,07100009,River/Stream,,40.4620485,-91.5670776
6,10560001,Des Moines River near Keokuk,08/21/2000 11:40:00,AMBIENT,68583-22-2,Escherichia coli,Total,,30,MPN/100ml,True,10,,,APHA 9222 G,UHL001,Actual,SW,Water,,,Lee,07100009,River/Stream,,40.4620485,-91.5670776
6,10560001,Des Moines River near Keokuk,08/21/2000 11:40:00,AMBIENT,FEC-COL,Fecal Coliform,Total,,30,MPN/100ml,True,10,,,9222-D,UHL001,Actual,SW,Water,,,Lee,07100009,River/Stream,,40.4620485,-91.5670776
6,10560001,Des Moines River near Keokuk,08/21/2000 11:40:00,AMBIENT,HARD-CARB,"Hardness, carbonate",Total,,220,mg/l,True,1,,,Unknown,UHL001,Actual,SW,Water,,,Lee,07100009,River/Stream,,40.4620485,-91.5670776
6,10560001,Des Moines River near Keokuk,08/21/2000 11:40:00,AMBIENT,NIT-AMM,Ammonia-nitrogen (as N),Total,,0.1,mg/l,True,0.1,,,Unknown,UHL001,Actual,SW,Water,,,Lee,07100009,River/Stream,,40.4620485,-91.5670776
6,10560001,Des Moines River near Keokuk,08/21/2000 11:40:00,AMBIENT,NIT-KJELD,Kjeldahl nitrogen (AS N),Total,,1.4,mg/l,True,0.1,,,Unknown,UHL001,Actual,SW,Water,,,Lee,07100009,River/Stream,,40.4620485,-91.5670776
6,10560001,Des Moines River near Keokuk,08/21/2000 11:40:00,AMBIENT,NIT-NO3-NO2,Inorganic nitrogen (nitrate and nitrite) (as N),Total,,2,mg/l,True,0.1,,,Unknown,UHL001,Actual,SW,Water,,,Lee,07100009,River/Stream,,40.4620485,-91.5670776
6,10560001,Des Moines River near Keokuk,08/21/2000 11:40:00,AMBIENT,PHOSP-PHOSP,Phosphate-phosphorus (as P),Total,,0.2,mg/l,True,0.1,,,Unknown,UHL001,Actual,SW,Water,,,Lee,07100009,River/Stream,,40.4620485,-91.5670776
6,10560001,Des Moines River near Keokuk,08/21/2000 11:40:00,AMBIENT,603-17-8,Pheophytin a,NonFilt,,9,ug/l,True,1,,,10200H(2),UHL001,Actual,SW,Water,,,Lee,07100009,River/Stream,,40.4620485,-91.5670776
6,10560001,Des Moines River near Keokuk,08/21/2000 11:40:00,AMBIENT,14265-44-2,Orthophosphate (as P),Dissolved,,0.1,mg/l,False,0.1,,,Unknown,UHL001,Actual,SW,Water,,,Lee,07100009,River/Stream,,40.4620485,-91.5670776
6,10560001,Des Moines River near Keokuk,08/21/2000 11:40:00,AMBIENT,7631-86-9,Silica,Dissolved,,9.3,mg/l,True,1,,,370.1,UHL001,Actual,SW,Water,,,Lee,07100009,River/Stream,,40.4620485,-91.5670776
6,10560001,Des Moines River near Keokuk,09/14/2000 10:25:00,AMBIENT,CBOD-SC,"Carbonaceous biochemical oxygen demand, standard conditions",Total,,3,mg/l,True,1,,,UnknownBOD,UHL001,Actual,SW,Water,,,Lee,07100009,River/Stream,,40.4620485,-91.5670776
6,10560001,Des Moines River near Keokuk,09/14/2000 10:25:00,AMBIENT,11003-45-5,Chlorophyll c,NonFilt,,1,ug/l,True,1,,,10200-H,UHL001,Actual,SW,Water,,,Lee,07100009,River/Stream,,40.4620485,-91.5670776
6,10560001,Des Moines River near Keokuk,09/14/2000 10:25:00,AMBIENT,479-61-8,Chlorophyll a,NonFilt,,93,ug/l,True,1,,,10200-H,UHL001,Actual,SW,Water,,,Lee,07100009,River/Stream,,40.4620485,-91.5670776
6,10560001,Des Moines River near Keokuk,09/14/2000 10:25:00,AMBIENT,519-62-0,Chlorophyll b,NonFilt,,8,ug/l,True,1,,,10200-H,UHL001,Actual,SW,Water,,,Lee,07100009,River/Stream,,40.4620485,-91.5670776
6,10560001,Des Moines River near Keokuk,09/14/2000 10:25:00,AMBIENT,CLR-A-UCP,"Chlorophyll a, uncorrected for pheophytin",NonFilt,,102,ug/l,True,1,,,10200-H,UHL001,Actual,SW,Water,,,Lee,07100009,River/Stream,,40.4620485,-91.5670776
6,10560001,Des Moines River near Keokuk,09/14/2000 10:25:00,AMBIENT,ENTERO,Enterococcus,Total,,64,MPN/100ml,True,10,,,9230-C,UHL001,Actual,SW,Water,,,Lee,07100009,River/Stream,,40.4620485,-91.5670776
6,10560001,Des Moines River near Keokuk,09/14/2000 10:25:00,AMBIENT,68583-22-2,Escherichia coli,Total,,10,MPN/100ml,True,10,,,APHA 9222 G,UHL001,Actual,SW,Water,,,Lee,07100009,River/Stream,,40.4620485,-91.5670776
6,10560001,Des Moines River near Keokuk,09/14/2000 10:25:00,AMBIENT,FEC-COL,Fecal Coliform,Total,,30,MPN/100ml,True,10,,,9222-D,UHL001,Actual,SW,Water,,,Lee,07100009,River/Stream,,40.4620485,-91.5670776
6,10560001,Des Moines River near Keokuk,09/14/2000 10:25:00,AMBIENT,HARD-CARB,"Hardness, carbonate",Total,,200,mg/l,True,1,,,Unknown,UHL001,Actual,SW,Water,,,Lee,07100009,River/Stream,,40.4620485,-91.5670776
6,10560001,Des Moines River near Keokuk,09/14/2000 10:25:00,AMBIENT,NIT-AMM,Ammonia-nitrogen (as N),Total,,0.1,mg/l,False,0.1,,,Unknown,UHL001,Actual,SW,Water,,,Lee,07100009,River/Stream,,40.4620485,-91.5670776
6,10560001,Des Moines River near Keokuk,09/14/2000 10:25:00,AMBIENT,NIT-KJELD,Kjeldahl nitrogen (AS N),Total,,1.5,mg/l,True,0.1,,,Unknown,UHL001,Actual,SW,Water,,,Lee,07100009,River/Stream,,40.4620485,-91.5670776
6,10560001,Des Moines River near Keokuk,09/14/2000 10:25:00,AMBIENT,NIT-NO3-NO2,Inorganic nitrogen (nitrate and nitrite) (as N),Total,,0.4,mg/l,True,0.1,,,Unknown,UHL001,Actual,SW,Water,,,Lee,07100009,River/Stream,,40.4620485,-91.5670776
6,10560001,Des Moines River near Keokuk,09/14/2000 10:25:00,AMBIENT,PHOSP-PHOSP,Phosphate-phosphorus (as P),Total,,0.1,mg/l,True,0.1,,,Unknown,UHL001,Actual,SW,Water,,,Lee,07100009,River/Stream,,40.4620485,-91.5670776
6,10560001,Des Moines River near Keokuk,11/01/1999 10:30:00,AMBIENT,7782-44-7,Dissolved oxygen (DO),Total,,10.3,mg/l,True,0.1,,,4500-O-G,,Actual,SW,Water,,,Lee,07100009,River/Stream,,40.4620485,-91.5670776
6,10560001,Des Moines River near Keokuk,11/01/1999 10:30:00,AMBIENT,FLOW,Flow,Total,,440,cfs,True,,,,USGS CA8,,Actual,SW,Water,,,Lee,07100009,River/Stream,,40.4620485,-91.5670776
6,10560001,Des Moines River near Keokuk,11/01/1999 10:30:00,AMBIENT,PH,pH,Total,,8.6,None,True,,,,4500-H,,Actual,SW,Water,,,Lee,07100009,River/Stream,,40.4620485,-91.5670776
6,10560001,Des Moines River near Keokuk,11/01/1999 10:30:00,AMBIENT,TEMP-WATER,"Temperature, water",Total,,17,deg C,True,0,,,2550,,Actual,SW,Water,,,Lee,07100009,River/Stream,,40.4620485,-91.5670776
6,10560001,Des Moines River near Keokuk,11/01/1999 10:30:00,AMBIENT,FEC-COL,Fecal Coliform,Total,,20,MPN/100ml,True,10,,,9222-D,UHL001,Actual,SW,Water,,,Lee,07100009,River/Stream,,40.4620485,-91.5670776
6,10560001,Des Moines River near Keokuk,11/01/1999 10:30:00,AMBIENT,HARD-CARB,"Hardness, carbonate",Total,,200,mg/l,True,1,,,Unknown,UHL001,Actual,SW,Water,,,Lee,07100009,River/Stream,,40.4620485,-91.5670776
6,10560001,Des Moines River near Keokuk,11/01/1999 10:30:00,AMBIENT,NIT-AMM,Ammonia-nitrogen (as N),Total,,0.1,mg/l,False,0.1,,,Unknown,UHL001,Actual,SW,Water,,,Lee,07100009,River/Stream,,40.4620485,-91.5670776
6,10560001,Des Moines River near Keokuk,11/01/1999 10:30:00,AMBIENT,NIT-KJELD,Kjeldahl nitrogen (AS N),Total,,1.8,mg/l,True,0.1,,,Unknown,UHL001,Actual,SW,Water,,,Lee,07100009,River/Stream,,40.4620485,-91.5670776
6,10560001,Des Moines River near Keokuk,11/01/1999 10:30:00,AMBIENT,NIT-NO3-NO2,Inorganic nitrogen (nitrate and nitrite) (as N),Total,,0.1,mg/l,False,0.1,,,Unknown,UHL001,Actual,SW,Water,,,Lee,07100009,River/Stream,,40.4620485,-91.5670776
6,10560001,Des Moines River near Keokuk,11/01/1999 10:30:00,AMBIENT,PHOSP-PHOSP,Phosphate-phosphorus (as P),Total,,0.1,mg/l,False,0.1,,,Unknown,UHL001,Actual,SW,Water,,,Lee,07100009,River/Stream,,40.4620485,-91.5670776
6,10560001,Des Moines River near Keokuk,11/01/1999 10:30:00,AMBIENT,603-17-8,Pheophytin a,NonFilt,,17,ug/l,True,1,,,10200H(2),UHL001,Actual,SW,Water,,,Lee,07100009,River/Stream,,40.4620485,-91.5670776
6,10560001,Des Moines River near Keokuk,11/01/1999 10:30:00,AMBIENT,14265-44-2,Orthophosphate (as P),Dissolved,,0.1,mg/l,False,0.1,,,Unknown,UHL001,Actual,SW,Water,,,Lee,07100009,River/Stream,,40.4620485,-91.5670776
6,10560001,Des Moines River near Keokuk,11/01/1999 10:30:00,AMBIENT,7631-86-9,Silica,Dissolved,,1.4,mg/l,True,1,,,370.1,UHL001,Actual,SW,Water,,,Lee,07100009,River/Stream,,40.4620485,-91.5670776
6,10560001,Des Moines River near Keokuk,11/01/1999 10:30:00,AMBIENT,TDS,Total dissolved solids,Dissolved,,340,mg/l,True,1,,,160.1,UHL001,Actual,SW,Water,,,Lee,07100009,River/Stream,,40.4620485,-91.5670776
6,10560001,Des Moines River near Keokuk,11/01/1999 10:30:00,AMBIENT,TSS,Total suspended solids,NonFilt,,40,mg/l,True,1,,,I3765,UHL001,Actual,SW,Water,,,Lee,07100009,River/Stream,,40.4620485,-91.5670776
6,10560001,Des Moines River near Keokuk,11/01/1999 10:30:00,AMBIENT,SPEC-COND,Specific conductance,Total,,540,uS/cm,True,1,,,2510,UHL001,Actual,SW,Water,,,Lee,07100009,River/Stream,,40.4620485,-91.5670776
6,10560001,Des Moines River near Keokuk,05/01/2001 11:00:00,AMBIENT,16887-00-6,Chloride,Total,,18,mg/l,True,1,,,325.3,UHL001,Actual,SW,Water,,,Lee,07100009,River/Stream,,40.4620485,-91.5670776
6,10560001,Des Moines River near Keokuk,05/01/2001 11:00:00,AMBIENT,11003-45-5,Chlorophyll c,NonFilt,,3,ug/l,True,1,,,10200-H,UHL001,Actual,SW,Water,,,Lee,07100009,River/Stream,,40.4620485,-91.5670776
6,10560001,Des Moines River near Keokuk,05/01/2001 11:00:00,AMBIENT,479-61-8,Chlorophyll a,NonFilt,,43,ug/l,True,1,,,10200-H,UHL001,Actual,SW,Water,,,Lee,07100009,River/Stream,,40.4620485,-91.5670776
6,10560001,Des Moines River near Keokuk,05/01/2001 11:00:00,AMBIENT,519-62-0,Chlorophyll b,NonFilt,,1,ug/l,False,1,,,10200-H,UHL001,Actual,SW,Water,,,Lee,07100009,River/Stream,,40.4620485,-91.5670776
6,10560001,Des Moines River near Keokuk,05/01/2001 11:00:00,AMBIENT,CLR-A-UCP,"Chlorophyll a, uncorrected for pheophytin",NonFilt,,48,ug/l,True,1,,,10200-H,UHL001,Actual,SW,Water,,,Lee,07100009,River/Stream,,40.4620485,-91.5670776
6,10560001,Des Moines River near Keokuk,05/01/2001 11:00:00,AMBIENT,87674-68-8,Dimethenamid,Total,,0.05,ug/l,False,0.05,,,507,UHL001,Actual,SW,Water,,,Lee,07100009,River/Stream,,40.4620485,-91.5670776
6,10560001,Des Moines River near Keokuk,05/01/2001 11:00:00,AMBIENT,ENTERO,Enterococcus,Total,,20,MPN/100ml,True,10,,,1600,UHL001,Actual,SW,Water,,,Lee,07100009,River/Stream,,40.4620485,-91.5670776
6,10560001,Des Moines River near Keokuk,05/01/2001 11:00:00,AMBIENT,68583-22-2,Escherichia coli,Total,,10,MPN/100ml,False,10,,,APHA 9222 G,UHL001,Actual,SW,Water,,,Lee,07100009,River/Stream,,40.4620485,-91.5670776
6,10560001,Des Moines River near Keokuk,05/01/2001 11:00:00,AMBIENT,TDS,Total dissolved solids,Dissolved,,310,mg/l,True,1,,,160.1,UHL001,Actual,SW,Water,,,Lee,07100009,River/Stream,,40.4620485,-91.5670776
6,10560001,Des Moines River near Keokuk,05/01/2001 11:00:00,AMBIENT,TSS,Total suspended solids,NonFilt,,20,mg/l,True,1,,,I3765,UHL001,Actual,SW,Water,,,Lee,07100009,River/Stream,,40.4620485,-91.5670776
6,10560001,Des Moines River near Keokuk,05/01/2001 11:00:00,AMBIENT,SPEC-COND,Specific conductance,Total,,490,uS/cm,True,1,,,2510,UHL001,Actual,SW,Water,,,Lee,07100009,River/Stream,,40.4620485,-91.5670776
6,10560001,Des Moines River near Keokuk,05/01/2001 11:00:00,AMBIENT,14808-79-8,Sulfate (as SO4),Total,,43,mg/l,True,1,,,300(A),UHL001,Actual,SW,Water,,,Lee,07100009,River/Stream,,40.4620485,-91.5670776
6,10560001,Des Moines River near Keokuk,05/01/2001 11:00:00,AMBIENT,TURB,Turbidity,Total,,14,NTU,True,1,,,180.1,UHL001,Actual,SW,Water,,,Lee,07100009,River/Stream,,40.4620485,-91.5670776
6,10560001,Des Moines River near Keokuk,05/01/2001 11:00:00,AMBIENT,81777-89-1,Clomazone,Total,,0.05,ug/l,False,0.05,,,507,UHL001,Actual,SW,Water,,,Lee,07100009,River/Stream,,40.4620485,-91.5670776
6,10560001,Des Moines River near Keokuk,05/01/2001 11:00:00,AMBIENT,93-65-2,Mecoprop,Total,,200,ug/l,False,200,,,515.1,UHL001,Actual,SW,Water,,,Lee,07100009,River/Stream,,40.4620485,-91.5670776
6,10560001,Des Moines River near Keokuk,08/06/2001 10:50:00,AMBIENT,7782-44-7,Dissolved oxygen (DO),Total,,6.7,mg/l,True,0.1,,,4500-O-G,,Actual,SW,Water,,,Lee,07100009,River/Stream,,40.4620485,-91.5670776
6,10560001,Des Moines River near Keokuk,08/06/2001 10:50:00,AMBIENT,FLOW,Flow,Total,,5500,cfs,True,0,,,USGS CA8,,Actual,SW,Water,,,Lee,07100009,River/Stream,,40.4620485,-91.5670776
6,10560001,Des Moines River near Keokuk,08/06/2001 10:50:00,AMBIENT,PH,pH,Total,,7.9,None,True,,,,4500-H,,Actual,SW,Water,,,Lee,07100009,River/Stream,,40.4620485,-91.5670776
6,10560001,Des Moines River near Keokuk,08/06/2001 10:50:00,AMBIENT,TEMP-WATER,"Temperature, water",Total,,30,deg C,True,0,,,2550,,Actual,SW,Water,,,Lee,07100009,River/Stream,,40.4620485,-91.5670776
6,10560001,Des Moines River near Keokuk,08/06/2001 10:50:00,AMBIENT,1007-28-9,2-Choro-6-ethylamino-4-amino-s-triazine,Total,,0.05,ug/l,False,0.05,,,507,UHL001,Actual,SW,Water,,,Lee,07100009,River/Stream,,40.4620485,-91.5670776
6,10560001,Des Moines River near Keokuk,08/06/2001 10:50:00,AMBIENT,122-34-9,Simazine,Total,,0.05,ug/l,False,0.05,,,507,UHL001,Actual,SW,Water,,,Lee,07100009,River/Stream,,40.4620485,-91.5670776
6,10560001,Des Moines River near Keokuk,08/06/2001 10:50:00,AMBIENT,139-40-2,Propazine,Total,,0.05,ug/l,False,0.05,,,507,UHL001,Actual,SW,Water,,,Lee,07100009,River/Stream,,40.4620485,-91.5670776
6,10560001,Des Moines River near Keokuk,08/06/2001 10:50:00,AMBIENT,1582-09-8,Trifluralin,Total,,0.05,ug/l,False,0.05,,,507,UHL001,Actual,SW,Water,,,Lee,07100009,River/Stream,,40.4620485,-91.5670776
6,10560001,Des Moines River near Keokuk,08/06/2001 10:50:00,AMBIENT,15972-60-8,Alachlor,Total,,0.05,ug/l,False,0.05,,,507,UHL001,Actual,SW,Water,,,Lee,07100009,River/Stream,,40.4620485,-91.5670776
6,10560001,Des Moines River near Keokuk,08/06/2001 10:50:00,AMBIENT,1610-18-0,Prometon,Total,,0.05,ug/l,False,0.05,,,507,UHL001,Actual,SW,Water,,,Lee,07100009,River/Stream,,40.4620485,-91.5670776
6,10560001,Des Moines River near Keokuk,08/06/2001 10:50:00,AMBIENT,1912-24-9,Atrazine,Total,,0.69,ug/l,True,0.05,,,507,UHL001,Actual,SW,Water,,,Lee,07100009,River/Stream,,40.4620485,-91.5670776
6,10560001,Des Moines River near Keokuk,08/06/2001 10:50:00,AMBIENT,1918-16-7,Propachlor,Total,,0.05,ug/l,False,0.05,,,507,UHL001,Actual,SW,Water,,,Lee,07100009,River/Stream,,40.4620485,-91.5670776
6,10560001,Des Moines River near Keokuk,08/06/2001 10:50:00,AMBIENT,2008-41-5,Butylate,Total,,0.05,ug/l,False,0.05,,,507,UHL001,Actual,SW,Water,,,Lee,07100009,River/Stream,,40.4620485,-91.5670776
6,10560001,Des Moines River near Keokuk,08/06/2001 10:50:00,AMBIENT,21087-64-9,Metribuzin,Total,,0.05,ug/l,False,0.05,,,507,UHL001,Actual,SW,Water,,,Lee,07100009,River/Stream,,40.4620485,-91.5670776
6,10560001,Des Moines River near Keokuk,08/06/2001 10:50:00,AMBIENT,21725-46-2,Cyanazine,Total,,0.05,ug/l,False,0.05,,,507,UHL001,Actual,SW,Water,,,Lee,07100009,River/Stream,,40.4620485,-91.5670776
6,10560001,Des Moines River near Keokuk,08/06/2001 10:50:00,AMBIENT,34256-82-1,Acetochlor,Total,,0.063,ug/l,True,0.05,,,507,UHL001,Actual,SW,Water,,,Lee,07100009,River/Stream,,40.4620485,-91.5670776
6,10560001,Des Moines River near Keokuk,08/06/2001 10:50:00,AMBIENT,51218-45-2,Metolachlor,Total,,0.18,ug/l,True,0.05,,,507,UHL001,Actual,SW,Water,,,Lee,07100009,River/Stream,,40.4620485,-91.5670776
6,10560001,Des Moines River near Keokuk,08/06/2001 10:50:00,AMBIENT,6190-65-4,2-Chloro-4-isopropylamino-6-amino-s-triazine,Total,,0.16,ug/l,True,0.05,,,507,UHL001,Actual,SW,Water,,,Lee,07100009,River/Stream,,40.4620485,-91.5670776
6,10560001,Des Moines River near Keokuk,08/06/2001 10:50:00,AMBIENT,759-94-4,S-Ethyl dipropylthiocarbamate,Total,,0.05,ug/l,False,0.05,,,507,UHL001,Actual,SW,Water,,,Lee,07100009,River/Stream,,40.4620485,-91.5670776
6,10560001,Des Moines River near Keokuk,08/06/2001 10:50:00,AMBIENT,834-12-8,Ametryn,Total,,0.05,ug/l,False,0.05,,,507,UHL001,Actual,SW,Water,,,Lee,07100009,River/Stream,,40.4620485,-91.5670776
6,10560001,Des Moines River near Keokuk,08/06/2001 10:50:00,AMBIENT,CBOD-SC,"Carbonaceous biochemical oxygen demand, standard conditions",Total,,2,mg/l,False,2,,,UnknownBOD,UHL001,Actual,SW,Water,,,Lee,07100009,River/Stream,,40.4620485,-91.5670776
6,10560001,Des Moines River near Keokuk,08/06/2001 10:50:00,AMBIENT,16887-00-6,Chloride,Total,,19,mg/l,True,1,,,325.3,UHL001,Actual,SW,Water,,,Lee,07100009,River/Stream,,40.4620485,-91.5670776
6,10560001,Des Moines River near Keokuk,08/06/2001 10:50:00,AMBIENT,11003-45-5,Chlorophyll c,NonFilt,,1,ug/l,False,1,,,10200-H,UHL001,Actual,SW,Water,,,Lee,07100009,River/Stream,,40.4620485,-91.5670776
6,10560001,Des Moines River near Keokuk,08/06/2001 10:50:00,AMBIENT,479-61-8,Chlorophyll a,NonFilt,,15,ug/l,True,1,,,10200-H,UHL001,Actual,SW,Water,,,Lee,07100009,River/Stream,,40.4620485,-91.5670776
6,10560001,Des Moines River near Keokuk,08/06/2001 10:50:00,AMBIENT,519-62-0,Chlorophyll b,NonFilt,,1,ug/l,False,1,,,10200-H,UHL001,Actual,SW,Water,,,Lee,07100009,River/Stream,,40.4620485,-91.5670776
6,10560001,Des Moines River near Keokuk,08/06/2001 10:50:00,AMBIENT,CLR-A-UCP,"Chlorophyll a, uncorrected for pheophytin",NonFilt,,15,ug/l,True,1,,,10200-H,UHL001,Actual,SW,Water,,,Lee,07100009,River/Stream,,40.4620485,-91.5670776
6,10560001,Des Moines River near Keokuk,08/06/2001 10:50:00,AMBIENT,87674-68-8,Dimethenamid,Total,,0.05,ug/l,False,0.05,,,507,UHL001,Actual,SW,Water,,,Lee,07100009,River/Stream,,40.4620485,-91.5670776
6,10560001,Des Moines River near Keokuk,08/06/2001 10:50:00,AMBIENT,ENTERO,Enterococcus,Total,,390,MPN/100ml,True,10,,,1600,UHL001,Actual,SW,Water,,,Lee,07100009,River/Stream,,40.4620485,-91.5670776
6,10560001,Des Moines River near Keokuk,08/06/2001 10:50:00,AMBIENT,68583-22-2,Escherichia coli,Total,,1200,MPN/100ml,True,10,,,APHA 9222 G,UHL001,Actual,SW,Water,,,Lee,07100009,River/Stream,,40.4620485,-91.5670776
6,10560001,Des Moines River near Keokuk,09/05/2001 09:15:00,AMBIENT,TEMP-WATER,"Temperature, water",Total,,24,deg C,True,0,,,2550,,Actual,SW,Water,,,Lee,07100009,River/Stream,,40.4620485,-91.5670776
6,10560001,Des Moines River near Keokuk,09/05/2001 09:15:00,AMBIENT,1007-28-9,2-Choro-6-ethylamino-4-amino-s-triazine,Total,,0.05,ug/l,False,0.05,,,507,UHL001,Actual,SW,Water,,,Lee,07100009,River/Stream,,40.4620485,-91.5670776
6,10560001,Des Moines River near Keokuk,09/05/2001 09:15:00,AMBIENT,122-34-9,Simazine,Total,,0.05,ug/l,False,0.05,,,507,UHL001,Actual,SW,Water,,,Lee,07100009,River/Stream,,40.4620485,-91.5670776
6,10560001,Des Moines River near Keokuk,09/05/2001 09:15:00,AMBIENT,139-40-2,Propazine,Total,,0.05,ug/l,False,0.05,,,507,UHL001,Actual,SW,Water,,,Lee,07100009,River/Stream,,40.4620485,-91.5670776
6,10560001,Des Moines River near Keokuk,09/05/2001 09:15:00,AMBIENT,1582-09-8,Trifluralin,Total,,0.05,ug/l,False,0.05,,,507,UHL001,Actual,SW,Water,,,Lee,07100009,River/Stream,,40.4620485,-91.5670776
6,10560001,Des Moines River near Keokuk,09/05/2001 09:15:00,AMBIENT,15972-60-8,Alachlor,Total,,0.05,ug/l,False,0.05,,,507,UHL001,Actual,SW,Water,,,Lee,07100009,River/Stream,,40.4620485,-91.5670776
6,10560001,Des Moines River near Keokuk,09/05/2001 09:15:00,AMBIENT,1610-18-0,Prometon,Total,,0.05,ug/l,False,0.05,,,507,UHL001,Actual,SW,Water,,,Lee,07100009,River/Stream,,40.4620485,-91.5670776
6,10560001,Des Moines River near Keokuk,09/05/2001 09:15:00,AMBIENT,1912-24-9,Atrazine,Total,,0.5,ug/l,True,0.05,,,507,UHL001,Actual,SW,Water,,,Lee,07100009,River/Stream,,40.4620485,-91.5670776
6,10560001,Des Moines River near Keokuk,09/05/2001 09:15:00,AMBIENT,1918-16-7,Propachlor,Total,,0.05,ug/l,False,0.05,,,507,UHL001,Actual,SW,Water,,,Lee,07100009,River/Stream,,40.4620485,-91.5670776
6,10560001,Des Moines River near Keokuk,09/05/2001 09:15:00,AMBIENT,2008-41-5,Butylate,Total,,0.05,ug/l,False,0.05,,,507,UHL001,Actual,SW,Water,,,Lee,07100009,River/Stream,,40.4620485,-91.5670776
6,10560001,Des Moines River near Keokuk,09/05/2001 09:15:00,AMBIENT,21087-64-9,Metribuzin,Total,,0.05,ug/l,False,0.05,,,507,UHL001,Actual,SW,Water,,,Lee,07100009,River/Stream,,40.4620485,-91.5670776
6,10560001,Des Moines River near Keokuk,09/05/2001 09:15:00,AMBIENT,21725-46-2,Cyanazine,Total,,0.05,ug/l,False,0.05,,,507,UHL001,Actual,SW,Water,,,Lee,07100009,River/Stream,,40.4620485,-91.5670776
6,10560001,Des Moines River near Keokuk,09/05/2001 09:15:00,AMBIENT,34256-82-1,Acetochlor,Total,,0.05,ug/l,False,0.05,,,507,UHL001,Actual,SW,Water,,,Lee,07100009,River/Stream,,40.4620485,-91.5670776
6,10560001,Des Moines River near Keokuk,09/05/2001 09:15:00,AMBIENT,51218-45-2,Metolachlor,Total,,0.075,ug/l,True,0.05,,,507,UHL001,Actual,SW,Water,,,Lee,07100009,River/Stream,,40.4620485,-91.5670776
6,10560001,Des Moines River near Keokuk,09/05/2001 09:15:00,AMBIENT,6190-65-4,2-Chloro-4-isopropylamino-6-amino-s-triazine,Total,,0.12,ug/l,True,0.05,,,507,UHL001,Actual,SW,Water,,,Lee,07100009,River/Stream,,40.4620485,-91.5670776
6,10560001,Des Moines River near Keokuk,09/05/2001 09:15:00,AMBIENT,759-94-4,S-Ethyl dipropylthiocarbamate,Total,,0.05,ug/l,False,0.05,,,507,UHL001,Actual,SW,Water,,,Lee,07100009,River/Stream,,40.4620485,-91.5670776
6,10560001,Des Moines River near Keokuk,09/05/2001 09:15:00,AMBIENT,834-12-8,Ametryn,Total,,0.05,ug/l,False,0.05,,,507,UHL001,Actual,SW,Water,,,Lee,07100009,River/Stream,,40.4620485,-91.5670776
6,10560001,Des Moines River near Keokuk,09/05/2001 09:15:00,AMBIENT,CBOD-SC,"Carbonaceous biochemical oxygen demand, standard conditions",Total,,7,mg/l,True,2,,,UnknownBOD,UHL001,Actual,SW,Water,,,Lee,07100009,River/Stream,,40.4620485,-91.5670776
6,10560001,Des Moines River near Keokuk,09/05/2001 09:15:00,AMBIENT,16887-00-6,Chloride,Total,,29,mg/l,True,1,,,325.3,UHL001,Actual,SW,Water,,,Lee,07100009,River/Stream,,40.4620485,-91.5670776
6,10560001,Des Moines River near Keokuk,09/05/2001 09:15:00,AMBIENT,11003-45-5,Chlorophyll c,NonFilt,,7,ug/l,True,1,,,10200-H,UHL001,Actual,SW,Water,,,Lee,07100009,River/Stream,,40.4620485,-91.5670776
6,10560001,Des Moines River near Keokuk,09/05/2001 09:15:00,AMBIENT,479-61-8,Chlorophyll a,NonFilt,,115,ug/l,True,1,,,10200-H,UHL001,Actual,SW,Water,,,Lee,07100009,River/Stream,,40.4620485,-91.5670776
6,10560001,Des Moines River near Keokuk,09/05/2001 09:15:00,AMBIENT,519-62-0,Chlorophyll b,NonFilt,,6,ug/l,True,1,,,10200-H,UHL001,Actual,SW,Water,,,Lee,07100009,River/Stream,,40.4620485,-91.5670776
6,10560001,Des Moines River near Keokuk,09/05/2001 09:15:00,AMBIENT,CLR-A-UCP,"Chlorophyll a, uncorrected for pheophytin",NonFilt,,131,ug/l,True,1,,,10200-H,UHL001,Actual,SW,Water,,,Lee,07100009,River/Stream,,40.4620485,-91.5670776
6,10560001,Des Moines River near Keokuk,09/05/2001 09:15:00,AMBIENT,87674-68-8,Dimethenamid,Total,,0.05,ug/l,False,0.05,,,507,UHL001,Actual,SW,Water,,,Lee,07100009,River/Stream,,40.4620485,-91.5670776
6,10560001,Des Moines River near Keokuk,09/05/2001 09:15:00,AMBIENT,ENTERO,Enterococcus,Total,,10,MPN/100ml,True,10,,,1600,UHL001,Actual,SW,Water,,,Lee,07100009,River/Stream,,40.4620485,-91.5670776
6,10560001,Des Moines River near Keokuk,09/05/2001 09:15:00,AMBIENT,68583-22-2,Escherichia coli,Total,,10,MPN/100ml,False,10,,,APHA 9222 G,UHL001,Actual,SW,Water,,,Lee,07100009,River/Stream,,40.4620485,-91.5670776
6,10560001,Des Moines River near Keokuk,09/05/2001 09:15:00,AMBIENT,FEC-COL,Fecal Coliform,Total,,10,MPN/100ml,False,10,,,9222-D,UHL001,Actual,SW,Water,,,Lee,07100009,River/Stream,,40.4620485,-91.5670776
6,10560001,Des Moines River near Keokuk,09/05/2001 09:15:00,AMBIENT,HARD-CARB,"Hardness, carbonate",Total,,200,mg/l,True,1,,,Unknown,UHL001,Actual,SW,Water,,,Lee,07100009,River/Stream,,40.4620485,-91.5670776
6,10560001,Des Moines River near Keokuk,09/05/2001 09:15:00,AMBIENT,NIT-AMM,Ammonia-nitrogen (as N),Total,,0.04,mg/l,True,0.01,,,Unknown,UHL001,Actual,SW,Water,,,Lee,07100009,River/Stream,,40.4620485,-91.5670776
6,10560001,Des Moines River near Keokuk,09/05/2001 09:15:00,AMBIENT,NIT-KJELD,Kjeldahl nitrogen (AS N),Total,,1.7,mg/l,True,0.05,,,Unknown,UHL001,Actual,SW,Water,,,Lee,07100009,River/Stream,,40.4620485,-91.5670776
6,10560001,Des Moines River near Keokuk,09/05/2001 09:15:00,AMBIENT,NIT-NO3-NO2,Inorganic nitrogen (nitrate and nitrite) (as N),Total,,1.7,mg/l,True,0.1,,,Unknown,UHL001,Actual,SW,Water,,,Lee,07100009,River/Stream,,40.4620485,-91.5670776
6,10560001,Des Moines River near Keokuk,09/05/2001 09:15:00,AMBIENT,PHOSP-PHOSP,Phosphate-phosphorus (as P),Total,,0.05,mg/l,False,0.05,,,Unknown,UHL001,Actual,SW,Water,,,Lee,07100009,River/Stream,,40.4620485,-91.5670776
6,10560001,Des Moines River near Keokuk,09/05/2001 09:15:00,AMBIENT,603-17-8,Pheophytin a,NonFilt,,19,ug/l,True,1,,,10200H(2),UHL001,Actual,SW,Water,,,Lee,07100009,River/Stream,,40.4620485,-91.5670776
6,10560001,Des Moines River near Keokuk,09/05/2001 09:15:00,AMBIENT,14265-44-2,Orthophosphate (as P),Dissolved,,0.05,mg/l,False,0.05,,,Unknown,UHL001,Actual,SW,Water,,,Lee,07100009,River/Stream,,40.4620485,-91.5670776
6,10560001,Des Moines River near Keokuk,09/05/2001 09:15:00,AMBIENT,7631-86-9,Silica,Dissolved,,4.8,mg/l,True,1,,,370.1,UHL001,Actual,SW,Water,,,Lee,07100009,River/Stream,,40.4620485,-91.5670776
6,10560001,Des Moines River near Keokuk,09/05/2001 09:15:00,AMBIENT,TDS,Total dissolved solids,Dissolved,,270,mg/l,True,1,,,160.1,UHL001,Actual,SW,Water,,,Lee,07100009,River/Stream,,40.4620485,-91.5670776
6,10560001,Des Moines River near Keokuk,10/03/2000 12:50:00,AMBIENT,7782-44-7,Dissolved oxygen (DO),Total,,9.9,mg/l,True,0.1,,,4500-O-G,,Actual,SW,Water,,,Lee,07100009,River/Stream,,40.4620485,-91.5670776
6,10560001,Des Moines River near Keokuk,10/03/2000 12:50:00,AMBIENT,FLOW,Flow,Total,,840,cfs,True,0,,,USGS CA8,,Actual,SW,Water,,,Lee,07100009,River/Stream,,40.4620485,-91.5670776
6,10560001,Des Moines River near Keokuk,10/03/2000 12:50:00,AMBIENT,PH,pH,Total,,8.1,None,True,,,,4500-H,,Actual,SW,Water,,,Lee,07100009,River/Stream,,40.4620485,-91.5670776
6,10560001,Des Moines River near Keokuk,10/03/2000 12:50:00,AMBIENT,TEMP-WATER,"Temperature, water",Total,,20.5,deg C,True,0,,,2550,,Actual,SW,Water,,,Lee,07100009,River/Stream,,40.4620485,-91.5670776
6,10560001,Des Moines River near Keokuk,10/03/2000 12:50:00,AMBIENT,1007-28-9,2-Choro-6-ethylamino-4-amino-s-triazine,Total,,0.05,ug/l,False,0.05,,,507,UHL001,Actual,SW,Water,,,Lee,07100009,River/Stream,,40.4620485,-91.5670776
6,10560001,Des Moines River near Keokuk,10/03/2000 12:50:00,AMBIENT,122-34-9,Simazine,Total,,0.05,ug/l,False,0.05,,,507,UHL001,Actual,SW,Water,,,Lee,07100009,River/Stream,,40.4620485,-91.5670776
6,10560001,Des Moines River near Keokuk,10/03/2000 12:50:00,AMBIENT,139-40-2,Propazine,Total,,0.05,ug/l,False,0.05,,,507,UHL001,Actual,SW,Water,,,Lee,07100009,River/Stream,,40.4620485,-91.5670776
6,10560001,Des Moines River near Keokuk,10/03/2000 12:50:00,AMBIENT,1582-09-8,Trifluralin,Total,,0.05,ug/l,False,0.05,,,507,UHL001,Actual,SW,Water,,,Lee,07100009,River/Stream,,40.4620485,-91.5670776
6,10560001,Des Moines River near Keokuk,10/03/2000 12:50:00,AMBIENT,15972-60-8,Alachlor,Total,,0.05,ug/l,False,0.05,,,507,UHL001,Actual,SW,Water,,,Lee,07100009,River/Stream,,40.4620485,-91.5670776
6,10560001,Des Moines River near Keokuk,10/03/2000 12:50:00,AMBIENT,1610-18-0,Prometon,Total,,0.05,ug/l,False,0.05,,,507,UHL001,Actual,SW,Water,,,Lee,07100009,River/Stream,,40.4620485,-91.5670776
6,10560001,Des Moines River near Keokuk,10/03/2000 12:50:00,AMBIENT,1912-24-9,Atrazine,Total,,0.15,ug/l,True,0.05,,,507,UHL001,Actual,SW,Water,,,Lee,07100009,River/Stream,,40.4620485,-91.5670776
6,10560001,Des Moines River near Keokuk,10/03/2000 12:50:00,AMBIENT,1918-16-7,Propachlor,Total,,0.05,ug/l,False,0.05,,,507,UHL001,Actual,SW,Water,,,Lee,07100009,River/Stream,,40.4620485,-91.5670776
6,10560001,Des Moines River near Keokuk,10/03/2000 12:50:00,AMBIENT,2008-41-5,Butylate,Total,,0.05,ug/l,False,0.05,,,507,UHL001,Actual,SW,Water,,,Lee,07100009,River/Stream,,40.4620485,-91.5670776
6,10560001,Des Moines River near Keokuk,10/03/2000 12:50:00,AMBIENT,21087-64-9,Metribuzin,Total,,0.05,ug/l,False,0.05,,,507,UHL001,Actual,SW,Water,,,Lee,07100009,River/Stream,,40.4620485,-91.5670776
6,10560001,Des Moines River near Keokuk,10/03/2000 12:50:00,AMBIENT,21725-46-2,Cyanazine,Total,,0.05,ug/l,False,0.05,,,507,UHL001,Actual,SW,Water,,,Lee,07100009,River/Stream,,40.4620485,-91.5670776
6,10560001,Des Moines River near Keokuk,10/03/2000 12:50:00,AMBIENT,34256-82-1,Acetochlor,Total,,0.05,ug/l,False,0.05,,,507,UHL001,Actual,SW,Water,,,Lee,07100009,River/Stream,,40.4620485,-91.5670776
6,10560001,Des Moines River near Keokuk,10/03/2000 12:50:00,AMBIENT,51218-45-2,Metolachlor,Total,,0.05,ug/l,False,0.05,,,507,UHL001,Actual,SW,Water,,,Lee,07100009,River/Stream,,40.4620485,-91.5670776
6,10560001,Des Moines River near Keokuk,10/03/2000 12:50:00,AMBIENT,6190-65-4,2-Chloro-4-isopropylamino-6-amino-s-triazine,Total,,0.05,ug/l,True,0.05,,,507,UHL001,Actual,SW,Water,,,Lee,07100009,River/Stream,,40.4620485,-91.5670776
6,10560001,Des Moines River near Keokuk,10/03/2000 12:50:00,AMBIENT,759-94-4,S-Ethyl dipropylthiocarbamate,Total,,0.05,ug/l,False,0.05,,,507,UHL001,Actual,SW,Water,,,Lee,07100009,River/Stream,,40.4620485,-91.5670776
6,10560001,Des Moines River near Keokuk,10/03/2000 12:50:00,AMBIENT,834-12-8,Ametryn,Total,,0.05,ug/l,False,0.05,,,507,UHL001,Actual,SW,Water,,,Lee,07100009,River/Stream,,40.4620485,-91.5670776
6,10560001,Des Moines River near Keokuk,10/03/2000 12:50:00,AMBIENT,CBOD-SC,"Carbonaceous biochemical oxygen demand, standard conditions",Total,,6,mg/l,True,1,,,UnknownBOD,UHL001,Actual,SW,Water,,,Lee,07100009,River/Stream,,40.4620485,-91.5670776
6,10560001,Des Moines River near Keokuk,10/03/2000 12:50:00,AMBIENT,11003-45-5,Chlorophyll c,NonFilt,,4,ug/l,True,1,,,10200-H,UHL001,Actual,SW,Water,,,Lee,07100009,River/Stream,,40.4620485,-91.5670776
6,10560001,Des Moines River near Keokuk,10/03/2000 12:50:00,AMBIENT,479-61-8,Chlorophyll a,NonFilt,,97,ug/l,True,1,,,10200-H,UHL001,Actual,SW,Water,,,Lee,07100009,River/Stream,,40.4620485,-91.5670776
6,10560001,Des Moines River near Keokuk,10/03/2000 12:50:00,AMBIENT,519-62-0,Chlorophyll b,NonFilt,,9,ug/l,True,1,,,10200-H,UHL001,Actual,SW,Water,,,Lee,07100009,River/Stream,,40.4620485,-91.5670776
6,10560001,Des Moines River near Keokuk,10/03/2000 12:50:00,AMBIENT,CLR-A-UCP,"Chlorophyll a, uncorrected for pheophytin",NonFilt,,110,ug/l,True,1,,,10200-H,UHL001,Actual,SW,Water,,,Lee,07100009,River/Stream,,40.4620485,-91.5670776
6,10560001,Des Moines River near Keokuk,10/03/2000 12:50:00,AMBIENT,87674-68-8,Dimethenamid,Total,,0.05,ug/l,False,0.05,,,507,UHL001,Actual,SW,Water,,,Lee,07100009,River/Stream,,40.4620485,-91.5670776
6,10560001,Des Moines River near Keokuk,06/11/2001 10:15:00,AMBIENT,7782-44-7,Dissolved oxygen (DO),Total,,8.8,mg/l,True,0.1,,,4500-O-G,,Actual,SW,Water,,,Lee,07100009,River/Stream,,40.4620485,-91.5670776
6,10560001,Des Moines River near Keokuk,06/11/2001 10:15:00,AMBIENT,FLOW,Flow,Total,,23000,cfs,True,0,,,USGS CA8,,Actual,SW,Water,,,Lee,07100009,River/Stream,,40.4620485,-91.5670776
6,10560001,Des Moines River near Keokuk,06/11/2001 10:15:00,AMBIENT,PH,pH,Total,,7.9,None,True,,,,4500-H,,Actual,SW,Water,,,Lee,07100009,River/Stream,,40.4620485,-91.5670776
6,10560001,Des Moines River near Keokuk,06/11/2001 10:15:00,AMBIENT,TEMP-WATER,"Temperature, water",Total,,22,deg C,True,0,,,2550,,Actual,SW,Water,,,Lee,07100009,River/Stream,,40.4620485,-91.5670776
6,10560001,Des Moines River near Keokuk,06/11/2001 10:15:00,AMBIENT,87674-68-8,Dimethenamid,Total,,0.19,ug/l,True,0.05,,,507,UHL001,Actual,SW,Water,,,Lee,07100009,River/Stream,,40.4620485,-91.5670776
6,10560001,Des Moines River near Keokuk,06/11/2001 10:15:00,AMBIENT,ENTERO,Enterococcus,Total,,110,MPN/100ml,True,10,,,9230-C,UHL001,Actual,SW,Water,,,Lee,07100009,River/Stream,,40.4620485,-91.5670776
6,10560001,Des Moines River near Keokuk,06/11/2001 10:15:00,AMBIENT,68583-22-2,Escherichia coli,Total,,150,MPN/100ml,True,10,,,APHA 9222 G,UHL001,Actual,SW,Water,,,Lee,07100009,River/Stream,,40.4620485,-91.5670776
6,10560001,Des Moines River near Keokuk,06/11/2001 10:15:00,AMBIENT,FEC-COL,Fecal Coliform,Total,,160,MPN/100ml,True,10,,,9222-D,UHL001,Actual,SW,Water,,,Lee,07100009,River/Stream,,40.4620485,-91.5670776
6,10560001,Des Moines River near Keokuk,06/11/2001 10:15:00,AMBIENT,1071-83-6,Glyphosate,Total,,10,ug/l,False,10,,,547,UHL001,Actual,SW,Water,,,Lee,07100009,River/Stream,,40.4620485,-91.5670776
6,10560001,Des Moines River near Keokuk,06/11/2001 10:15:00,AMBIENT,HARD-CARB,"Hardness, carbonate",Total,,260,mg/l,True,1,,,Unknown,UHL001,Actual,SW,Water,,,Lee,07100009,River/Stream,,40.4620485,-91.5670776
6,10560001,Des Moines River near Keokuk,06/11/2001 10:15:00,AMBIENT,NIT-AMM,Ammonia-nitrogen (as N),Total,,0.1,mg/l,False,0.1,,,Unknown,UHL001,Actual,SW,Water,,,Lee,07100009,River/Stream,,40.4620485,-91.5670776
6,10560001,Des Moines River near Keokuk,06/11/2001 10:15:00,AMBIENT,NIT-KJELD,Kjeldahl nitrogen (AS N),Total,,0.8,mg/l,True,0.1,,,Unknown,UHL001,Actual,SW,Water,,,Lee,07100009,River/Stream,,40.4620485,-91.5670776
6,10560001,Des Moines River near Keokuk,06/11/2001 10:15:00,AMBIENT,NIT-NO3-NO2,Inorganic nitrogen (nitrate and nitrite) (as N),Total,,9.6,mg/l,True,0.1,,,Unknown,UHL001,Actual,SW,Water,,,Lee,07100009,River/Stream,,40.4620485,-91.5670776
6,10560001,Des Moines River near Keokuk,06/11/2001 10:15:00,AMBIENT,PHOSP-PHOSP,Phosphate-phosphorus (as P),Total,,0.3,mg/l,True,0.1,,,Unknown,UHL001,Actual,SW,Water,,,Lee,07100009,River/Stream,,40.4620485,-91.5670776
6,10560001,Des Moines River near Keokuk,06/11/2001 10:15:00,AMBIENT,SPEC-COND,Specific conductance,Total,,520,uS/cm,True,1,,,2510,UHL001,Actual,SW,Water,,,Lee,07100009,River/Stream,,40.4620485,-91.5670776
6,10560001,Des Moines River near Keokuk,06/11/2001 10:15:00,AMBIENT,14808-79-8,Sulfate (as SO4),Total,,43,mg/l,True,1,,,300(A),UHL001,Actual,SW,Water,,,Lee,07100009,River/Stream,,40.4620485,-91.5670776
6,10560001,Des Moines River near Keokuk,06/11/2001 10:15:00,AMBIENT,TURB,Turbidity,Total,,41,NTU,True,1,,,180.1,UHL001,Actual,SW,Water,,,Lee,07100009,River/Stream,,40.4620485,-91.5670776
6,10560001,Des Moines River near Keokuk,06/11/2001 10:15:00,AMBIENT,81777-89-1,Clomazone,Total,,1,ug/l,False,1,,,507,UHL001,Actual,SW,Water,,,Lee,07100009,River/Stream,,40.4620485,-91.5670776
6,10560001,Des Moines River near Keokuk,06/11/2001 10:15:00,AMBIENT,93-65-2,Mecoprop,Total,,200,ug/l,False,200,,,515.1,UHL001,Actual,SW,Water,,,Lee,07100009,River/Stream,,40.4620485,-91.5670776
6,10560001,Des Moines River near Keokuk,11/06/2000 13:20:00,AMBIENT,CBOD-SC,"Carbonaceous biochemical oxygen demand, standard conditions",Total,,13,mg/l,True,1,,,UnknownBOD,UHL001,Actual,SW,Water,,,Lee,07100009,River/Stream,,40.4620485,-91.5670776
6,10560001,Des Moines River near Keokuk,11/06/2000 13:20:00,AMBIENT,11003-45-5,Chlorophyll c,NonFilt,,17,ug/l,True,1,,,10200-H,UHL001,Actual,SW,Water,,,Lee,07100009,River/Stream,,40.4620485,-91.5670776
6,10560001,Des Moines River near Keokuk,11/06/2000 13:20:00,AMBIENT,479-61-8,Chlorophyll a,NonFilt,,182,ug/l,True,1,,,10200-H,UHL001,Actual,SW,Water,,,Lee,07100009,River/Stream,,40.4620485,-91.5670776
6,10560001,Des Moines River near Keokuk,11/06/2000 13:20:00,AMBIENT,519-62-0,Chlorophyll b,NonFilt,,1,ug/l,False,1,,,10200-H,UHL001,Actual,SW,Water,,,Lee,07100009,River/Stream,,40.4620485,-91.5670776
6,10560001,Des Moines River near Keokuk,11/06/2000 13:20:00,AMBIENT,CLR-A-UCP,"Chlorophyll a, uncorrected for pheophytin",NonFilt,,200,ug/l,True,1,,,10200-H,UHL001,Actual,SW,Water,,,Lee,07100009,River/Stream,,40.4620485,-91.5670776
6,10560001,Des Moines River near Keokuk,11/06/2000 13:20:00,AMBIENT,87674-68-8,Dimethenamid,Total,,0.05,ug/l,False,0.05,,,507,UHL001,Actual,SW,Water,,,Lee,07100009,River/Stream,,40.4620485,-91.5670776
6,10560001,Des Moines River near Keokuk,11/06/2000 13:20:00,AMBIENT,ENTERO,Enterococcus,Total,,10,MPN/100ml,True,10,,,9230-C,UHL001,Actual,SW,Water,,,Lee,07100009,River/Stream,,40.4620485,-91.5670776
6,10560001,Des Moines River near Keokuk,11/06/2000 13:20:00,AMBIENT,68583-22-2,Escherichia coli,Total,,10,MPN/100ml,False,10,,,APHA 9222 G,UHL001,Actual,SW,Water,,,Lee,07100009,River/Stream,,40.4620485,-91.5670776
6,10560001,Des Moines River near Keokuk,11/06/2000 13:20:00,AMBIENT,FEC-COL,Fecal Coliform,Total,,10,MPN/100ml,False,10,,,9222-D,UHL001,Actual,SW,Water,,,Lee,07100009,River/Stream,,40.4620485,-91.5670776
6,10560001,Des Moines River near Keokuk,11/06/2000 13:20:00,AMBIENT,HARD-CARB,"Hardness, carbonate",Total,,350,mg/l,True,1,,,Unknown,UHL001,Actual,SW,Water,,,Lee,07100009,River/Stream,,40.4620485,-91.5670776
6,10560001,Des Moines River near Keokuk,11/06/2000 13:20:00,AMBIENT,NIT-AMM,Ammonia-nitrogen (as N),Total,,0.1,mg/l,False,0.1,,,Unknown,UHL001,Actual,SW,Water,,,Lee,07100009,River/Stream,,40.4620485,-91.5670776
6,10560001,Des Moines River near Keokuk,11/06/2000 13:20:00,AMBIENT,NIT-KJELD,Kjeldahl nitrogen (AS N),Total,,0.7,mg/l,True,0.1,,,Unknown,UHL001,Actual,SW,Water,,,Lee,07100009,River/Stream,,40.4620485,-91.5670776
6,10560001,Des Moines River near Keokuk,11/06/2000 13:20:00,AMBIENT,NIT-NO3-NO2,Inorganic nitrogen (nitrate and nitrite) (as N),Total,,0.1,mg/l,False,0.1,,,Unknown,UHL001,Actual,SW,Water,,,Lee,07100009,River/Stream,,40.4620485,-91.5670776
6,10560001,Des Moines River near Keokuk,11/06/2000 13:20:00,AMBIENT,PHOSP-PHOSP,Phosphate-phosphorus (as P),Total,,0.2,mg/l,True,0.1,,,Unknown,UHL001,Actual,SW,Water,,,Lee,07100009,River/Stream,,40.4620485,-91.5670776
6,10560001,Des Moines River near Keokuk,11/06/2000 13:20:00,AMBIENT,603-17-8,Pheophytin a,NonFilt,,18,ug/l,True,1,,,10200H(2),UHL001,Actual,SW,Water,,,Lee,07100009,River/Stream,,40.4620485,-91.5670776
6,10560001,Des Moines River near Keokuk,11/06/2000 13:20:00,AMBIENT,14265-44-2,Orthophosphate (as P),Dissolved,,0.1,mg/l,False,0.1,,,Unknown,UHL001,Actual,SW,Water,,,Lee,07100009,River/Stream,,40.4620485,-91.5670776
6,10560001,Des Moines River near Keokuk,11/06/2000 13:20:00,AMBIENT,7631-86-9,Silica,Dissolved,,1,mg/l,False,1,,,370.1,UHL001,Actual,SW,Water,,,Lee,07100009,River/Stream,,40.4620485,-91.5670776
6,10560001,Des Moines River near Keokuk,11/06/2000 13:20:00,AMBIENT,TDS,Total dissolved solids,Dissolved,,340,mg/l,True,1,,,160.1,UHL001,Actual,SW,Water,,,Lee,07100009,River/Stream,,40.4620485,-91.5670776
6,10560001,Des Moines River near Keokuk,11/06/2000 13:20:00,AMBIENT,TSS,Total suspended solids,NonFilt,,54,mg/l,True,1,,,I3765,UHL001,Actual,SW,Water,,,Lee,07100009,River/Stream,,40.4620485,-91.5670776
6,10560001,Des Moines River near Keokuk,11/06/2000 13:20:00,AMBIENT,SPEC-COND,Specific conductance,Total,,580,uS/cm,True,1,,,2510,UHL001,Actual,SW,Water,,,Lee,07100009,River/Stream,,40.4620485,-91.5670776
6,10560001,Des Moines River near Keokuk,11/06/2000 13:20:00,AMBIENT,TURB,Turbidity,Total,,27,NTU,True,1,,,180.1,UHL001,Actual,SW,Water,,,Lee,07100009,River/Stream,,40.4620485,-91.5670776
6,10560001,Des Moines River near Keokuk,12/07/2000 14:40:00,AMBIENT,7782-44-7,Dissolved oxygen (DO),Total,,13.4,mg/l,True,0.1,,,4500-O-G,,Actual,SW,Water,,,Lee,07100009,River/Stream,,40.4620485,-91.5670776
6,10560001,Des Moines River near Keokuk,12/07/2000 14:40:00,AMBIENT,FLOW,Flow,Total,,2300,cfs,True,0,,,USGS CA8,,Actual,SW,Water,,,Lee,07100009,River/Stream,,40.4620485,-91.5670776
6,10560001,Des Moines River near Keokuk,12/07/2000 14:40:00,AMBIENT,PH,pH,Total,,8.6,None,True,,,,4500-H,,Actual,SW,Water,,,Lee,07100009,River/Stream,,40.4620485,-91.5670776
6,10560001,Des Moines River near Keokuk,12/07/2000 14:40:00,AMBIENT,TEMP-WATER,"Temperature, water",Total,,1.5,deg C,True,0,,,2550,,Actual,SW,Water,,,Lee,07100009,River/Stream,,40.4620485,-91.5670776
6,10560001,Des Moines River near Keokuk,12/07/2000 14:40:00,AMBIENT,1007-28-9,2-Choro-6-ethylamino-4-amino-s-triazine,Total,,0.05,ug/l,False,0.05,,,507,UHL001,Actual,SW,Water,,,Lee,07100009,River/Stream,,40.4620485,-91.5670776
6,10560001,Des Moines River near Keokuk,12/07/2000 14:40:00,AMBIENT,122-34-9,Simazine,Total,,0.05,ug/l,False,0.05,,,507,UHL001,Actual,SW,Water,,,Lee,07100009,River/Stream,,40.4620485,-91.5670776
6,10560001,Des Moines River near Keokuk,12/07/2000 14:40:00,AMBIENT,139-40-2,Propazine,Total,,0.05,ug/l,False,0.05,,,507,UHL001,Actual,SW,Water,,,Lee,07100009,River/Stream,,40.4620485,-91.5670776
6,10560001,Des Moines River near Keokuk,12/07/2000 14:40:00,AMBIENT,1582-09-8,Trifluralin,Total,,0.05,ug/l,False,0.05,,,507,UHL001,Actual,SW,Water,,,Lee,07100009,River/Stream,,40.4620485,-91.5670776
6,10560001,Des Moines River near Keokuk,12/07/2000 14:40:00,AMBIENT,15972-60-8,Alachlor,Total,,0.05,ug/l,False,0.05,,,507,UHL001,Actual,SW,Water,,,Lee,07100009,River/Stream,,40.4620485,-91.5670776
6,10560001,Des Moines River near Keokuk,12/07/2000 14:40:00,AMBIENT,1610-18-0,Prometon,Total,,0.05,ug/l,False,0.05,,,507,UHL001,Actual,SW,Water,,,Lee,07100009,River/Stream,,40.4620485,-91.5670776
6,10560001,Des Moines River near Keokuk,12/07/2000 14:40:00,AMBIENT,1912-24-9,Atrazine,Total,,0.21,ug/l,True,0.05,,,507,UHL001,Actual,SW,Water,,,Lee,07100009,River/Stream,,40.4620485,-91.5670776
6,10560001,Des Moines River near Keokuk,12/07/2000 14:40:00,AMBIENT,1918-16-7,Propachlor,Total,,0.05,ug/l,False,0.05,,,507,UHL001,Actual,SW,Water,,,Lee,07100009,River/Stream,,40.4620485,-91.5670776
6,10560001,Des Moines River near Keokuk,12/07/2000 14:40:00,AMBIENT,2008-41-5,Butylate,Total,,0.05,ug/l,False,0.05,,,507,UHL001,Actual,SW,Water,,,Lee,07100009,River/Stream,,40.4620485,-91.5670776
6,10560001,Des Moines River near Keokuk,12/07/2000 14:40:00,AMBIENT,21087-64-9,Metribuzin,Total,,0.05,ug/l,False,0.05,,,507,UHL001,Actual,SW,Water,,,Lee,07100009,River/Stream,,40.4620485,-91.5670776
6,10560001,Des Moines River near Keokuk,12/07/2000 14:40:00,AMBIENT,21725-46-2,Cyanazine,Total,,0.05,ug/l,False,0.05,,,507,UHL001,Actual,SW,Water,,,Lee,07100009,River/Stream,,40.4620485,-91.5670776
6,10560001,Des Moines River near Keokuk,12/07/2000 14:40:00,AMBIENT,34256-82-1,Acetochlor,Total,,0.05,ug/l,False,0.05,,,507,UHL001,Actual,SW,Water,,,Lee,07100009,River/Stream,,40.4620485,-91.5670776
6,10560001,Des Moines River near Keokuk,12/07/2000 14:40:00,AMBIENT,51218-45-2,Metolachlor,Total,,0.05,ug/l,False,0.05,,,507,UHL001,Actual,SW,Water,,,Lee,07100009,River/Stream,,40.4620485,-91.5670776
6,10560001,Des Moines River near Keokuk,12/07/2000 14:40:00,AMBIENT,6190-65-4,2-Chloro-4-isopropylamino-6-amino-s-triazine,Total,,0.066,ug/l,True,0.05,,,507,UHL001,Actual,SW,Water,,,Lee,07100009,River/Stream,,40.4620485,-91.5670776
6,10560001,Des Moines River near Keokuk,12/07/2000 14:40:00,AMBIENT,759-94-4,S-Ethyl dipropylthiocarbamate,Total,,0.05,ug/l,False,0.05,,,507,UHL001,Actual,SW,Water,,,Lee,07100009,River/Stream,,40.4620485,-91.5670776
6,10560001,Des Moines River near Keokuk,12/07/2000 14:40:00,AMBIENT,834-12-8,Ametryn,Total,,0.05,ug/l,False,0.05,,,507,UHL001,Actual,SW,Water,,,Lee,07100009,River/Stream,,40.4620485,-91.5670776
6,10560001,Des Moines River near Keokuk,12/07/2000 14:40:00,AMBIENT,CBOD-SC,"Carbonaceous biochemical oxygen demand, standard conditions",Total,,1,mg/l,False,1,,,UnknownBOD,UHL001,Actual,SW,Water,,,Lee,07100009,River/Stream,,40.4620485,-91.5670776
6,10560001,Des Moines River near Keokuk,07/05/2001 09:30:00,AMBIENT,7782-44-7,Dissolved oxygen (DO),Total,,7.8,mg/l,True,0.1,,,4500-O-G,,Actual,SW,Water,,,Lee,07100009,River/Stream,,40.4620485,-91.5670776
6,10560001,Des Moines River near Keokuk,07/05/2001 09:30:00,AMBIENT,FLOW,Flow,Total,,23000,cfs,True,0,,,USGS CA8,,Actual,SW,Water,,,Lee,07100009,River/Stream,,40.4620485,-91.5670776
6,10560001,Des Moines River near Keokuk,07/05/2001 09:30:00,AMBIENT,PH,pH,Total,,7.9,None,True,,,,4500-H,,Actual,SW,Water,,,Lee,07100009,River/Stream,,40.4620485,-91.5670776
6,10560001,Des Moines River near Keokuk,07/05/2001 09:30:00,AMBIENT,TEMP-WATER,"Temperature, water",Total,,24,deg C,True,0,,,2550,,Actual,SW,Water,,,Lee,07100009,River/Stream,,40.4620485,-91.5670776
6,10560001,Des Moines River near Keokuk,07/05/2001 09:30:00,AMBIENT,120-36-5,Dichlorprop,Total,,0.2,ug/l,False,0.2,,,515.1,UHL001,Actual,SW,Water,,,Lee,07100009,River/Stream,,40.4620485,-91.5670776
6,10560001,Des Moines River near Keokuk,07/05/2001 09:30:00,AMBIENT,133-90-4,Chloramben,Total,,0.2,ug/l,False,0.2,,,515.1,UHL001,Actual,SW,Water,,,Lee,07100009,River/Stream,,40.4620485,-91.5670776
6,10560001,Des Moines River near Keokuk,07/05/2001 09:30:00,AMBIENT,1689-84-5,Bromoxynil,Total,,0.2,ug/l,False,0.2,,,515.1,UHL001,Actual,SW,Water,,,Lee,07100009,River/Stream,,40.4620485,-91.5670776
6,10560001,Des Moines River near Keokuk,07/05/2001 09:30:00,AMBIENT,1861-32-1,Chlorthal-dimethyl,Total,,0.2,ug/l,False,0.2,,,515.1,UHL001,Actual,SW,Water,,,Lee,07100009,River/Stream,,40.4620485,-91.5670776
6,10560001,Des Moines River near Keokuk,07/05/2001 09:30:00,AMBIENT,1918-00-9,Dicamba,Total,,0.2,ug/l,False,0.2,,,515.1,UHL001,Actual,SW,Water,,,Lee,07100009,River/Stream,,40.4620485,-91.5670776
6,10560001,Des Moines River near Keokuk,07/05/2001 09:30:00,AMBIENT,1918-02-01,Picloram,Total,,0.2,ug/l,False,0.2,,,515.1,UHL001,Actual,SW,Water,,,Lee,07100009,River/Stream,,40.4620485,-91.5670776
6,10560001,Des Moines River near Keokuk,07/05/2001 09:30:00,AMBIENT,25057-89-0,Bentazon,Total,,0.2,ug/l,False,0.2,,,515.1,UHL001,Actual,SW,Water,,,Lee,07100009,River/Stream,,40.4620485,-91.5670776
6,10560001,Des Moines River near Keokuk,07/05/2001 09:30:00,AMBIENT,50594-66-6,Acifluorfen,Total,,0.2,ug/l,False,0.2,,,515.1,UHL001,Actual,SW,Water,,,Lee,07100009,River/Stream,,40.4620485,-91.5670776
6,10560001,Des Moines River near Keokuk,07/05/2001 09:30:00,AMBIENT,55335-06-3,Triclopyr,Total,,0.2,ug/l,False,0.2,,,515.1,UHL001,Actual,SW,Water,,,Lee,07100009,River/Stream,,40.4620485,-91.5670776
6,10560001,Des Moines River near Keokuk,07/05/2001 09:30:00,AMBIENT,75-99-0,Dalapon,Total,,0.2,ug/l,False,0.2,,,515.1,UHL001,Actual,SW,Water,,,Lee,07100009,River/Stream,,40.4620485,-91.5670776
6,10560001,Des Moines River near Keokuk,07/05/2001 09:30:00,AMBIENT,87-86-5,Pentachlorophenol,Total,,0.2,ug/l,False,0.2,,,515.1,UHL001,Actual,SW,Water,,,Lee,07100009,River/Stream,,40.4620485,-91.5670776
6,10560001,Des Moines River near Keokuk,07/05/2001 09:30:00,AMBIENT,88-85-7,Dinoseb,Total,,0.2,ug/l,False,0.2,,,515.1,UHL001,Actual,SW,Water,,,Lee,07100009,River/Stream,,40.4620485,-91.5670776
6,10560001,Des Moines River near Keokuk,07/05/2001 09:30:00,AMBIENT,93-72-1,Silvex,Total,,0.2,ug/l,False,0.2,,,515.1,UHL001,Actual,SW,Water,,,Lee,07100009,River/Stream,,40.4620485,-91.5670776
6,10560001,Des Moines River near Keokuk,07/05/2001 09:30:00,AMBIENT,93-76-5,"2,4,5-T",Total,,0.2,ug/l,False,0.2,,,515.1,UHL001,Actual,SW,Water,,,Lee,07100009,River/Stream,,40.4620485,-91.5670776
6,10560001,Des Moines River near Keokuk,07/05/2001 09:30:00,AMBIENT,94-74-6,MCPA,Total,,200,ug/l,False,200,,,515.1,UHL001,Actual,SW,Water,,,Lee,07100009,River/Stream,,40.4620485,-91.5670776
6,10560001,Des Moines River near Keokuk,07/05/2001 09:30:00,AMBIENT,94-75-7,"2,4-D",Total,,0.2,ug/l,False,0.2,,,515.1,UHL001,Actual,SW,Water,,,Lee,07100009,River/Stream,,40.4620485,-91.5670776
6,10560001,Des Moines River near Keokuk,07/05/2001 09:30:00,AMBIENT,94-82-6,"2,4-DB",Total,,0.2,ug/l,False,0.2,,,515.1,UHL001,Actual,SW,Water,,,Lee,07100009,River/Stream,,40.4620485,-91.5670776
6,10560001,Des Moines River near Keokuk,07/05/2001 09:30:00,AMBIENT,1007-28-9,2-Choro-6-ethylamino-4-amino-s-triazine,Total,,0.05,ug/l,False,0.05,,,507,UHL001,Actual,SW,Water,,,Lee,07100009,River/Stream,,40.4620485,-91.5670776
6,10560001,Des Moines River near Keokuk,07/05/2001 09:30:00,AMBIENT,121-75-5,Malathion,Total,,0.05,ug/l,False,0.05,,,507,UHL001,Actual,SW,Water,,,Lee,07100009,River/Stream,,40.4620485,-91.5670776
6,10560001,Des Moines River near Keokuk,07/05/2001 09:30:00,AMBIENT,122-34-9,Simazine,Total,,0.05,ug/l,False,0.05,,,507,UHL001,Actual,SW,Water,,,Lee,07100009,River/Stream,,40.4620485,-91.5670776
6,10560001,Des Moines River near Keokuk,07/05/2001 09:30:00,AMBIENT,13071-79-9,Terbufos,Total,,0.05,ug/l,False,0.05,,,507,UHL001,Actual,SW,Water,,,Lee,07100009,River/Stream,,40.4620485,-91.5670776
6,10560001,Des Moines River near Keokuk,07/05/2001 09:30:00,AMBIENT,13194-48-4,Ethoprop,Total,,0.05,ug/l,False,0.05,,,507,UHL001,Actual,SW,Water,,,Lee,07100009,River/Stream,,40.4620485,-91.5670776
6,10560001,Des Moines River near Keokuk,07/05/2001 09:30:00,AMBIENT,139-40-2,Propazine,Total,,0.05,ug/l,False,0.05,,,507,UHL001,Actual,SW,Water,,,Lee,07100009,River/Stream,,40.4620485,-91.5670776
6,10560001,Des Moines River near Keokuk,07/05/2001 09:30:00,AMBIENT,1563-66-2,Carbofuran,Total,,0.05,ug/l,False,0.05,,,507,UHL001,Actual,SW,Water,,,Lee,07100009,River/Stream,,40.4620485,-91.5670776
6,10560001,Des Moines River near Keokuk,07/05/2001 09:30:00,AMBIENT,1582-09-8,Trifluralin,Total,,0.05,ug/l,False,0.05,,,507,UHL001,Actual,SW,Water,,,Lee,07100009,River/Stream,,40.4620485,-91.5670776
6,10560001,Des Moines River near Keokuk,07/05/2001 09:30:00,AMBIENT,15972-60-8,Alachlor,Total,,0.05,ug/l,False,0.05,,,507,UHL001,Actual,SW,Water,,,Lee,07100009,River/Stream,,40.4620485,-91.5670776
6,10560001,Des Moines River near Keokuk,07/05/2001 09:30:00,AMBIENT,1610-18-0,Prometon,Total,,0.05,ug/l,False,0.05,,,507,UHL001,Actual,SW,Water,,,Lee,07100009,River/Stream,,40.4620485,-91.5670776
6,10560001,Des Moines River near Keokuk,07/05/2001 09:30:00,AMBIENT,1912-24-9,Atrazine,Total,,1.3,ug/l,True,0.05,,,507,UHL001,Actual,SW,Water,,,Lee,07100009,River/Stream,,40.4620485,-91.5670776
6,10560001,Des Moines River near Keokuk,07/05/2001 09:30:00,AMBIENT,1918-16-7,Propachlor,Total,,0.05,ug/l,False,0.05,,,507,UHL001,Actual,SW,Water,,,Lee,07100009,River/Stream,,40.4620485,-91.5670776
6,10560001,Des Moines River near Keokuk,07/05/2001 09:30:00,AMBIENT,2008-41-5,Butylate,Total,,0.05,ug/l,False,0.05,,,507,UHL001,Actual,SW,Water,,,Lee,07100009,River/Stream,,40.4620485,-91.5670776
6,10560001,Des Moines River near Keokuk,07/05/2001 09:30:00,AMBIENT,21087-64-9,Metribuzin,Total,,0.05,ug/l,False,0.05,,,507,UHL001,Actual,SW,Water,,,Lee,07100009,River/Stream,,40.4620485,-91.5670776
6,10560001,Des Moines River near Keokuk,07/05/2001 09:30:00,AMBIENT,21725-46-2,Cyanazine,Total,,0.05,ug/l,False,0.05,,,507,UHL001,Actual,SW,Water,,,Lee,07100009,River/Stream,,40.4620485,-91.5670776
6,10560001,Des Moines River near Keokuk,07/05/2001 09:30:00,AMBIENT,2303-17-5,Triallate,Total,,0.05,ug/l,False,0.05,,,507,UHL001,Actual,SW,Water,,,Lee,07100009,River/Stream,,40.4620485,-91.5670776
6,10560001,Des Moines River near Keokuk,07/05/2001 09:30:00,AMBIENT,23184-66-9,Butachlor,Total,,0.05,ug/l,False,0.05,,,507,UHL001,Actual,SW,Water,,,Lee,07100009,River/Stream,,40.4620485,-91.5670776
6,10560001,Des Moines River near Keokuk,07/05/2001 09:30:00,AMBIENT,25311-71-1,Isofenphos,Total,,0.05,ug/l,False,0.05,,,507,UHL001,Actual,SW,Water,,,Lee,07100009,River/Stream,,40.4620485,-91.5670776
6,10560001,Des Moines River near Keokuk,07/05/2001 09:30:00,AMBIENT,2921-88-2,Chlorpyrifos,Total,,0.05,ug/l,False,0.05,,,507,UHL001,Actual,SW,Water,,,Lee,07100009,River/Stream,,40.4620485,-91.5670776
6,10560001,Des Moines River near Keokuk,07/05/2001 09:30:00,AMBIENT,298-00-0,Methyl parathion,Total,,0.05,ug/l,False,0.05,,,507,UHL001,Actual,SW,Water,,,Lee,07100009,River/Stream,,40.4620485,-91.5670776
6,10560001,Des Moines River near Keokuk,07/05/2001 09:30:00,AMBIENT,298-02-2,Phorate,Total,,0.05,ug/l,False,0.05,,,507,UHL001,Actual,SW,Water,,,Lee,07100009,River/Stream,,40.4620485,-91.5670776
6,10560001,Des Moines River near Keokuk,07/05/2001 09:30:00,AMBIENT,298-04-4,Disulfoton,Total,,0.05,ug/l,False,0.05,,,507,UHL001,Actual,SW,Water,,,Lee,07100009,River/Stream,,40.4620485,-91.5670776
6,10560001,Des Moines River near Keokuk,07/05/2001 09:30:00,AMBIENT,314-40-9,Bromacil,Total,,0.05,ug/l,False,0.05,,,507,UHL001,Actual,SW,Water,,,Lee,07100009,River/Stream,,40.4620485,-91.5670776
6,10560001,Des Moines River near Keokuk,07/05/2001 09:30:00,AMBIENT,333-41-5,Diazinon,Total,,0.05,ug/l,False,0.05,,,507,UHL001,Actual,SW,Water,,,Lee,07100009,River/Stream,,40.4620485,-91.5670776
6,10560001,Des Moines River near Keokuk,07/05/2001 09:30:00,AMBIENT,34256-82-1,Acetochlor,Total,,0.35,ug/l,True,0.05,,,507,UHL001,Actual,SW,Water,,,Lee,07100009,River/Stream,,40.4620485,-91.5670776
6,10560001,Des Moines River near Keokuk,07/05/2001 09:30:00,AMBIENT,40487-42-1,Pendimethalin,Total,,0.05,ug/l,False,0.05,,,507,UHL001,Actual,SW,Water,,,Lee,07100009,River/Stream,,40.4620485,-91.5670776
6,10560001,Des Moines River near Keokuk,07/05/2001 09:30:00,AMBIENT,51218-45-2,Metolachlor,Total,,0.54,ug/l,True,0.05,,,507,UHL001,Actual,SW,Water,,,Lee,07100009,River/Stream,,40.4620485,-91.5670776
6,10560001,Des Moines River near Keokuk,07/05/2001 09:30:00,AMBIENT,56-38-2,Parathion,Total,,0.05,ug/l,False,0.05,,,507,UHL001,Actual,SW,Water,,,Lee,07100009,River/Stream,,40.4620485,-91.5670776
6,10560001,Des Moines River near Keokuk,07/05/2001 09:30:00,AMBIENT,60-51-5,Dimethoate,Total,,0.05,ug/l,False,0.05,,,507,UHL001,Actual,SW,Water,,,Lee,07100009,River/Stream,,40.4620485,-91.5670776
6,10560001,Des Moines River near Keokuk,07/05/2001 09:30:00,AMBIENT,6190-65-4,2-Chloro-4-isopropylamino-6-amino-s-triazine,Total,,0.2,ug/l,True,0.05,,,507,UHL001,Actual,SW,Water,,,Lee,07100009,River/Stream,,40.4620485,-91.5670776
6,10560001,Des Moines River near Keokuk,07/05/2001 09:30:00,AMBIENT,62-73-7,Dichlorvos,Total,,0.05,ug/l,False,0.05,,,507,UHL001,Actual,SW,Water,,,Lee,07100009,River/Stream,,40.4620485,-91.5670776
6,10560001,Des Moines River near Keokuk,07/05/2001 09:30:00,AMBIENT,63-25-2,Carbaryl,Total,,0.05,ug/l,False,0.05,,,507,UHL001,Actual,SW,Water,,,Lee,07100009,River/Stream,,40.4620485,-91.5670776
6,10560001,Des Moines River near Keokuk,07/05/2001 09:30:00,AMBIENT,759-94-4,S-Ethyl dipropylthiocarbamate,Total,,0.05,ug/l,False,0.05,,,507,UHL001,Actual,SW,Water,,,Lee,07100009,River/Stream,,40.4620485,-91.5670776
6,10560001,Des Moines River near Keokuk,07/05/2001 09:30:00,AMBIENT,834-12-8,Ametryn,Total,,0.05,ug/l,False,0.05,,,507,UHL001,Actual,SW,Water,,,Lee,07100009,River/Stream,,40.4620485,-91.5670776
6,10560001,Des Moines River near Keokuk,07/05/2001 09:30:00,AMBIENT,944-22-9,Fonofos,Total,,0.05,ug/l,False,0.05,,,507,UHL001,Actual,SW,Water,,,Lee,07100009,River/Stream,,40.4620485,-91.5670776
6,10560001,Des Moines River near Keokuk,07/05/2001 09:30:00,AMBIENT,ENTERO,Enterococcus,Total,,36,MPN/100ml,True,10,,,1600,UHL001,Actual,SW,Water,,,Lee,07100009,River/Stream,,40.4620485,-91.5670776
6,10560001,Des Moines River near Keokuk,07/05/2001 09:30:00,AMBIENT,68583-22-2,Escherichia coli,Total,,150,MPN/100ml,True,10,,,APHA 9222 G,UHL001,Actual,SW,Water,,,Lee,07100009,River/Stream,,40.4620485,-91.5670776
6,10560001,Des Moines River near Keokuk,07/05/2001 09:30:00,AMBIENT,FEC-COL,Fecal Coliform,Total,,170,MPN/100ml,True,10,,,9222-D,UHL001,Actual,SW,Water,,,Lee,07100009,River/Stream,,40.4620485,-91.5670776
6,10560001,Des Moines River near Keokuk,07/05/2001 09:30:00,AMBIENT,1071-83-6,Glyphosate,Total,,10,ug/l,False,10,,,547,UHL001,Actual,SW,Water,,,Lee,07100009,River/Stream,,40.4620485,-91.5670776
6,10560001,Des Moines River near Keokuk,07/05/2001 09:30:00,AMBIENT,HARD-CARB,"Hardness, carbonate",Total,,270,mg/l,True,1,,,Unknown,UHL001,Actual,SW,Water,,,Lee,07100009,River/Stream,,40.4620485,-91.5670776
6,10560001,Des Moines River near Keokuk,07/05/2001 09:30:00,AMBIENT,NIT-AMM,Ammonia-nitrogen (as N),Total,,0.1,mg/l,False,0.1,,,Unknown,UHL001,Actual,SW,Water,,,Lee,07100009,River/Stream,,40.4620485,-91.5670776
6,10560001,Des Moines River near Keokuk,07/05/2001 09:30:00,AMBIENT,NIT-KJELD,Kjeldahl nitrogen (AS N),Total,,0.6,mg/l,True,0.1,,,Unknown,UHL001,Actual,SW,Water,,,Lee,07100009,River/Stream,,40.4620485,-91.5670776
6,10560001,Des Moines River near Keokuk,07/05/2001 09:30:00,AMBIENT,NIT-NO3-NO2,Inorganic nitrogen (nitrate and nitrite) (as N),Total,,10,mg/l,True,0.1,,,Unknown,UHL001,Actual,SW,Water,,,Lee,07100009,River/Stream,,40.4620485,-91.5670776
6,10560001,Des Moines River near Keokuk,07/05/2001 09:30:00,AMBIENT,PHOSP-PHOSP,Phosphate-phosphorus (as P),Total,,0.2,mg/l,True,0.1,,,Unknown,UHL001,Actual,SW,Water,,,Lee,07100009,River/Stream,,40.4620485,-91.5670776
6,10560001,Des Moines River near Keokuk,07/05/2001 09:30:00,AMBIENT,11096-82-5,Aroclor 1260,Total,,0.5,ug/l,False,0.5,,,8082(W),UHL001,Actual,SW,Water,,,Lee,07100009,River/Stream,,40.4620485,-91.5670776
6,10560001,Des Moines River near Keokuk,07/05/2001 09:30:00,AMBIENT,11097-69-1,Aroclor 1254,Total,,0.5,ug/l,False,0.5,,,8082(W),UHL001,Actual,SW,Water,,,Lee,07100009,River/Stream,,40.4620485,-91.5670776
6,10560001,Des Moines River near Keokuk,07/05/2001 09:30:00,AMBIENT,11104-28-2,Aroclor 1221,Total,,0.5,ug/l,False,0.5,,,8082(W),UHL001,Actual,SW,Water,,,Lee,07100009,River/Stream,,40.4620485,-91.5670776
6,10560001,Des Moines River near Keokuk,07/05/2001 09:30:00,AMBIENT,11141-16-5,Aroclor 1232,Total,,0.5,ug/l,False,0.5,,,8082(W),UHL001,Actual,SW,Water,,,Lee,07100009,River/Stream,,40.4620485,-91.5670776
6,10560001,Des Moines River near Keokuk,07/05/2001 09:30:00,AMBIENT,12672-29-6,Aroclor 1248,Total,,0.5,ug/l,False,0.5,,,8082(W),UHL001,Actual,SW,Water,,,Lee,07100009,River/Stream,,40.4620485,-91.5670776
6,10560001,Des Moines River near Keokuk,07/05/2001 09:30:00,AMBIENT,12674-11-2,Aroclor 1016,Total,,0.5,ug/l,False,0.5,,,8082(W),UHL001,Actual,SW,Water,,,Lee,07100009,River/Stream,,40.4620485,-91.5670776
6,10560001,Des Moines River near Keokuk,07/05/2001 09:30:00,AMBIENT,53469-21-9,Aroclor 1242,Total,,0.5,ug/l,False,0.5,,,8082(W),UHL001,Actual,SW,Water,,,Lee,07100009,River/Stream,,40.4620485,-91.5670776
6,10560001,Des Moines River near Keokuk,01/04/2001 09:20:00,AMBIENT,7782-44-7,Dissolved oxygen (DO),Total,,14.1,mg/l,True,0.1,,,4500-O-G,,Actual,SW,Water,,,Lee,07100009,River/Stream,,40.4620485,-91.5670776
6,10560001,Des Moines River near Keokuk,01/04/2001 09:20:00,AMBIENT,PH,pH,Total,,8.1,None,True,,,,4500-H,,Actual,SW,Water,,,Lee,07100009,River/Stream,,40.4620485,-91.5670776
6,10560001,Des Moines River near Keokuk,01/04/2001 09:20:00,AMBIENT,TEMP-WATER,"Temperature, water",Total,,0,deg C,True,0,,,2550,,Actual,SW,Water,,,Lee,07100009,River/Stream,,40.4620485,-91.5670776
6,10560001,Des Moines River near Keokuk,02/06/2001 09:15:00,AMBIENT,TSS,Total suspended solids,NonFilt,,7,mg/l,True,1,,,I3765,UHL001,Actual,SW,Water,,,Lee,07100009,River/Stream,,40.4620485,-91.5670776
6,10560001,Des Moines River near Keokuk,02/06/2001 09:15:00,AMBIENT,SPEC-COND,Specific conductance,Total,,630,uS/cm,True,1,,,2510,UHL001,Actual,SW,Water,,,Lee,07100009,River/Stream,,40.4620485,-91.5670776
6,10560001,Des Moines River near Keokuk,02/06/2001 09:15:00,AMBIENT,TURB,Turbidity,Total,,8.4,NTU,True,1,,,180.1,UHL001,Actual,SW,Water,,,Lee,07100009,River/Stream,,40.4620485,-91.5670776
6,10560001,Des Moines River near Keokuk,03/07/2001 09:20:00,AMBIENT,7782-44-7,Dissolved oxygen (DO),Total,,13.5,mg/l,True,0.1,,,4500-O-G,,Actual,SW,Water,,,Lee,07100009,River/Stream,,40.4620485,-91.5670776
6,10560001,Des Moines River near Keokuk,03/07/2001 09:20:00,AMBIENT,FLOW,Flow,Total,,4800,cfs,True,0,,,USGS CA8,,Actual,SW,Water,,,Lee,07100009,River/Stream,,40.4620485,-91.5670776
6,10560001,Des Moines River near Keokuk,03/07/2001 09:20:00,AMBIENT,PH,pH,Total,,8.2,None,True,,,,4500-H,,Actual,SW,Water,,,Lee,07100009,River/Stream,,40.4620485,-91.5670776
6,10560001,Des Moines River near Keokuk,03/07/2001 09:20:00,AMBIENT,TEMP-WATER,"Temperature, water",Total,,2.5,deg C,True,0,,,2550,,Actual,SW,Water,,,Lee,07100009,River/Stream,,40.4620485,-91.5670776
6,10560001,Des Moines River near Keokuk,03/07/2001 09:20:00,AMBIENT,1007-28-9,2-Choro-6-ethylamino-4-amino-s-triazine,Total,,0.05,ug/l,False,0.05,,,507,UHL001,Actual,SW,Water,,,Lee,07100009,River/Stream,,40.4620485,-91.5670776
6,10560001,Des Moines River near Keokuk,03/07/2001 09:20:00,AMBIENT,122-34-9,Simazine,Total,,0.05,ug/l,False,0.05,,,507,UHL001,Actual,SW,Water,,,Lee,07100009,River/Stream,,40.4620485,-91.5670776
6,10560001,Des Moines River near Keokuk,03/07/2001 09:20:00,AMBIENT,139-40-2,Propazine,Total,,0.05,ug/l,False,0.05,,,507,UHL001,Actual,SW,Water,,,Lee,07100009,River/Stream,,40.4620485,-91.5670776
6,10560001,Des Moines River near Keokuk,03/07/2001 09:20:00,AMBIENT,1582-09-8,Trifluralin,Total,,0.05,ug/l,False,0.05,,,507,UHL001,Actual,SW,Water,,,Lee,07100009,River/Stream,,40.4620485,-91.5670776
6,10560001,Des Moines River near Keokuk,03/07/2001 09:20:00,AMBIENT,15972-60-8,Alachlor,Total,,0.05,ug/l,False,0.05,,,507,UHL001,Actual,SW,Water,,,Lee,07100009,River/Stream,,40.4620485,-91.5670776
6,10560001,Des Moines River near Keokuk,03/07/2001 09:20:00,AMBIENT,1610-18-0,Prometon,Total,,0.05,ug/l,False,0.05,,,507,UHL001,Actual,SW,Water,,,Lee,07100009,River/Stream,,40.4620485,-91.5670776
6,10560001,Des Moines River near Keokuk,03/07/2001 09:20:00,AMBIENT,1912-24-9,Atrazine,Total,,0.091,ug/l,True,0.05,,,507,UHL001,Actual,SW,Water,,,Lee,07100009,River/Stream,,40.4620485,-91.5670776
6,10560001,Des Moines River near Keokuk,03/07/2001 09:20:00,AMBIENT,1918-16-7,Propachlor,Total,,0.05,ug/l,False,0.05,,,507,UHL001,Actual,SW,Water,,,Lee,07100009,River/Stream,,40.4620485,-91.5670776
6,10560001,Des Moines River near Keokuk,03/07/2001 09:20:00,AMBIENT,2008-41-5,Butylate,Total,,0.05,ug/l,False,0.05,,,507,UHL001,Actual,SW,Water,,,Lee,07100009,River/Stream,,40.4620485,-91.5670776
6,10560001,Des Moines River near Keokuk,03/07/2001 09:20:00,AMBIENT,21087-64-9,Metribuzin,Total,,0.05,ug/l,False,0.05,,,507,UHL001,Actual,SW,Water,,,Lee,07100009,River/Stream,,40.4620485,-91.5670776
6,10560001,Des Moines River near Keokuk,03/07/2001 09:20:00,AMBIENT,21725-46-2,Cyanazine,Total,,0.05,ug/l,False,0.05,,,507,UHL001,Actual,SW,Water,,,Lee,07100009,River/Stream,,40.4620485,-91.5670776
6,10560001,Des Moines River near Keokuk,03/07/2001 09:20:00,AMBIENT,2303-17-5,Triallate,Total,,0.05,ug/l,False,0.05,,,507,UHL001,Actual,SW,Water,,,Lee,07100009,River/Stream,,40.4620485,-91.5670776
6,10560001,Des Moines River near Keokuk,03/07/2001 09:20:00,AMBIENT,23184-66-9,Butachlor,Total,,0.05,ug/l,False,0.05,,,507,UHL001,Actual,SW,Water,,,Lee,07100009,River/Stream,,40.4620485,-91.5670776
6,10560001,Des Moines River near Keokuk,03/07/2001 09:20:00,AMBIENT,314-40-9,Bromacil,Total,,0.05,ug/l,False,0.05,,,507,UHL001,Actual,SW,Water,,,Lee,07100009,River/Stream,,40.4620485,-91.5670776
6,10560001,Des Moines River near Keokuk,03/07/2001 09:20:00,AMBIENT,34256-82-1,Acetochlor,Total,,0.05,ug/l,False,0.05,,,507,UHL001,Actual,SW,Water,,,Lee,07100009,River/Stream,,40.4620485,-91.5670776
6,10560001,Des Moines River near Keokuk,03/07/2001 09:20:00,AMBIENT,40487-42-1,Pendimethalin,Total,,0.05,ug/l,False,0.05,,,507,UHL001,Actual,SW,Water,,,Lee,07100009,River/Stream,,40.4620485,-91.5670776
6,10560001,Des Moines River near Keokuk,03/07/2001 09:20:00,AMBIENT,51218-45-2,Metolachlor,Total,,0.05,ug/l,False,0.05,,,507,UHL001,Actual,SW,Water,,,Lee,07100009,River/Stream,,40.4620485,-91.5670776
6,10560001,Des Moines River near Keokuk,03/07/2001 09:20:00,AMBIENT,6190-65-4,2-Chloro-4-isopropylamino-6-amino-s-triazine,Total,,0.05,ug/l,False,0.05,,,507,UHL001,Actual,SW,Water,,,Lee,07100009,River/Stream,,40.4620485,-91.5670776
6,10560001,Des Moines River near Keokuk,03/07/2001 09:20:00,AMBIENT,63-25-2,Carbaryl,Total,,0.05,ug/l,False,0.05,,,507,UHL001,Actual,SW,Water,,,Lee,07100009,River/Stream,,40.4620485,-91.5670776
6,10560001,Des Moines River near Keokuk,03/07/2001 09:20:00,AMBIENT,759-94-4,S-Ethyl dipropylthiocarbamate,Total,,0.05,ug/l,False,0.05,,,507,UHL001,Actual,SW,Water,,,Lee,07100009,River/Stream,,40.4620485,-91.5670776
6,10560001,Des Moines River near Keokuk,03/07/2001 09:20:00,AMBIENT,834-12-8,Ametryn,Total,,0.05,ug/l,False,0.05,,,507,UHL001,Actual,SW,Water,,,Lee,07100009,River/Stream,,40.4620485,-91.5670776
6,10560001,Des Moines River near Keokuk,03/07/2001 09:20:00,AMBIENT,CBOD-SC,"Carbonaceous biochemical oxygen demand, standard conditions",Total,,3,mg/l,True,2,,,UnknownBOD,UHL001,Actual,SW,Water,,,Lee,07100009,River/Stream,,40.4620485,-91.5670776
6,10560001,Des Moines River near Keokuk,03/07/2001 09:20:00,AMBIENT,16887-00-6,Chloride,Total,,34,mg/l,True,1,,,325.3,UHL001,Actual,SW,Water,,,Lee,07100009,River/Stream,,40.4620485,-91.5670776
6,10560001,Des Moines River near Keokuk,03/07/2001 09:20:00,AMBIENT,11003-45-5,Chlorophyll c,NonFilt,,1,ug/l,False,1,,,10200-H,UHL001,Actual,SW,Water,,,Lee,07100009,River/Stream,,40.4620485,-91.5670776
6,10560001,Des Moines River near Keokuk,03/07/2001 09:20:00,AMBIENT,479-61-8,Chlorophyll a,NonFilt,,4,ug/l,True,1,,,10200-H,UHL001,Actual,SW,Water,,,Lee,07100009,River/Stream,,40.4620485,-91.5670776
6,10560001,Des Moines River near Keokuk,03/07/2001 09:20:00,AMBIENT,519-62-0,Chlorophyll b,NonFilt,,1,ug/l,False,1,,,10200-H,UHL001,Actual,SW,Water,,,Lee,07100009,River/Stream,,40.4620485,-91.5670776
6,10560001,Des Moines River near Keokuk,03/07/2001 09:20:00,AMBIENT,CLR-A-UCP,"Chlorophyll a, uncorrected for pheophytin",NonFilt,,9,ug/l,True,1,,,10200-H,UHL001,Actual,SW,Water,,,Lee,07100009,River/Stream,,40.4620485,-91.5670776
6,10560001,Des Moines River near Keokuk,03/07/2001 09:20:00,AMBIENT,87674-68-8,Dimethenamid,Total,,0.05,ug/l,False,0.05,,,507,UHL001,Actual,SW,Water,,,Lee,07100009,River/Stream,,40.4620485,-91.5670776
6,10560001,Des Moines River near Keokuk,03/07/2001 09:20:00,AMBIENT,ENTERO,Enterococcus,Total,,150,MPN/100ml,True,10,,,9230-C,UHL001,Actual,SW,Water,,,Lee,07100009,River/Stream,,40.4620485,-91.5670776
6,10560001,Des Moines River near Keokuk,03/07/2001 09:20:00,AMBIENT,68583-22-2,Escherichia coli,Total,,10,MPN/100ml,False,10,,,APHA 9222 G,UHL001,Actual,SW,Water,,,Lee,07100009,River/Stream,,40.4620485,-91.5670776
6,10560001,Des Moines River near Keokuk,03/07/2001 09:20:00,AMBIENT,FEC-COL,Fecal Coliform,Total,,10,MPN/100ml,False,10,,,9222-D,UHL001,Actual,SW,Water,,,Lee,07100009,River/Stream,,40.4620485,-91.5670776
6,10560001,Des Moines River near Keokuk,03/07/2001 09:20:00,AMBIENT,HARD-CARB,"Hardness, carbonate",Total,,300,mg/l,True,1,,,Unknown,UHL001,Actual,SW,Water,,,Lee,07100009,River/Stream,,40.4620485,-91.5670776
6,10560001,Des Moines River near Keokuk,03/07/2001 09:20:00,AMBIENT,NIT-AMM,Ammonia-nitrogen (as N),Total,,0.2,mg/l,True,0.1,,,Unknown,UHL001,Actual,SW,Water,,,Lee,07100009,River/Stream,,40.4620485,-91.5670776
6,10560001,Des Moines River near Keokuk,03/07/2001 09:20:00,AMBIENT,NIT-KJELD,Kjeldahl nitrogen (AS N),Total,,1.2,mg/l,True,0.1,,,Unknown,UHL001,Actual,SW,Water,,,Lee,07100009,River/Stream,,40.4620485,-91.5670776
6,10560001,Des Moines River near Keokuk,03/07/2001 09:20:00,AMBIENT,NIT-NO3-NO2,Inorganic nitrogen (nitrate and nitrite) (as N),Total,,3.2,mg/l,True,0.1,,,Unknown,UHL001,Actual,SW,Water,,,Lee,07100009,River/Stream,,40.4620485,-91.5670776
6,10560001,Des Moines River near Keokuk,03/07/2001 09:20:00,AMBIENT,PHOSP-PHOSP,Phosphate-phosphorus (as P),Total,,0.4,mg/l,True,0.1,,,Unknown,UHL001,Actual,SW,Water,,,Lee,07100009,River/Stream,,40.4620485,-91.5670776
6,10560001,Des Moines River near Keokuk,03/07/2001 09:20:00,AMBIENT,603-17-8,Pheophytin a,NonFilt,,7,ug/l,True,1,,,10200H(2),UHL001,Actual,SW,Water,,,Lee,07100009,River/Stream,,40.4620485,-91.5670776
6,10560001,Des Moines River near Keokuk,03/07/2001 09:20:00,AMBIENT,14265-44-2,Orthophosphate (as P),Dissolved,,0.2,mg/l,True,0.1,,,Unknown,UHL001,Actual,SW,Water,,,Lee,07100009,River/Stream,,40.4620485,-91.5670776
6,10560001,Des Moines River near Keokuk,03/07/2001 09:20:00,AMBIENT,7631-86-9,Silica,Dissolved,,11,mg/l,True,1,,,370.1,UHL001,Actual,SW,Water,,,Lee,07100009,River/Stream,,40.4620485,-91.5670776
6,10560001,Des Moines River near Keokuk,03/07/2001 09:20:00,AMBIENT,TDS,Total dissolved solids,Dissolved,,340,mg/l,True,1,,,160.1,UHL001,Actual,SW,Water,,,Lee,07100009,River/Stream,,40.4620485,-91.5670776
6,10560001,Des Moines River near Keokuk,03/07/2001 09:20:00,AMBIENT,TSS,Total suspended solids,NonFilt,,94,mg/l,True,1,,,I3765,UHL001,Actual,SW,Water,,,Lee,07100009,River/Stream,,40.4620485,-91.5670776
6,10560001,Des Moines River near Keokuk,03/07/2001 09:20:00,AMBIENT,SPEC-COND,Specific conductance,Total,,580,uS/cm,True,1,,,2510,UHL001,Actual,SW,Water,,,Lee,07100009,River/Stream,,40.4620485,-91.5670776
6,10560001,Des Moines River near Keokuk,04/02/2001 11:10:00,AMBIENT,1071-83-6,Glyphosate,Total,,10,ug/l,False,10,,,547,UHL001,Actual,SW,Water,,,Lee,07100009,River/Stream,,40.4620485,-91.5670776
6,10560001,Des Moines River near Keokuk,04/02/2001 11:10:00,AMBIENT,HARD-CARB,"Hardness, carbonate",Total,,150,mg/l,True,1,,,Unknown,UHL001,Actual,SW,Water,,,Lee,07100009,River/Stream,,40.4620485,-91.5670776
6,10560001,Des Moines River near Keokuk,04/02/2001 11:10:00,AMBIENT,NIT-AMM,Ammonia-nitrogen (as N),Total,,0.6,mg/l,True,0.1,,,Unknown,UHL001,Actual,SW,Water,,,Lee,07100009,River/Stream,,40.4620485,-91.5670776
6,10560001,Des Moines River near Keokuk,04/02/2001 11:10:00,AMBIENT,NIT-KJELD,Kjeldahl nitrogen (AS N),Total,,2.2,mg/l,True,0.1,,,Unknown,UHL001,Actual,SW,Water,,,Lee,07100009,River/Stream,,40.4620485,-91.5670776
6,10560001,Des Moines River near Keokuk,04/02/2001 11:10:00,AMBIENT,NIT-NO3-NO2,Inorganic nitrogen (nitrate and nitrite) (as N),Total,,4.3,mg/l,True,0.1,,,Unknown,UHL001,Actual,SW,Water,,,Lee,07100009,River/Stream,,40.4620485,-91.5670776
6,10560001,Des Moines River near Keokuk,04/02/2001 11:10:00,AMBIENT,PHOSP-PHOSP,Phosphate-phosphorus (as P),Total,,0.7,mg/l,True,0.1,,,Unknown,UHL001,Actual,SW,Water,,,Lee,07100009,River/Stream,,40.4620485,-91.5670776
6,10560001,Des Moines River near Keokuk,04/02/2001 11:10:00,AMBIENT,11096-82-5,Aroclor 1260,Total,,0.5,ug/l,False,0.5,,,8082(W),UHL001,Actual,SW,Water,,,Lee,07100009,River/Stream,,40.4620485,-91.5670776
6,10560001,Des Moines River near Keokuk,04/02/2001 11:10:00,AMBIENT,11097-69-1,Aroclor 1254,Total,,0.5,ug/l,False,0.5,,,8082(W),UHL001,Actual,SW,Water,,,Lee,07100009,River/Stream,,40.4620485,-91.5670776
6,10560001,Des Moines River near Keokuk,04/02/2001 11:10:00,AMBIENT,11104-28-2,Aroclor 1221,Total,,0.5,ug/l,False,0.5,,,8082(W),UHL001,Actual,SW,Water,,,Lee,07100009,River/Stream,,40.4620485,-91.5670776
6,10560001,Des Moines River near Keokuk,04/02/2001 11:10:00,AMBIENT,11141-16-5,Aroclor 1232,Total,,0.5,ug/l,False,0.5,,,8082(W),UHL001,Actual,SW,Water,,,Lee,07100009,River/Stream,,40.4620485,-91.5670776
6,10560001,Des Moines River near Keokuk,04/02/2001 11:10:00,AMBIENT,12672-29-6,Aroclor 1248,Total,,0.5,ug/l,False,0.5,,,8082(W),UHL001,Actual,SW,Water,,,Lee,07100009,River/Stream,,40.4620485,-91.5670776
6,10560001,Des Moines River near Keokuk,04/02/2001 11:10:00,AMBIENT,12674-11-2,Aroclor 1016,Total,,0.5,ug/l,False,0.5,,,8082(W),UHL001,Actual,SW,Water,,,Lee,07100009,River/Stream,,40.4620485,-91.5670776
6,10560001,Des Moines River near Keokuk,04/02/2001 11:10:00,AMBIENT,53469-21-9,Aroclor 1242,Total,,0.5,ug/l,False,0.5,,,8082(W),UHL001,Actual,SW,Water,,,Lee,07100009,River/Stream,,40.4620485,-91.5670776
6,10560001,Des Moines River near Keokuk,04/02/2001 11:10:00,AMBIENT,603-17-8,Pheophytin a,NonFilt,,7,ug/l,True,1,,,10200H(2),UHL001,Actual,SW,Water,,,Lee,07100009,River/Stream,,40.4620485,-91.5670776
6,10560001,Des Moines River near Keokuk,04/02/2001 11:10:00,AMBIENT,14265-44-2,Orthophosphate (as P),Dissolved,,0.3,mg/l,True,0.1,,,Unknown,UHL001,Actual,SW,Water,,,Lee,07100009,River/Stream,,40.4620485,-91.5670776
6,10560001,Des Moines River near Keokuk,04/02/2001 11:10:00,AMBIENT,7631-86-9,Silica,Dissolved,,12,mg/l,True,1,,,370.1,UHL001,Actual,SW,Water,,,Lee,07100009,River/Stream,,40.4620485,-91.5670776
6,10560001,Des Moines River near Keokuk,04/02/2001 11:10:00,AMBIENT,TDS,Total dissolved solids,Dissolved,,210,mg/l,True,1,,,160.1,UHL001,Actual,SW,Water,,,Lee,07100009,River/Stream,,40.4620485,-91.5670776
6,10560001,Des Moines River near Keokuk,04/02/2001 11:10:00,AMBIENT,TSS,Total suspended solids,NonFilt,,150,mg/l,True,1,,,I3765,UHL001,Actual,SW,Water,,,Lee,07100009,River/Stream,,40.4620485,-91.5670776
6,10560001,Des Moines River near Keokuk,04/02/2001 11:10:00,AMBIENT,SPEC-COND,Specific conductance,Total,,350,uS/cm,True,1,,,2510,UHL001,Actual,SW,Water,,,Lee,07100009,River/Stream,,40.4620485,-91.5670776
6,10560001,Des Moines River near Keokuk,04/02/2001 11:10:00,AMBIENT,14808-79-8,Sulfate (as SO4),Total,,25,mg/l,True,1,,,300(A),UHL001,Actual,SW,Water,,,Lee,07100009,River/Stream,,40.4620485,-91.5670776
6,10560001,Des Moines River near Keokuk,04/02/2001 11:10:00,AMBIENT,TURB,Turbidity,Total,,100,NTU,True,1,,,180.1,UHL001,Actual,SW,Water,,,Lee,07100009,River/Stream,,40.4620485,-91.5670776
6,10560001,Des Moines River near Keokuk,04/02/2001 11:10:00,AMBIENT,81777-89-1,Clomazone,Total,,0.05,ug/l,False,0.05,,,507,UHL001,Actual,SW,Water,,,Lee,07100009,River/Stream,,40.4620485,-91.5670776
6,10560001,Des Moines River near Keokuk,04/02/2001 11:10:00,AMBIENT,93-65-2,Mecoprop,Total,,200,ug/l,False,200,,,515.1,UHL001,Actual,SW,Water,,,Lee,07100009,River/Stream,,40.4620485,-91.5670776
6,10560001,Des Moines River near Keokuk,02/05/2002 12:30:00,AMBIENT,ENTERO,Enterococcus,Total,,10,MPN/100ml,True,10,,,1600,UHL001,Actual,SW,Water,,,Lee,07100009,River/Stream,,40.4620485,-91.5670776
6,10560001,Des Moines River near Keokuk,02/05/2002 12:30:00,AMBIENT,68583-22-2,Escherichia coli,Total,,10,MPN/100ml,False,10,,,APHA 9222 G,UHL001,Actual,SW,Water,,,Lee,07100009,River/Stream,,40.4620485,-91.5670776
6,10560001,Des Moines River near Keokuk,02/05/2002 12:30:00,AMBIENT,FEC-COL,Fecal Coliform,Total,,10,MPN/100ml,False,10,,,9222-D,UHL001,Actual,SW,Water,,,Lee,07100009,River/Stream,,40.4620485,-91.5670776
6,10560001,Des Moines River near Keokuk,02/05/2002 12:30:00,AMBIENT,HARD-CARB,"Hardness, carbonate",Total,,350,mg/l,True,1,,,Unknown,UHL001,Actual,SW,Water,,,Lee,07100009,River/Stream,,40.4620485,-91.5670776
6,10560001,Des Moines River near Keokuk,02/05/2002 12:30:00,AMBIENT,NIT-AMM,Ammonia-nitrogen (as N),Total,,0.05,mg/l,False,0.05,,,Unknown,UHL001,Actual,SW,Water,,,Lee,07100009,River/Stream,,40.4620485,-91.5670776
6,10560001,Des Moines River near Keokuk,02/05/2002 12:30:00,AMBIENT,NIT-KJELD,Kjeldahl nitrogen (AS N),Total,,0.77,mg/l,True,0.05,,,Unknown,UHL001,Actual,SW,Water,,,Lee,07100009,River/Stream,,40.4620485,-91.5670776
6,10560001,Des Moines River near Keokuk,02/05/2002 12:30:00,AMBIENT,NIT-NO3-NO2,Inorganic nitrogen (nitrate and nitrite) (as N),Total,,4.1,mg/l,True,0.1,,,Unknown,UHL001,Actual,SW,Water,,,Lee,07100009,River/Stream,,40.4620485,-91.5670776
6,10560001,Des Moines River near Keokuk,02/05/2002 12:30:00,AMBIENT,603-17-8,Pheophytin a,NonFilt,,1,ug/l,False,1,,,10200H(2),UHL001,Actual,SW,Water,,,Lee,07100009,River/Stream,,40.4620485,-91.5670776
6,10560001,Des Moines River near Keokuk,02/05/2002 12:30:00,AMBIENT,PHOSP-PHOSP,Phosphate-phosphorus (as P),Total,,0.28,mg/l,True,0.05,,,Unknown,UHL001,Actual,SW,Water,,,Lee,07100009,River/Stream,,40.4620485,-91.5670776
6,10560001,Des Moines River near Keokuk,02/05/2002 12:30:00,AMBIENT,14265-44-2,Orthophosphate (as P),Dissolved,,0.21,mg/l,True,0.05,,,Unknown,UHL001,Actual,SW,Water,,,Lee,07100009,River/Stream,,40.4620485,-91.5670776
6,10560001,Des Moines River near Keokuk,02/05/2002 12:30:00,AMBIENT,7631-86-9,Silica,Dissolved,,4.4,mg/l,True,1,,,370.1,UHL001,Actual,SW,Water,,,Lee,07100009,River/Stream,,40.4620485,-91.5670776
6,10560001,Des Moines River near Keokuk,02/05/2002 12:30:00,AMBIENT,TDS,Total dissolved solids,Dissolved,,480,mg/l,True,1,,,160.1,UHL001,Actual,SW,Water,,,Lee,07100009,River/Stream,,40.4620485,-91.5670776
6,10560001,Des Moines River near Keokuk,02/05/2002 12:30:00,AMBIENT,TSS,Total suspended solids,NonFilt,,8,mg/l,True,1,,,I3765,UHL001,Actual,SW,Water,,,Lee,07100009,River/Stream,,40.4620485,-91.5670776
6,10560001,Des Moines River near Keokuk,02/05/2002 12:30:00,AMBIENT,SPEC-COND,Specific conductance,Total,,790,uS/cm,True,1,,,2510,UHL001,Actual,SW,Water,,,Lee,07100009,River/Stream,,40.4620485,-91.5670776
6,10560001,Des Moines River near Keokuk,02/05/2002 12:30:00,AMBIENT,14808-79-8,Sulfate (as SO4),Total,,84,mg/l,True,1,,,300(A),UHL001,Actual,SW,Water,,,Lee,07100009,River/Stream,,40.4620485,-91.5670776
6,10560001,Des Moines River near Keokuk,02/05/2002 12:30:00,AMBIENT,TURB,Turbidity,Total,,6.1,NTU,True,1,,,180.1,UHL001,Actual,SW,Water,,,Lee,07100009,River/Stream,,40.4620485,-91.5670776
6,10560001,Des Moines River near Keokuk,03/05/2002 09:30:00,AMBIENT,7782-44-7,Dissolved oxygen (DO),Total,,16.6,mg/l,True,0.1,,,4500-O-G,,Actual,SW,Water,,,Lee,07100009,River/Stream,,40.4620485,-91.5670776
6,10560001,Des Moines River near Keokuk,04/01/2002 08:50:00,AMBIENT,7782-44-7,Dissolved oxygen (DO),Total,,15.2,mg/l,True,0.1,,,4500-O-G,,Actual,SW,Water,,,Lee,07100009,River/Stream,,40.4620485,-91.5670776
6,10560001,Des Moines River near Keokuk,04/01/2002 08:50:00,AMBIENT,FLOW,Flow,Total,,2700,cfs,True,0.1,,,USGS CA8,,Actual,SW,Water,,,Lee,07100009,River/Stream,,40.4620485,-91.5670776
6,10560001,Des Moines River near Keokuk,04/01/2002 08:50:00,AMBIENT,PH,pH,Total,,8.9,None,True,,,,4500-H,,Actual,SW,Water,,,Lee,07100009,River/Stream,,40.4620485,-91.5670776
6,10560001,Des Moines River near Keokuk,04/01/2002 08:50:00,AMBIENT,TDS,Total dissolved solids,Dissolved,,340,mg/l,True,1,,,160.1,UHL001,Actual,SW,Water,,,Lee,07100009,River/Stream,,40.4620485,-91.5670776
6,10560001,Des Moines River near Keokuk,04/01/2002 08:50:00,AMBIENT,TSS,Total suspended solids,NonFilt,,120,mg/l,True,1,,,I3765,UHL001,Actual,SW,Water,,,Lee,07100009,River/Stream,,40.4620485,-91.5670776
6,10560001,Des Moines River near Keokuk,04/01/2002 08:50:00,AMBIENT,SPEC-COND,Specific conductance,Total,,530,uS/cm,True,1,,,2510,UHL001,Actual,SW,Water,,,Lee,07100009,River/Stream,,40.4620485,-91.5670776
6,10560001,Des Moines River near Keokuk,04/01/2002 08:50:00,AMBIENT,14808-79-8,Sulfate (as SO4),Total,,88,mg/l,True,1,,,300(A),UHL001,Actual,SW,Water,,,Lee,07100009,River/Stream,,40.4620485,-91.5670776
6,10560001,Des Moines River near Keokuk,04/01/2002 08:50:00,AMBIENT,TURB,Turbidity,Total,,41,NTU,True,1,,,180.1,UHL001,Actual,SW,Water,,,Lee,07100009,River/Stream,,40.4620485,-91.5670776
6,10560001,Des Moines River near Keokuk,04/01/2002 08:50:00,AMBIENT,81777-89-1,Clomazone,Total,,0.05,ug/l,False,0.05,,,507,UHL001,Actual,SW,Water,,,Lee,07100009,River/Stream,,40.4620485,-91.5670776
6,10560001,Des Moines River near Keokuk,04/01/2002 08:50:00,AMBIENT,93-65-2,Mecoprop,Total,,200,ug/l,False,200,,,515.1,UHL001,Actual,SW,Water,,,Lee,07100009,River/Stream,,40.4620485,-91.5670776
6,10560001,Des Moines River near Keokuk,08/01/2002 11:45:00,AMBIENT,PHOSP-PHOSP,Phosphate-phosphorus (as P),Total,,0.14,mg/l,True,0.05,,,Unknown,UHL001,Actual,SW,Water,,,Lee,07100009,River/Stream,,40.4620485,-91.5670776
6,10560001,Des Moines River near Keokuk,08/01/2002 11:45:00,AMBIENT,14265-44-2,Orthophosphate (as P),Dissolved,,0.05,mg/l,False,0.05,,,Unknown,UHL001,Actual,SW,Water,,,Lee,07100009,River/Stream,,40.4620485,-91.5670776
6,10560001,Des Moines River near Keokuk,08/01/2002 11:45:00,AMBIENT,7631-86-9,Silica,Dissolved,,3.7,mg/l,True,1,,,370.1,UHL001,Actual,SW,Water,,,Lee,07100009,River/Stream,,40.4620485,-91.5670776
6,10560001,Des Moines River near Keokuk,08/01/2002 11:45:00,AMBIENT,TDS,Total dissolved solids,Dissolved,,270,mg/l,True,1,,,160.1,UHL001,Actual,SW,Water,,,Lee,07100009,River/Stream,,40.4620485,-91.5670776
6,10560001,Des Moines River near Keokuk,08/01/2002 11:45:00,AMBIENT,TSS,Total suspended solids,NonFilt,,34,mg/l,True,1,,,I3765,UHL001,Actual,SW,Water,,,Lee,07100009,River/Stream,,40.4620485,-91.5670776
6,10560001,Des Moines River near Keokuk,08/01/2002 11:45:00,AMBIENT,SPEC-COND,Specific conductance,Total,,420,uS/cm,True,1,,,2510,UHL001,Actual,SW,Water,,,Lee,07100009,River/Stream,,40.4620485,-91.5670776
6,10560001,Des Moines River near Keokuk,08/01/2002 11:45:00,AMBIENT,14808-79-8,Sulfate (as SO4),Total,,64,mg/l,True,1,,,300(A),UHL001,Actual,SW,Water,,,Lee,07100009,River/Stream,,40.4620485,-91.5670776
6,10560001,Des Moines River near Keokuk,08/01/2002 11:45:00,AMBIENT,TURB,Turbidity,Total,,22,NTU,True,1,,,180.1,UHL001,Actual,SW,Water,,,Lee,07100009,River/Stream,,40.4620485,-91.5670776
6,10560001,Des Moines River near Keokuk,09/04/2002 12:00:00,AMBIENT,7782-44-7,Dissolved oxygen (DO),Total,,10.4,mg/l,True,0.1,,,4500-O-G,,Actual,SW,Water,,,Lee,07100009,River/Stream,,40.4620485,-91.5670776
6,10560001,Des Moines River near Keokuk,09/04/2002 12:00:00,AMBIENT,FLOW,Flow,Total,,2900,cfs,True,0.1,,,USGS CA8,,Actual,SW,Water,,,Lee,07100009,River/Stream,,40.4620485,-91.5670776
6,10560001,Des Moines River near Keokuk,09/04/2002 12:00:00,AMBIENT,PH,pH,Total,,8.8,None,True,,,,4500-H,,Actual,SW,Water,,,Lee,07100009,River/Stream,,40.4620485,-91.5670776
6,10560001,Des Moines River near Keokuk,09/04/2002 12:00:00,AMBIENT,TEMP-WATER,"Temperature, water",Total,,25.5,deg C,True,0,,,2550,,Actual,SW,Water,,,Lee,07100009,River/Stream,,40.4620485,-91.5670776
6,10560001,Des Moines River near Keokuk,09/04/2002 12:00:00,AMBIENT,1007-28-9,2-Choro-6-ethylamino-4-amino-s-triazine,Total,,0.05,ug/l,False,0.05,,,507,UHL001,Actual,SW,Water,,,Lee,07100009,River/Stream,,40.4620485,-91.5670776
6,10560001,Des Moines River near Keokuk,09/04/2002 12:00:00,AMBIENT,122-34-9,Simazine,Total,,0.05,ug/l,False,0.05,,,507,UHL001,Actual,SW,Water,,,Lee,07100009,River/Stream,,40.4620485,-91.5670776
6,10560001,Des Moines River near Keokuk,09/04/2002 12:00:00,AMBIENT,139-40-2,Propazine,Total,,0.05,ug/l,False,0.05,,,507,UHL001,Actual,SW,Water,,,Lee,07100009,River/Stream,,40.4620485,-91.5670776
6,10560001,Des Moines River near Keokuk,09/04/2002 12:00:00,AMBIENT,1582-09-8,Trifluralin,Total,,0.05,ug/l,False,0.05,,,507,UHL001,Actual,SW,Water,,,Lee,07100009,River/Stream,,40.4620485,-91.5670776
6,10560001,Des Moines River near Keokuk,09/04/2002 12:00:00,AMBIENT,15972-60-8,Alachlor,Total,,0.05,ug/l,False,0.05,,,507,UHL001,Actual,SW,Water,,,Lee,07100009,River/Stream,,40.4620485,-91.5670776
6,10560001,Des Moines River near Keokuk,09/04/2002 12:00:00,AMBIENT,1610-18-0,Prometon,Total,,0.05,ug/l,False,0.05,,,507,UHL001,Actual,SW,Water,,,Lee,07100009,River/Stream,,40.4620485,-91.5670776
6,10560001,Des Moines River near Keokuk,09/04/2002 12:00:00,AMBIENT,1912-24-9,Atrazine,Total,,0.37,ug/l,True,0.05,,,507,UHL001,Actual,SW,Water,,,Lee,07100009,River/Stream,,40.4620485,-91.5670776
6,10560001,Des Moines River near Keokuk,09/04/2002 12:00:00,AMBIENT,1918-16-7,Propachlor,Total,,0.05,ug/l,False,0.05,,,507,UHL001,Actual,SW,Water,,,Lee,07100009,River/Stream,,40.4620485,-91.5670776
6,10560001,Des Moines River near Keokuk,09/04/2002 12:00:00,AMBIENT,2008-41-5,Butylate,Total,,0.05,ug/l,False,0.05,,,507,UHL001,Actual,SW,Water,,,Lee,07100009,River/Stream,,40.4620485,-91.5670776
6,10560001,Des Moines River near Keokuk,09/04/2002 12:00:00,AMBIENT,21087-64-9,Metribuzin,Total,,0.05,ug/l,False,0.05,,,507,UHL001,Actual,SW,Water,,,Lee,07100009,River/Stream,,40.4620485,-91.5670776
6,10560001,Des Moines River near Keokuk,09/04/2002 12:00:00,AMBIENT,21725-46-2,Cyanazine,Total,,0.05,ug/l,False,0.05,,,507,UHL001,Actual,SW,Water,,,Lee,07100009,River/Stream,,40.4620485,-91.5670776
6,10560001,Des Moines River near Keokuk,09/04/2002 12:00:00,AMBIENT,34256-82-1,Acetochlor,Total,,0.05,ug/l,False,0.05,,,507,UHL001,Actual,SW,Water,,,Lee,07100009,River/Stream,,40.4620485,-91.5670776
6,10560001,Des Moines River near Keokuk,09/04/2002 12:00:00,AMBIENT,51218-45-2,Metolachlor,Total,,0.05,ug/l,False,0.05,,,507,UHL001,Actual,SW,Water,,,Lee,07100009,River/Stream,,40.4620485,-91.5670776
6,10560001,Des Moines River near Keokuk,09/04/2002 12:00:00,AMBIENT,6190-65-4,2-Chloro-4-isopropylamino-6-amino-s-triazine,Total,,0.13,ug/l,True,0.05,,,507,UHL001,Actual,SW,Water,,,Lee,07100009,River/Stream,,40.4620485,-91.5670776
6,10560001,Des Moines River near Keokuk,09/04/2002 12:00:00,AMBIENT,759-94-4,S-Ethyl dipropylthiocarbamate,Total,,0.05,ug/l,False,0.05,,,507,UHL001,Actual,SW,Water,,,Lee,07100009,River/Stream,,40.4620485,-91.5670776
6,10560001,Des Moines River near Keokuk,09/04/2002 12:00:00,AMBIENT,834-12-8,Ametryn,Total,,0.05,ug/l,False,0.05,,,507,UHL001,Actual,SW,Water,,,Lee,07100009,River/Stream,,40.4620485,-91.5670776
6,10560001,Des Moines River near Keokuk,09/04/2002 12:00:00,AMBIENT,87674-68-8,Dimethenamid,Total,,0.05,ug/l,False,0.05,,,507,UHL001,Actual,SW,Water,,,Lee,07100009,River/Stream,,40.4620485,-91.5670776
6,10560001,Des Moines River near Keokuk,09/04/2002 12:00:00,AMBIENT,CBOD-SC,"Carbonaceous biochemical oxygen demand, standard conditions",Total,,5,mg/l,True,2,,,UnknownBOD,UHL001,Actual,SW,Water,,,Lee,07100009,River/Stream,,40.4620485,-91.5670776
6,10560001,Des Moines River near Keokuk,08/01/2002 11:45:00,AMBIENT,7440-44-0,Carbon,Total,,4.7,mg/l,True,0.5,,,415.1,UHL001,Actual,SW,Water,,,Lee,07100009,River/Stream,,40.4620485,-91.5670776
6,10560001,Des Moines River near Keokuk,09/04/2002 12:00:00,AMBIENT,7440-44-0,Carbon,Total,,3.6,mg/l,True,0.5,,,415.1,UHL001,Actual,SW,Water,,,Lee,07100009,River/Stream,,40.4620485,-91.5670776
6,10560001,Des Moines River near Keokuk,10/02/2001 11:15:00,AMBIENT,7782-44-7,Dissolved oxygen (DO),Total,,8,mg/l,True,0.1,,,4500-O-G,,Actual,SW,Water,,,Lee,07100009,River/Stream,,40.4620485,-91.5670776
6,10560001,Des Moines River near Keokuk,10/02/2001 11:15:00,AMBIENT,FLOW,Flow,Total,,1300,cfs,True,,,,USGS CA8,,Actual,SW,Water,,,Lee,07100009,River/Stream,,40.4620485,-91.5670776
6,10560001,Des Moines River near Keokuk,10/02/2001 11:15:00,AMBIENT,PH,pH,Total,,9,None,True,,,,4500-H,,Actual,SW,Water,,,Lee,07100009,River/Stream,,40.4620485,-91.5670776
6,10560001,Des Moines River near Keokuk,10/02/2001 11:15:00,AMBIENT,TEMP-WATER,"Temperature, water",Total,,19,deg C,True,0,,,2550,,Actual,SW,Water,,,Lee,07100009,River/Stream,,40.4620485,-91.5670776
6,10560001,Des Moines River near Keokuk,10/02/2001 11:15:00,AMBIENT,1007-28-9,2-Choro-6-ethylamino-4-amino-s-triazine,Total,,0.05,ug/l,False,0.05,,,507,UHL001,Actual,SW,Water,,,Lee,07100009,River/Stream,,40.4620485,-91.5670776
6,10560001,Des Moines River near Keokuk,10/02/2001 11:15:00,AMBIENT,122-34-9,Simazine,Total,,0.05,ug/l,False,0.05,,,507,UHL001,Actual,SW,Water,,,Lee,07100009,River/Stream,,40.4620485,-91.5670776
6,10560001,Des Moines River near Keokuk,10/02/2001 11:15:00,AMBIENT,139-40-2,Propazine,Total,,0.05,ug/l,False,0.05,,,507,UHL001,Actual,SW,Water,,,Lee,07100009,River/Stream,,40.4620485,-91.5670776
6,10560001,Des Moines River near Keokuk,10/02/2001 11:15:00,AMBIENT,1582-09-8,Trifluralin,Total,,0.05,ug/l,False,0.05,,,507,UHL001,Actual,SW,Water,,,Lee,07100009,River/Stream,,40.4620485,-91.5670776
6,10560001,Des Moines River near Keokuk,10/02/2001 11:15:00,AMBIENT,15972-60-8,Alachlor,Total,,0.05,ug/l,False,0.05,,,507,UHL001,Actual,SW,Water,,,Lee,07100009,River/Stream,,40.4620485,-91.5670776
6,10560001,Des Moines River near Keokuk,10/02/2001 11:15:00,AMBIENT,1610-18-0,Prometon,Total,,0.05,ug/l,False,0.05,,,507,UHL001,Actual,SW,Water,,,Lee,07100009,River/Stream,,40.4620485,-91.5670776
6,10560001,Des Moines River near Keokuk,10/02/2001 11:15:00,AMBIENT,1912-24-9,Atrazine,Total,,0.3,ug/l,True,0.05,,,507,UHL001,Actual,SW,Water,,,Lee,07100009,River/Stream,,40.4620485,-91.5670776
6,10560001,Des Moines River near Keokuk,10/02/2001 11:15:00,AMBIENT,1918-16-7,Propachlor,Total,,0.05,ug/l,False,0.05,,,507,UHL001,Actual,SW,Water,,,Lee,07100009,River/Stream,,40.4620485,-91.5670776
6,10560001,Des Moines River near Keokuk,10/02/2001 11:15:00,AMBIENT,2008-41-5,Butylate,Total,,0.05,ug/l,False,0.05,,,507,UHL001,Actual,SW,Water,,,Lee,07100009,River/Stream,,40.4620485,-91.5670776
6,10560001,Des Moines River near Keokuk,10/02/2001 11:15:00,AMBIENT,21087-64-9,Metribuzin,Total,,0.05,ug/l,False,0.05,,,507,UHL001,Actual,SW,Water,,,Lee,07100009,River/Stream,,40.4620485,-91.5670776
6,10560001,Des Moines River near Keokuk,10/02/2001 11:15:00,AMBIENT,21725-46-2,Cyanazine,Total,,0.05,ug/l,False,0.05,,,507,UHL001,Actual,SW,Water,,,Lee,07100009,River/Stream,,40.4620485,-91.5670776
6,10560001,Des Moines River near Keokuk,10/02/2001 11:15:00,AMBIENT,34256-82-1,Acetochlor,Total,,0.05,ug/l,False,0.05,,,507,UHL001,Actual,SW,Water,,,Lee,07100009,River/Stream,,40.4620485,-91.5670776
6,10560001,Des Moines River near Keokuk,10/02/2001 11:15:00,AMBIENT,51218-45-2,Metolachlor,Total,,0.06,ug/l,True,0.05,,,507,UHL001,Actual,SW,Water,,,Lee,07100009,River/Stream,,40.4620485,-91.5670776
6,10560001,Des Moines River near Keokuk,10/02/2001 11:15:00,AMBIENT,6190-65-4,2-Chloro-4-isopropylamino-6-amino-s-triazine,Total,,0.094,ug/l,True,0.05,,,507,UHL001,Actual,SW,Water,,,Lee,07100009,River/Stream,,40.4620485,-91.5670776
6,10560001,Des Moines River near Keokuk,10/02/2001 11:15:00,AMBIENT,759-94-4,S-Ethyl dipropylthiocarbamate,Total,,0.05,ug/l,False,0.05,,,507,UHL001,Actual,SW,Water,,,Lee,07100009,River/Stream,,40.4620485,-91.5670776
6,10560001,Des Moines River near Keokuk,10/02/2001 11:15:00,AMBIENT,834-12-8,Ametryn,Total,,0.05,ug/l,False,0.05,,,507,UHL001,Actual,SW,Water,,,Lee,07100009,River/Stream,,40.4620485,-91.5670776
6,10560001,Des Moines River near Keokuk,10/02/2001 11:15:00,AMBIENT,87674-68-8,Dimethenamid,Total,,0.05,ug/l,False,0.05,,,507,UHL001,Actual,SW,Water,,,Lee,07100009,River/Stream,,40.4620485,-91.5670776
6,10560001,Des Moines River near Keokuk,11/05/2001 09:35:00,AMBIENT,7782-44-7,Dissolved oxygen (DO),Total,,10.5,mg/l,True,0.1,,,4500-O-G,,Actual,SW,Water,,,Lee,07100009,River/Stream,,40.4620485,-91.5670776
6,10560001,Des Moines River near Keokuk,11/05/2001 09:35:00,AMBIENT,FLOW,Flow,Total,,500,cfs,True,,,,USGS CA8,,Actual,SW,Water,,,Lee,07100009,River/Stream,,40.4620485,-91.5670776
6,10560001,Des Moines River near Keokuk,11/05/2001 09:35:00,AMBIENT,PH,pH,Total,,8.3,None,True,,,,4500-H,,Actual,SW,Water,,,Lee,07100009,River/Stream,,40.4620485,-91.5670776
6,10560001,Des Moines River near Keokuk,11/05/2001 09:35:00,AMBIENT,TEMP-WATER,"Temperature, water",Total,,12.5,deg C,True,0,,,2550,,Actual,SW,Water,,,Lee,07100009,River/Stream,,40.4620485,-91.5670776
6,10560001,Des Moines River near Keokuk,11/05/2001 09:35:00,AMBIENT,CLOUD-COVCL,Cloud cover (choice list),Total,,0,None,True,,,,Unknown,,,AIR,Air,,,Lee,07100009,River/Stream,,40.4620485,-91.5670776
6,10560001,Des Moines River near Keokuk,11/05/2001 09:35:00,AMBIENT,TEMP-AIR,"Temperature, air",Total,,56,deg F,True,,,,Unknown,,Estimated,AIR,Air,,,Lee,07100009,River/Stream,,40.4620485,-91.5670776
6,10560001,Des Moines River near Keokuk,11/05/2001 09:35:00,AMBIENT,WIND-DIR,"Wind direction (direction from, expressed 0-360 deg)",Total,,180,Deg,True,,,,Unknown,,Estimated,AIR,Air,,,Lee,07100009,River/Stream,,40.4620485,-91.5670776
6,10560001,Des Moines River near Keokuk,11/05/2001 09:35:00,AMBIENT,WIND-VEL,Wind velocity,Total,,12,mph,True,,,,Unknown,,Estimated,AIR,Air,,,Lee,07100009,River/Stream,,40.4620485,-91.5670776
6,10560001,Des Moines River near Keokuk,11/05/2001 09:35:00,AMBIENT,FLOW-SEV,"Flow, severity (choice list)",Total,,0,None,True,,,,Unknown,,,SW,Water,,,Lee,07100009,River/Stream,,40.4620485,-91.5670776
6,10560001,Des Moines River near Keokuk,11/05/2001 09:35:00,AMBIENT,ICE-COVERCL,"Ice cover, floating or solid - severity (choice list)",Total,,0,None,True,,,,Unknown,,,SW,Water,,,Lee,07100009,River/Stream,,40.4620485,-91.5670776
6,10560001,Des Moines River near Keokuk,11/05/2001 09:35:00,AMBIENT,1007-28-9,2-Choro-6-ethylamino-4-amino-s-triazine,Total,,0.05,ug/l,False,0.05,,,507,UHL001,Actual,SW,Water,,,Lee,07100009,River/Stream,,40.4620485,-91.5670776
6,10560001,Des Moines River near Keokuk,11/05/2001 09:35:00,AMBIENT,122-34-9,Simazine,Total,,0.05,ug/l,False,0.05,,,507,UHL001,Actual,SW,Water,,,Lee,07100009,River/Stream,,40.4620485,-91.5670776
6,10560001,Des Moines River near Keokuk,11/05/2001 09:35:00,AMBIENT,139-40-2,Propazine,Total,,0.05,ug/l,False,0.05,,,507,UHL001,Actual,SW,Water,,,Lee,07100009,River/Stream,,40.4620485,-91.5670776
6,10560001,Des Moines River near Keokuk,11/05/2001 09:35:00,AMBIENT,1582-09-8,Trifluralin,Total,,0.05,ug/l,False,0.05,,,507,UHL001,Actual,SW,Water,,,Lee,07100009,River/Stream,,40.4620485,-91.5670776
6,10560001,Des Moines River near Keokuk,11/05/2001 09:35:00,AMBIENT,15972-60-8,Alachlor,Total,,0.05,ug/l,False,0.05,,,507,UHL001,Actual,SW,Water,,,Lee,07100009,River/Stream,,40.4620485,-91.5670776
6,10560001,Des Moines River near Keokuk,11/05/2001 09:35:00,AMBIENT,1610-18-0,Prometon,Total,,0.05,ug/l,False,0.05,,,507,UHL001,Actual,SW,Water,,,Lee,07100009,River/Stream,,40.4620485,-91.5670776
6,10560001,Des Moines River near Keokuk,11/05/2001 09:35:00,AMBIENT,1912-24-9,Atrazine,Total,,0.2,ug/l,True,0.05,,,507,UHL001,Actual,SW,Water,,,Lee,07100009,River/Stream,,40.4620485,-91.5670776
6,10560001,Des Moines River near Keokuk,11/05/2001 09:35:00,AMBIENT,1918-16-7,Propachlor,Total,,0.05,ug/l,False,0.05,,,507,UHL001,Actual,SW,Water,,,Lee,07100009,River/Stream,,40.4620485,-91.5670776
6,10560001,Des Moines River near Keokuk,11/05/2001 09:35:00,AMBIENT,2008-41-5,Butylate,Total,,0.05,ug/l,False,0.05,,,507,UHL001,Actual,SW,Water,,,Lee,07100009,River/Stream,,40.4620485,-91.5670776
6,10560001,Des Moines River near Keokuk,11/05/2001 09:35:00,AMBIENT,21087-64-9,Metribuzin,Total,,0.05,ug/l,False,0.05,,,507,UHL001,Actual,SW,Water,,,Lee,07100009,River/Stream,,40.4620485,-91.5670776
6,10560001,Des Moines River near Keokuk,11/05/2001 09:35:00,AMBIENT,21725-46-2,Cyanazine,Total,,0.05,ug/l,False,0.05,,,507,UHL001,Actual,SW,Water,,,Lee,07100009,River/Stream,,40.4620485,-91.5670776
6,10560001,Des Moines River near Keokuk,11/05/2001 09:35:00,AMBIENT,34256-82-1,Acetochlor,Total,,0.05,ug/l,False,0.05,,,507,UHL001,Actual,SW,Water,,,Lee,07100009,River/Stream,,40.4620485,-91.5670776
6,10560001,Des Moines River near Keokuk,11/05/2001 09:35:00,AMBIENT,51218-45-2,Metolachlor,Total,,0.05,ug/l,False,0.05,,,507,UHL001,Actual,SW,Water,,,Lee,07100009,River/Stream,,40.4620485,-91.5670776
6,10560001,Des Moines River near Keokuk,11/05/2001 09:35:00,AMBIENT,6190-65-4,2-Chloro-4-isopropylamino-6-amino-s-triazine,Total,,0.062,ug/l,True,0.05,,,507,UHL001,Actual,SW,Water,,,Lee,07100009,River/Stream,,40.4620485,-91.5670776
6,10560001,Des Moines River near Keokuk,11/05/2001 09:35:00,AMBIENT,759-94-4,S-Ethyl dipropylthiocarbamate,Total,,0.05,ug/l,False,0.05,,,507,UHL001,Actual,SW,Water,,,Lee,07100009,River/Stream,,40.4620485,-91.5670776
6,10560001,Des Moines River near Keokuk,11/05/2001 09:35:00,AMBIENT,834-12-8,Ametryn,Total,,0.05,ug/l,False,0.05,,,507,UHL001,Actual,SW,Water,,,Lee,07100009,River/Stream,,40.4620485,-91.5670776
6,10560001,Des Moines River near Keokuk,11/05/2001 09:35:00,AMBIENT,87674-68-8,Dimethenamid,Total,,0.05,ug/l,False,0.05,,,507,UHL001,Actual,SW,Water,,,Lee,07100009,River/Stream,,40.4620485,-91.5670776
6,10560001,Des Moines River near Keokuk,11/05/2001 09:35:00,AMBIENT,CBOD-SC,"Carbonaceous biochemical oxygen demand, standard conditions",Total,,2,mg/l,False,2,,,UnknownBOD,UHL001,Actual,SW,Water,,,Lee,07100009,River/Stream,,40.4620485,-91.5670776
6,10560001,Des Moines River near Keokuk,11/05/2001 09:35:00,AMBIENT,16887-00-6,Chloride,Total,,24,mg/l,True,1,,,325.3,UHL001,Actual,SW,Water,,,Lee,07100009,River/Stream,,40.4620485,-91.5670776
6,10560001,Des Moines River near Keokuk,11/05/2001 09:35:00,AMBIENT,11003-45-5,Chlorophyll c,NonFilt,,1,ug/l,True,1,,,10200-H,UHL001,Actual,SW,Water,,,Lee,07100009,River/Stream,,40.4620485,-91.5670776
6,10560001,Des Moines River near Keokuk,11/05/2001 09:35:00,AMBIENT,479-61-8,Chlorophyll a,NonFilt,,19,ug/l,True,1,,,10200-H,UHL001,Actual,SW,Water,,,Lee,07100009,River/Stream,,40.4620485,-91.5670776
6,10560001,Des Moines River near Keokuk,11/05/2001 09:35:00,AMBIENT,519-62-0,Chlorophyll b,NonFilt,,1,ug/l,False,1,,,10200-H,UHL001,Actual,SW,Water,,,Lee,07100009,River/Stream,,40.4620485,-91.5670776
6,10560001,Des Moines River near Keokuk,11/05/2001 09:35:00,AMBIENT,CLR-A-UCP,"Chlorophyll a, uncorrected for pheophytin",NonFilt,,20,ug/l,True,1,,,10200-H,UHL001,Actual,SW,Water,,,Lee,07100009,River/Stream,,40.4620485,-91.5670776
6,10560001,Des Moines River near Keokuk,11/05/2001 09:35:00,AMBIENT,ENTERO,Enterococcus,Total,,30,MPN/100ml,True,10,,,1600,UHL001,Actual,SW,Water,,,Lee,07100009,River/Stream,,40.4620485,-91.5670776
6,10560001,Des Moines River near Keokuk,11/05/2001 09:35:00,AMBIENT,68583-22-2,Escherichia coli,Total,,70,MPN/100ml,True,10,,,APHA 9222 G,UHL001,Actual,SW,Water,,,Lee,07100009,River/Stream,,40.4620485,-91.5670776
6,10560001,Des Moines River near Keokuk,11/05/2001 09:35:00,AMBIENT,FEC-COL,Fecal Coliform,Total,,80,MPN/100ml,True,10,,,9222-D,UHL001,Actual,SW,Water,,,Lee,07100009,River/Stream,,40.4620485,-91.5670776
6,10560001,Des Moines River near Keokuk,11/05/2001 09:35:00,AMBIENT,HARD-CARB,"Hardness, carbonate",Total,,260,mg/l,True,1,,,Unknown,UHL001,Actual,SW,Water,,,Lee,07100009,River/Stream,,40.4620485,-91.5670776
6,10560001,Des Moines River near Keokuk,11/05/2001 09:35:00,AMBIENT,NIT-AMM,Ammonia-nitrogen (as N),Total,,0.05,mg/l,False,0.05,,,Unknown,UHL001,Actual,SW,Water,,,Lee,07100009,River/Stream,,40.4620485,-91.5670776
6,10560001,Des Moines River near Keokuk,11/05/2001 09:35:00,AMBIENT,NIT-KJELD,Kjeldahl nitrogen (AS N),Total,,0.51,mg/l,True,0.05,,,Unknown,UHL001,Actual,SW,Water,,,Lee,07100009,River/Stream,,40.4620485,-91.5670776
6,10560001,Des Moines River near Keokuk,11/05/2001 09:35:00,AMBIENT,NIT-NO3-NO2,Inorganic nitrogen (nitrate and nitrite) (as N),Total,,1.4,mg/l,True,0.1,,,Unknown,UHL001,Actual,SW,Water,,,Lee,07100009,River/Stream,,40.4620485,-91.5670776
6,10560001,Des Moines River near Keokuk,11/05/2001 09:35:00,AMBIENT,603-17-8,Pheophytin a,NonFilt,,1,ug/l,True,1,,,10200H(2),UHL001,Actual,SW,Water,,,Lee,07100009,River/Stream,,40.4620485,-91.5670776
6,10560001,Des Moines River near Keokuk,11/05/2001 09:35:00,AMBIENT,PHOSP-PHOSP,Phosphate-phosphorus (as P),Total,,0.09,mg/l,True,0.05,,,Unknown,UHL001,Actual,SW,Water,,,Lee,07100009,River/Stream,,40.4620485,-91.5670776
6,10560001,Des Moines River near Keokuk,11/05/2001 09:35:00,AMBIENT,14265-44-2,Orthophosphate (as P),Dissolved,,0.07,mg/l,True,0.05,,,Unknown,UHL001,Actual,SW,Water,,,Lee,07100009,River/Stream,,40.4620485,-91.5670776
6,10560001,Des Moines River near Keokuk,12/03/2001 09:45:00,AMBIENT,7782-44-7,Dissolved oxygen (DO),Total,,12.8,mg/l,True,0.1,,,4500-O-G,,Actual,SW,Water,,,Lee,07100009,River/Stream,,40.4620485,-91.5670776
6,10560001,Des Moines River near Keokuk,12/03/2001 09:45:00,AMBIENT,FLOW,Flow,Total,,2600,cfs,True,,,,USGS CA8,,Actual,SW,Water,,,Lee,07100009,River/Stream,,40.4620485,-91.5670776
6,10560001,Des Moines River near Keokuk,12/03/2001 09:45:00,AMBIENT,TURB,Turbidity,Total,,9.1,NTU,True,1,,,180.1,UHL001,Actual,SW,Water,,,Lee,07100009,River/Stream,,40.4620485,-91.5670776
6,10560001,Des Moines River near Keokuk,01/02/2002 10:45:00,AMBIENT,PH,pH,Total,,7.3,None,True,,,,4500-H,,Actual,SW,Water,,,Lee,07100009,River/Stream,,40.4620485,-91.5670776
6,10560001,Des Moines River near Keokuk,01/02/2002 10:45:00,AMBIENT,TEMP-WATER,"Temperature, water",Total,,0,deg C,True,0,,,2550,,Actual,SW,Water,,,Lee,07100009,River/Stream,,40.4620485,-91.5670776
6,10560001,Des Moines River near Keokuk,01/02/2002 10:45:00,AMBIENT,CLOUD-COVCL,Cloud cover (choice list),Total,,0,None,True,,,,Unknown,,,AIR,Air,,,Lee,07100009,River/Stream,,40.4620485,-91.5670776
6,10560001,Des Moines River near Keokuk,01/02/2002 10:45:00,AMBIENT,TEMP-AIR,"Temperature, air",Total,,15,deg F,True,,,,Unknown,,Estimated,AIR,Air,,,Lee,07100009,River/Stream,,40.4620485,-91.5670776
6,10560001,Des Moines River near Keokuk,01/02/2002 10:45:00,AMBIENT,WIND-DIR,"Wind direction (direction from, expressed 0-360 deg)",Total,,270,Deg,True,,,,Unknown,,Estimated,AIR,Air,,,Lee,07100009,River/Stream,,40.4620485,-91.5670776
6,10560001,Des Moines River near Keokuk,01/02/2002 10:45:00,AMBIENT,WIND-VEL,Wind velocity,Total,,2,mph,True,,,,Unknown,,Estimated,AIR,Air,,,Lee,07100009,River/Stream,,40.4620485,-91.5670776
6,10560001,Des Moines River near Keokuk,01/02/2002 10:45:00,AMBIENT,FLOW-SEV,"Flow, severity (choice list)",Total,,0,None,True,,,,Unknown,,,SW,Water,,,Lee,07100009,River/Stream,,40.4620485,-91.5670776
6,10560001,Des Moines River near Keokuk,01/02/2002 10:45:00,AMBIENT,ICE-COVERCL,"Ice cover, floating or solid - severity (choice list)",Total,,0,None,True,,,,Unknown,,,SW,Water,,,Lee,07100009,River/Stream,,40.4620485,-91.5670776
6,10560001,Des Moines River near Keokuk,01/02/2002 10:45:00,AMBIENT,1007-28-9,2-Choro-6-ethylamino-4-amino-s-triazine,Total,,0.05,ug/l,False,0.05,,,507,UHL001,Actual,SW,Water,,,Lee,07100009,River/Stream,,40.4620485,-91.5670776
6,10560001,Des Moines River near Keokuk,01/02/2002 10:45:00,AMBIENT,122-34-9,Simazine,Total,,0.05,ug/l,False,0.05,,,507,UHL001,Actual,SW,Water,,,Lee,07100009,River/Stream,,40.4620485,-91.5670776
6,10560001,Des Moines River near Keokuk,01/02/2002 10:45:00,AMBIENT,139-40-2,Propazine,Total,,0.05,ug/l,False,0.05,,,507,UHL001,Actual,SW,Water,,,Lee,07100009,River/Stream,,40.4620485,-91.5670776
6,10560001,Des Moines River near Keokuk,01/02/2002 10:45:00,AMBIENT,1582-09-8,Trifluralin,Total,,0.05,ug/l,False,0.05,,,507,UHL001,Actual,SW,Water,,,Lee,07100009,River/Stream,,40.4620485,-91.5670776
6,10560001,Des Moines River near Keokuk,01/02/2002 10:45:00,AMBIENT,15972-60-8,Alachlor,Total,,0.05,ug/l,False,0.05,,,507,UHL001,Actual,SW,Water,,,Lee,07100009,River/Stream,,40.4620485,-91.5670776
6,10560001,Des Moines River near Keokuk,01/02/2002 10:45:00,AMBIENT,1610-18-0,Prometon,Total,,0.05,ug/l,False,0.05,,,507,UHL001,Actual,SW,Water,,,Lee,07100009,River/Stream,,40.4620485,-91.5670776
6,10560001,Des Moines River near Keokuk,01/02/2002 10:45:00,AMBIENT,1912-24-9,Atrazine,Total,,0.21,ug/l,True,0.05,,,507,UHL001,Actual,SW,Water,,,Lee,07100009,River/Stream,,40.4620485,-91.5670776
6,10560001,Des Moines River near Keokuk,01/02/2002 10:45:00,AMBIENT,1918-16-7,Propachlor,Total,,0.05,ug/l,False,0.05,,,507,UHL001,Actual,SW,Water,,,Lee,07100009,River/Stream,,40.4620485,-91.5670776
6,10560001,Des Moines River near Keokuk,01/02/2002 10:45:00,AMBIENT,2008-41-5,Butylate,Total,,0.05,ug/l,False,0.05,,,507,UHL001,Actual,SW,Water,,,Lee,07100009,River/Stream,,40.4620485,-91.5670776
6,10560001,Des Moines River near Keokuk,01/02/2002 10:45:00,AMBIENT,21087-64-9,Metribuzin,Total,,0.05,ug/l,False,0.05,,,507,UHL001,Actual,SW,Water,,,Lee,07100009,River/Stream,,40.4620485,-91.5670776
6,10560001,Des Moines River near Keokuk,01/02/2002 10:45:00,AMBIENT,21725-46-2,Cyanazine,Total,,0.05,ug/l,False,0.05,,,507,UHL001,Actual,SW,Water,,,Lee,07100009,River/Stream,,40.4620485,-91.5670776
6,10560001,Des Moines River near Keokuk,01/02/2002 10:45:00,AMBIENT,34256-82-1,Acetochlor,Total,,0.05,ug/l,False,0.05,,,507,UHL001,Actual,SW,Water,,,Lee,07100009,River/Stream,,40.4620485,-91.5670776
6,10560001,Des Moines River near Keokuk,01/02/2002 10:45:00,AMBIENT,51218-45-2,Metolachlor,Total,,0.11,ug/l,True,0.05,,,507,UHL001,Actual,SW,Water,,,Lee,07100009,River/Stream,,40.4620485,-91.5670776
6,10560001,Des Moines River near Keokuk,01/02/2002 10:45:00,AMBIENT,6190-65-4,2-Chloro-4-isopropylamino-6-amino-s-triazine,Total,,0.084,ug/l,True,0.05,,,507,UHL001,Actual,SW,Water,,,Lee,07100009,River/Stream,,40.4620485,-91.5670776
6,10560001,Des Moines River near Keokuk,01/02/2002 10:45:00,AMBIENT,759-94-4,S-Ethyl dipropylthiocarbamate,Total,,0.05,ug/l,False,0.05,,,507,UHL001,Actual,SW,Water,,,Lee,07100009,River/Stream,,40.4620485,-91.5670776
6,10560001,Des Moines River near Keokuk,01/02/2002 10:45:00,AMBIENT,834-12-8,Ametryn,Total,,0.05,ug/l,False,0.05,,,507,UHL001,Actual,SW,Water,,,Lee,07100009,River/Stream,,40.4620485,-91.5670776
6,10560001,Des Moines River near Keokuk,01/02/2002 10:45:00,AMBIENT,87674-68-8,Dimethenamid,Total,,0.05,ug/l,False,0.05,,,507,UHL001,Actual,SW,Water,,,Lee,07100009,River/Stream,,40.4620485,-91.5670776
6,10560001,Des Moines River near Keokuk,01/02/2002 10:45:00,AMBIENT,CBOD-SC,"Carbonaceous biochemical oxygen demand, standard conditions",Total,,2,mg/l,False,2,,,UnknownBOD,UHL001,Actual,SW,Water,,,Lee,07100009,River/Stream,,40.4620485,-91.5670776
6,10560001,Des Moines River near Keokuk,01/02/2002 10:45:00,AMBIENT,16887-00-6,Chloride,Total,,47,mg/l,True,1,,,325.3,UHL001,Actual,SW,Water,,,Lee,07100009,River/Stream,,40.4620485,-91.5670776
6,10560001,Des Moines River near Keokuk,01/02/2002 10:45:00,AMBIENT,11003-45-5,Chlorophyll c,NonFilt,,1,ug/l,False,1,,,10200-H,UHL001,Actual,SW,Water,,,Lee,07100009,River/Stream,,40.4620485,-91.5670776
6,10560001,Des Moines River near Keokuk,01/02/2002 10:45:00,AMBIENT,479-61-8,Chlorophyll a,NonFilt,,5,ug/l,True,1,,,10200-H,UHL001,Actual,SW,Water,,,Lee,07100009,River/Stream,,40.4620485,-91.5670776
6,10560001,Des Moines River near Keokuk,01/02/2002 10:45:00,AMBIENT,519-62-0,Chlorophyll b,NonFilt,,1,ug/l,False,1,,,10200-H,UHL001,Actual,SW,Water,,,Lee,07100009,River/Stream,,40.4620485,-91.5670776
6,10560001,Des Moines River near Keokuk,01/02/2002 10:45:00,AMBIENT,CLR-A-UCP,"Chlorophyll a, uncorrected for pheophytin",NonFilt,,6,ug/l,True,1,,,10200-H,UHL001,Actual,SW,Water,,,Lee,07100009,River/Stream,,40.4620485,-91.5670776
6,10560001,Des Moines River near Keokuk,01/02/2002 10:45:00,AMBIENT,ENTERO,Enterococcus,Total,,10,MPN/100ml,False,10,,,1600,UHL001,Actual,SW,Water,,,Lee,07100009,River/Stream,,40.4620485,-91.5670776
6,10560001,Des Moines River near Keokuk,01/02/2002 10:45:00,AMBIENT,68583-22-2,Escherichia coli,Total,,10,MPN/100ml,False,10,,,APHA 9222 G,UHL001,Actual,SW,Water,,,Lee,07100009,River/Stream,,40.4620485,-91.5670776
6,10560001,Des Moines River near Keokuk,01/02/2002 10:45:00,AMBIENT,FEC-COL,Fecal Coliform,Total,,10,MPN/100ml,False,10,,,9222-D,UHL001,Actual,SW,Water,,,Lee,07100009,River/Stream,,40.4620485,-91.5670776
6,10560001,Des Moines River near Keokuk,01/02/2002 10:45:00,AMBIENT,HARD-CARB,"Hardness, carbonate",Total,,340,mg/l,True,1,,,Unknown,UHL001,Actual,SW,Water,,,Lee,07100009,River/Stream,,40.4620485,-91.5670776
6,10560001,Des Moines River near Keokuk,01/02/2002 10:45:00,AMBIENT,NIT-NO3-NO2,Inorganic nitrogen (nitrate and nitrite) (as N),Total,,3.2,mg/l,True,0.1,,,Unknown,UHL001,Actual,SW,Water,,,Lee,07100009,River/Stream,,40.4620485,-91.5670776
6,10560001,Des Moines River near Keokuk,01/02/2002 10:45:00,AMBIENT,NIT-AMM,Ammonia-nitrogen (as N),Total,,0.05,mg/l,False,0.05,,,Unknown,UHL001,Actual,SW,Water,,,Lee,07100009,River/Stream,,40.4620485,-91.5670776
6,10560001,Des Moines River near Keokuk,01/02/2002 10:45:00,AMBIENT,NIT-KJELD,Kjeldahl nitrogen (AS N),Total,,0.93,mg/l,True,0.05,,,Unknown,UHL001,Actual,SW,Water,,,Lee,07100009,River/Stream,,40.4620485,-91.5670776
6,10560001,Des Moines River near Keokuk,01/02/2002 10:45:00,AMBIENT,603-17-8,Pheophytin a,NonFilt,,1,ug/l,False,1,,,10200H(2),UHL001,Actual,SW,Water,,,Lee,07100009,River/Stream,,40.4620485,-91.5670776
6,10560001,Des Moines River near Keokuk,01/02/2002 10:45:00,AMBIENT,PHOSP-PHOSP,Phosphate-phosphorus (as P),Total,,0.26,mg/l,True,0.05,,,Unknown,UHL001,Actual,SW,Water,,,Lee,07100009,River/Stream,,40.4620485,-91.5670776
6,10560001,Des Moines River near Keokuk,01/02/2002 10:45:00,AMBIENT,14265-44-2,Orthophosphate (as P),Dissolved,,0.19,mg/l,True,0.05,,,Unknown,UHL001,Actual,SW,Water,,,Lee,07100009,River/Stream,,40.4620485,-91.5670776
6,10560001,Des Moines River near Keokuk,01/02/2002 10:45:00,AMBIENT,7631-86-9,Silica,Dissolved,,6.7,mg/l,True,1,,,370.1,UHL001,Actual,SW,Water,,,Lee,07100009,River/Stream,,40.4620485,-91.5670776
6,10560001,Des Moines River near Keokuk,01/02/2002 10:45:00,AMBIENT,TDS,Total dissolved solids,Dissolved,,490,mg/l,True,1,,,160.1,UHL001,Actual,SW,Water,,,Lee,07100009,River/Stream,,40.4620485,-91.5670776
6,10560001,Des Moines River near Keokuk,01/02/2002 10:45:00,AMBIENT,TSS,Total suspended solids,NonFilt,,14,mg/l,True,1,,,I3765,UHL001,Actual,SW,Water,,,Lee,07100009,River/Stream,,40.4620485,-91.5670776
6,10560001,Des Moines River near Keokuk,01/02/2002 10:45:00,AMBIENT,SPEC-COND,Specific conductance,Total,,790,uS/cm,True,1,,,2510,UHL001,Actual,SW,Water,,,Lee,07100009,River/Stream,,40.4620485,-91.5670776
6,10560001,Des Moines River near Keokuk,05/08/2002 08:15:00,AMBIENT,CBOD-SC,"Carbonaceous biochemical oxygen demand, standard conditions",Total,,2,mg/l,False,2,,,UnknownBOD,UHL001,Actual,SW,Water,,,Lee,07100009,River/Stream,,40.4620485,-91.5670776
6,10560001,Des Moines River near Keokuk,05/08/2002 08:15:00,AMBIENT,16887-00-6,Chloride,Total,,36,mg/l,True,1,,,325.3,UHL001,Actual,SW,Water,,,Lee,07100009,River/Stream,,40.4620485,-91.5670776
6,10560001,Des Moines River near Keokuk,05/08/2002 08:15:00,AMBIENT,11003-45-5,Chlorophyll c,NonFilt,,1,ug/l,False,1,,,10200-H,UHL001,Actual,SW,Water,,,Lee,07100009,River/Stream,,40.4620485,-91.5670776
6,10560001,Des Moines River near Keokuk,05/08/2002 08:15:00,AMBIENT,479-61-8,Chlorophyll a,NonFilt,,16,ug/l,True,1,,,10200-H,UHL001,Actual,SW,Water,,,Lee,07100009,River/Stream,,40.4620485,-91.5670776
6,10560001,Des Moines River near Keokuk,05/08/2002 08:15:00,AMBIENT,519-62-0,Chlorophyll b,NonFilt,,1,ug/l,False,1,,,10200-H,UHL001,Actual,SW,Water,,,Lee,07100009,River/Stream,,40.4620485,-91.5670776
6,10560001,Des Moines River near Keokuk,05/08/2002 08:15:00,AMBIENT,CLR-A-UCP,"Chlorophyll a, uncorrected for pheophytin",NonFilt,,17,ug/l,True,1,,,10200-H,UHL001,Actual,SW,Water,,,Lee,07100009,River/Stream,,40.4620485,-91.5670776
6,10560001,Des Moines River near Keokuk,05/08/2002 08:15:00,AMBIENT,ENTERO,Enterococcus,Total,,55,MPN/100ml,True,10,,,1600,UHL001,Actual,SW,Water,,,Lee,07100009,River/Stream,,40.4620485,-91.5670776
6,10560001,Des Moines River near Keokuk,05/08/2002 08:15:00,AMBIENT,68583-22-2,Escherichia coli,Total,,20,MPN/100ml,True,10,,,APHA 9222 G,UHL001,Actual,SW,Water,,,Lee,07100009,River/Stream,,40.4620485,-91.5670776
6,10560001,Des Moines River near Keokuk,05/08/2002 08:15:00,AMBIENT,FEC-COL,Fecal Coliform,Total,,20,MPN/100ml,True,10,,,9222-D,UHL001,Actual,SW,Water,,,Lee,07100009,River/Stream,,40.4620485,-91.5670776
6,10560001,Des Moines River near Keokuk,05/08/2002 08:15:00,AMBIENT,HARD-CARB,"Hardness, carbonate",Total,,280,mg/l,True,1,,,Unknown,UHL001,Actual,SW,Water,,,Lee,07100009,River/Stream,,40.4620485,-91.5670776
6,10560001,Des Moines River near Keokuk,05/08/2002 08:15:00,AMBIENT,NIT-AMM,Ammonia-nitrogen (as N),Total,,0.05,mg/l,False,0.05,,,Unknown,UHL001,Actual,SW,Water,,,Lee,07100009,River/Stream,,40.4620485,-91.5670776
6,10560001,Des Moines River near Keokuk,05/08/2002 08:15:00,AMBIENT,NIT-KJELD,Kjeldahl nitrogen (AS N),Total,,0.85,mg/l,True,0.05,,,Unknown,UHL001,Actual,SW,Water,,,Lee,07100009,River/Stream,,40.4620485,-91.5670776
6,10560001,Des Moines River near Keokuk,05/08/2002 08:15:00,AMBIENT,NIT-NO3-NO2,Inorganic nitrogen (nitrate and nitrite) (as N),Total,,3.8,mg/l,True,0.1,,,Unknown,UHL001,Actual,SW,Water,,,Lee,07100009,River/Stream,,40.4620485,-91.5670776
6,10560001,Des Moines River near Keokuk,05/08/2002 08:15:00,AMBIENT,11096-82-5,Aroclor 1260,Total,,0.5,ug/l,False,0.5,,,8082(W),UHL001,Actual,SW,Water,,,Lee,07100009,River/Stream,,40.4620485,-91.5670776
6,10560001,Des Moines River near Keokuk,05/08/2002 08:15:00,AMBIENT,11097-69-1,Aroclor 1254,Total,,0.5,ug/l,False,0.5,,,8082(W),UHL001,Actual,SW,Water,,,Lee,07100009,River/Stream,,40.4620485,-91.5670776
6,10560001,Des Moines River near Keokuk,05/08/2002 08:15:00,AMBIENT,11104-28-2,Aroclor 1221,Total,,0.5,ug/l,False,0.5,,,8082(W),UHL001,Actual,SW,Water,,,Lee,07100009,River/Stream,,40.4620485,-91.5670776
6,10560001,Des Moines River near Keokuk,05/08/2002 08:15:00,AMBIENT,11141-16-5,Aroclor 1232,Total,,0.5,ug/l,False,0.5,,,8082(W),UHL001,Actual,SW,Water,,,Lee,07100009,River/Stream,,40.4620485,-91.5670776
6,10560001,Des Moines River near Keokuk,05/08/2002 08:15:00,AMBIENT,12672-29-6,Aroclor 1248,Total,,0.5,ug/l,False,0.5,,,8082(W),UHL001,Actual,SW,Water,,,Lee,07100009,River/Stream,,40.4620485,-91.5670776
6,10560001,Des Moines River near Keokuk,05/08/2002 08:15:00,AMBIENT,12674-11-2,Aroclor 1016,Total,,0.5,ug/l,False,0.5,,,8082(W),UHL001,Actual,SW,Water,,,Lee,07100009,River/Stream,,40.4620485,-91.5670776
6,10560001,Des Moines River near Keokuk,05/08/2002 08:15:00,AMBIENT,53469-21-9,Aroclor 1242,Total,,0.5,ug/l,False,0.5,,,8082(W),UHL001,Actual,SW,Water,,,Lee,07100009,River/Stream,,40.4620485,-91.5670776
6,10560001,Des Moines River near Keokuk,05/08/2002 08:15:00,AMBIENT,87-86-5,Pentachlorophenol,Total,,0.2,ug/l,False,0.2,,,515.3,UHL001,Actual,SW,Water,,,Lee,07100009,River/Stream,,40.4620485,-91.5670776
6,10560001,Des Moines River near Keokuk,05/08/2002 08:15:00,AMBIENT,603-17-8,Pheophytin a,NonFilt,,1,ug/l,False,1,,,10200H(2),UHL001,Actual,SW,Water,,,Lee,07100009,River/Stream,,40.4620485,-91.5670776
6,10560001,Des Moines River near Keokuk,05/08/2002 08:15:00,AMBIENT,PHOSP-PHOSP,Phosphate-phosphorus (as P),Total,,0.19,mg/l,True,0.05,,,Unknown,UHL001,Actual,SW,Water,,,Lee,07100009,River/Stream,,40.4620485,-91.5670776
6,10560001,Des Moines River near Keokuk,05/08/2002 08:15:00,AMBIENT,14265-44-2,Orthophosphate (as P),Dissolved,,0.13,mg/l,True,0.05,,,Unknown,UHL001,Actual,SW,Water,,,Lee,07100009,River/Stream,,40.4620485,-91.5670776
6,10560001,Des Moines River near Keokuk,05/08/2002 08:15:00,AMBIENT,7631-86-9,Silica,Dissolved,,4.9,mg/l,True,1,,,370.1,UHL001,Actual,SW,Water,,,Lee,07100009,River/Stream,,40.4620485,-91.5670776
6,10560001,Des Moines River near Keokuk,05/08/2002 08:15:00,AMBIENT,TDS,Total dissolved solids,Dissolved,,410,mg/l,True,1,,,160.1,UHL001,Actual,SW,Water,,,Lee,07100009,River/Stream,,40.4620485,-91.5670776
6,10560001,Des Moines River near Keokuk,05/08/2002 08:15:00,AMBIENT,TSS,Total suspended solids,NonFilt,,93,mg/l,True,1,,,I3765,UHL001,Actual,SW,Water,,,Lee,07100009,River/Stream,,40.4620485,-91.5670776
6,10560001,Des Moines River near Keokuk,05/08/2002 08:15:00,AMBIENT,SPEC-COND,Specific conductance,Total,,680,uS/cm,True,1,,,2510,UHL001,Actual,SW,Water,,,Lee,07100009,River/Stream,,40.4620485,-91.5670776
6,10560001,Des Moines River near Keokuk,05/08/2002 08:15:00,AMBIENT,14808-79-8,Sulfate (as SO4),Total,,73,mg/l,True,1,,,300(A),UHL001,Actual,SW,Water,,,Lee,07100009,River/Stream,,40.4620485,-91.5670776
6,10560001,Des Moines River near Keokuk,05/08/2002 08:15:00,AMBIENT,TURB,Turbidity,Total,,31,NTU,True,1,,,180.1,UHL001,Actual,SW,Water,,,Lee,07100009,River/Stream,,40.4620485,-91.5670776
6,10560001,Des Moines River near Keokuk,06/05/2002 13:35:00,AMBIENT,FLOW,Flow,Total,,9500,cfs,True,0.1,,,USGS CA8,,Actual,SW,Water,,,Lee,07100009,River/Stream,,40.4620485,-91.5670776
6,10560001,Des Moines River near Keokuk,06/05/2002 13:35:00,AMBIENT,PH,pH,Total,,8.2,None,True,,,,4500-H,,Actual,SW,Water,,,Lee,07100009,River/Stream,,40.4620485,-91.5670776
6,10560001,Des Moines River near Keokuk,06/05/2002 13:35:00,AMBIENT,TEMP-WATER,"Temperature, water",Total,,22.1,deg C,True,0,,,2550,,Actual,SW,Water,,,Lee,07100009,River/Stream,,40.4620485,-91.5670776
6,10560001,Des Moines River near Keokuk,06/05/2002 13:35:00,AMBIENT,CLOUD-COVCL,Cloud cover (choice list),Total,,0,None,True,,,,Unknown,,,AIR,Air,,,Lee,07100009,River/Stream,,40.4620485,-91.5670776
6,10560001,Des Moines River near Keokuk,06/05/2002 13:35:00,AMBIENT,TEMP-AIR,"Temperature, air",Total,,71,deg F,True,,,,Unknown,,Estimated,AIR,Air,,,Lee,07100009,River/Stream,,40.4620485,-91.5670776
6,10560001,Des Moines River near Keokuk,06/05/2002 13:35:00,AMBIENT,WIND-DIR,"Wind direction (direction from, expressed 0-360 deg)",Total,,270,Deg,True,,,,Unknown,,Estimated,AIR,Air,,,Lee,07100009,River/Stream,,40.4620485,-91.5670776
6,10560001,Des Moines River near Keokuk,06/05/2002 13:35:00,AMBIENT,WIND-VEL,Wind velocity,Total,,2,mph,True,,,,Unknown,,Estimated,AIR,Air,,,Lee,07100009,River/Stream,,40.4620485,-91.5670776
6,10560001,Des Moines River near Keokuk,06/05/2002 13:35:00,AMBIENT,FLOW-SEV,"Flow, severity (choice list)",Total,,0,None,True,,,,Unknown,,,SW,Water,,,Lee,07100009,River/Stream,,40.4620485,-91.5670776
6,10560001,Des Moines River near Keokuk,06/05/2002 13:35:00,AMBIENT,ICE-COVERCL,"Ice cover, floating or solid - severity (choice list)",Total,,0,None,True,,,,Unknown,,,SW,Water,,,Lee,07100009,River/Stream,,40.4620485,-91.5670776
6,10560001,Des Moines River near Keokuk,06/05/2002 13:35:00,AMBIENT,120-36-5,Dichlorprop,Total,,0.2,ug/l,False,0.2,,,515.1,UHL001,Actual,SW,Water,,,Lee,07100009,River/Stream,,40.4620485,-91.5670776
6,10560001,Des Moines River near Keokuk,06/05/2002 13:35:00,AMBIENT,133-90-4,Chloramben,Total,,0.2,ug/l,False,0.2,,,515.1,UHL001,Actual,SW,Water,,,Lee,07100009,River/Stream,,40.4620485,-91.5670776
6,10560001,Des Moines River near Keokuk,06/05/2002 13:35:00,AMBIENT,1689-84-5,Bromoxynil,Total,,0.2,ug/l,False,0.2,,,515.1,UHL001,Actual,SW,Water,,,Lee,07100009,River/Stream,,40.4620485,-91.5670776
6,10560001,Des Moines River near Keokuk,06/05/2002 13:35:00,AMBIENT,1861-32-1,Chlorthal-dimethyl,Total,,0.2,ug/l,False,0.2,,,515.1,UHL001,Actual,SW,Water,,,Lee,07100009,River/Stream,,40.4620485,-91.5670776
6,10560001,Des Moines River near Keokuk,06/05/2002 13:35:00,AMBIENT,1918-00-9,Dicamba,Total,,0.2,ug/l,False,0.2,,,515.1,UHL001,Actual,SW,Water,,,Lee,07100009,River/Stream,,40.4620485,-91.5670776
6,10560001,Des Moines River near Keokuk,06/05/2002 13:35:00,AMBIENT,1918-02-01,Picloram,Total,,0.4,ug/l,False,0.4,,,515.1,UHL001,Actual,SW,Water,,,Lee,07100009,River/Stream,,40.4620485,-91.5670776
6,10560001,Des Moines River near Keokuk,06/05/2002 13:35:00,AMBIENT,25057-89-0,Bentazon,Total,,0.5,ug/l,False,0.5,,,515.1,UHL001,Actual,SW,Water,,,Lee,07100009,River/Stream,,40.4620485,-91.5670776
6,10560001,Des Moines River near Keokuk,06/05/2002 13:35:00,AMBIENT,50594-66-6,Acifluorfen,Total,,0.2,ug/l,False,0.2,,,515.1,UHL001,Actual,SW,Water,,,Lee,07100009,River/Stream,,40.4620485,-91.5670776
6,10560001,Des Moines River near Keokuk,06/05/2002 13:35:00,AMBIENT,55335-06-3,Triclopyr,Total,,0.2,ug/l,False,0.2,,,515.1,UHL001,Actual,SW,Water,,,Lee,07100009,River/Stream,,40.4620485,-91.5670776
6,10560001,Des Moines River near Keokuk,06/05/2002 13:35:00,AMBIENT,88-85-7,Dinoseb,Total,,0.2,ug/l,False,0.2,,,515.1,UHL001,Actual,SW,Water,,,Lee,07100009,River/Stream,,40.4620485,-91.5670776
6,10560001,Des Moines River near Keokuk,06/05/2002 13:35:00,AMBIENT,93-72-1,Silvex,Total,,0.2,ug/l,False,0.2,,,515.1,UHL001,Actual,SW,Water,,,Lee,07100009,River/Stream,,40.4620485,-91.5670776
6,10560001,Des Moines River near Keokuk,06/05/2002 13:35:00,AMBIENT,93-76-5,"2,4,5-T",Total,,0.2,ug/l,False,0.2,,,515.1,UHL001,Actual,SW,Water,,,Lee,07100009,River/Stream,,40.4620485,-91.5670776
6,10560001,Des Moines River near Keokuk,06/05/2002 13:35:00,AMBIENT,94-75-7,"2,4-D",Total,,0.4,ug/l,False,0.4,,,515.1,UHL001,Actual,SW,Water,,,Lee,07100009,River/Stream,,40.4620485,-91.5670776
6,10560001,Des Moines River near Keokuk,06/05/2002 13:35:00,AMBIENT,94-82-6,"2,4-DB",Total,,0.4,ug/l,False,0.4,,,515.1,UHL001,Actual,SW,Water,,,Lee,07100009,River/Stream,,40.4620485,-91.5670776
6,10560001,Des Moines River near Keokuk,06/05/2002 13:35:00,AMBIENT,1007-28-9,2-Choro-6-ethylamino-4-amino-s-triazine,Total,,0.057,ug/l,True,0.05,,,507,UHL001,Actual,SW,Water,,,Lee,07100009,River/Stream,,40.4620485,-91.5670776
6,10560001,Des Moines River near Keokuk,06/05/2002 13:35:00,AMBIENT,121-75-5,Malathion,Total,,0.05,ug/l,False,0.05,,,507,UHL001,Actual,SW,Water,,,Lee,07100009,River/Stream,,40.4620485,-91.5670776
6,10560001,Des Moines River near Keokuk,06/05/2002 13:35:00,AMBIENT,122-34-9,Simazine,Total,,0.05,ug/l,False,0.05,,,507,UHL001,Actual,SW,Water,,,Lee,07100009,River/Stream,,40.4620485,-91.5670776
6,10560001,Des Moines River near Keokuk,06/05/2002 13:35:00,AMBIENT,13071-79-9,Terbufos,Total,,0.05,ug/l,False,0.05,,,507,UHL001,Actual,SW,Water,,,Lee,07100009,River/Stream,,40.4620485,-91.5670776
6,10560001,Des Moines River near Keokuk,06/05/2002 13:35:00,AMBIENT,13194-48-4,Ethoprop,Total,,0.05,ug/l,False,0.05,,,507,UHL001,Actual,SW,Water,,,Lee,07100009,River/Stream,,40.4620485,-91.5670776
6,10560001,Des Moines River near Keokuk,06/05/2002 13:35:00,AMBIENT,139-40-2,Propazine,Total,,0.05,ug/l,False,0.05,,,507,UHL001,Actual,SW,Water,,,Lee,07100009,River/Stream,,40.4620485,-91.5670776
6,10560001,Des Moines River near Keokuk,06/05/2002 13:35:00,AMBIENT,1563-66-2,Carbofuran,Total,,0.05,ug/l,False,0.05,,,507,UHL001,Actual,SW,Water,,,Lee,07100009,River/Stream,,40.4620485,-91.5670776
6,10560001,Des Moines River near Keokuk,06/05/2002 13:35:00,AMBIENT,1582-09-8,Trifluralin,Total,,0.05,ug/l,False,0.05,,,507,UHL001,Actual,SW,Water,,,Lee,07100009,River/Stream,,40.4620485,-91.5670776
6,10560001,Des Moines River near Keokuk,06/05/2002 13:35:00,AMBIENT,15972-60-8,Alachlor,Total,,0.05,ug/l,False,0.05,,,507,UHL001,Actual,SW,Water,,,Lee,07100009,River/Stream,,40.4620485,-91.5670776
6,10560001,Des Moines River near Keokuk,06/05/2002 13:35:00,AMBIENT,1610-18-0,Prometon,Total,,0.05,ug/l,False,0.05,,,507,UHL001,Actual,SW,Water,,,Lee,07100009,River/Stream,,40.4620485,-91.5670776
6,10560001,Des Moines River near Keokuk,06/05/2002 13:35:00,AMBIENT,1912-24-9,Atrazine,Total,,3.4,ug/l,True,0.05,,,507,UHL001,Actual,SW,Water,,,Lee,07100009,River/Stream,,40.4620485,-91.5670776
6,10560001,Des Moines River near Keokuk,06/05/2002 13:35:00,AMBIENT,1918-16-7,Propachlor,Total,,0.05,ug/l,False,0.05,,,507,UHL001,Actual,SW,Water,,,Lee,07100009,River/Stream,,40.4620485,-91.5670776
6,10560001,Des Moines River near Keokuk,06/05/2002 13:35:00,AMBIENT,2008-41-5,Butylate,Total,,0.05,ug/l,False,0.05,,,507,UHL001,Actual,SW,Water,,,Lee,07100009,River/Stream,,40.4620485,-91.5670776
6,10560001,Des Moines River near Keokuk,06/05/2002 13:35:00,AMBIENT,21087-64-9,Metribuzin,Total,,0.05,ug/l,False,0.05,,,507,UHL001,Actual,SW,Water,,,Lee,07100009,River/Stream,,40.4620485,-91.5670776
6,10560001,Des Moines River near Keokuk,06/05/2002 13:35:00,AMBIENT,21725-46-2,Cyanazine,Total,,0.05,ug/l,False,0.05,,,507,UHL001,Actual,SW,Water,,,Lee,07100009,River/Stream,,40.4620485,-91.5670776
6,10560001,Des Moines River near Keokuk,06/05/2002 13:35:00,AMBIENT,2303-17-5,Triallate,Total,,0.05,ug/l,False,0.05,,,507,UHL001,Actual,SW,Water,,,Lee,07100009,River/Stream,,40.4620485,-91.5670776
6,10560001,Des Moines River near Keokuk,06/05/2002 13:35:00,AMBIENT,23184-66-9,Butachlor,Total,,0.05,ug/l,False,0.05,,,507,UHL001,Actual,SW,Water,,,Lee,07100009,River/Stream,,40.4620485,-91.5670776
6,10560001,Des Moines River near Keokuk,06/05/2002 13:35:00,AMBIENT,25311-71-1,Isofenphos,Total,,0.05,ug/l,False,0.05,,,507,UHL001,Actual,SW,Water,,,Lee,07100009,River/Stream,,40.4620485,-91.5670776
6,10560001,Des Moines River near Keokuk,06/05/2002 13:35:00,AMBIENT,2921-88-2,Chlorpyrifos,Total,,0.05,ug/l,False,0.05,,,507,UHL001,Actual,SW,Water,,,Lee,07100009,River/Stream,,40.4620485,-91.5670776
6,10560001,Des Moines River near Keokuk,06/05/2002 13:35:00,AMBIENT,298-00-0,Methyl parathion,Total,,0.05,ug/l,False,0.05,,,507,UHL001,Actual,SW,Water,,,Lee,07100009,River/Stream,,40.4620485,-91.5670776
6,10560001,Des Moines River near Keokuk,06/05/2002 13:35:00,AMBIENT,298-02-2,Phorate,Total,,0.05,ug/l,False,0.05,,,507,UHL001,Actual,SW,Water,,,Lee,07100009,River/Stream,,40.4620485,-91.5670776
6,10560001,Des Moines River near Keokuk,06/05/2002 13:35:00,AMBIENT,298-04-4,Disulfoton,Total,,0.05,ug/l,False,0.05,,,507,UHL001,Actual,SW,Water,,,Lee,07100009,River/Stream,,40.4620485,-91.5670776
6,10560001,Des Moines River near Keokuk,06/05/2002 13:35:00,AMBIENT,314-40-9,Bromacil,Total,,0.05,ug/l,False,0.05,,,507,UHL001,Actual,SW,Water,,,Lee,07100009,River/Stream,,40.4620485,-91.5670776
6,10560001,Des Moines River near Keokuk,06/05/2002 13:35:00,AMBIENT,333-41-5,Diazinon,Total,,0.05,ug/l,False,0.05,,,507,UHL001,Actual,SW,Water,,,Lee,07100009,River/Stream,,40.4620485,-91.5670776
6,10560001,Des Moines River near Keokuk,06/05/2002 13:35:00,AMBIENT,34256-82-1,Acetochlor,Total,,0.45,ug/l,True,0.05,,,507,UHL001,Actual,SW,Water,,,Lee,07100009,River/Stream,,40.4620485,-91.5670776
6,10560001,Des Moines River near Keokuk,06/05/2002 13:35:00,AMBIENT,40487-42-1,Pendimethalin,Total,,0.05,ug/l,False,0.05,,,507,UHL001,Actual,SW,Water,,,Lee,07100009,River/Stream,,40.4620485,-91.5670776
6,10560001,Des Moines River near Keokuk,06/05/2002 13:35:00,AMBIENT,51218-45-2,Metolachlor,Total,,0.74,ug/l,True,0.05,,,507,UHL001,Actual,SW,Water,,,Lee,07100009,River/Stream,,40.4620485,-91.5670776
6,10560001,Des Moines River near Keokuk,06/05/2002 13:35:00,AMBIENT,56-38-2,Parathion,Total,,0.05,ug/l,False,0.05,,,507,UHL001,Actual,SW,Water,,,Lee,07100009,River/Stream,,40.4620485,-91.5670776
6,10560001,Des Moines River near Keokuk,06/05/2002 13:35:00,AMBIENT,60-51-5,Dimethoate,Total,,0.05,ug/l,False,0.05,,,507,UHL001,Actual,SW,Water,,,Lee,07100009,River/Stream,,40.4620485,-91.5670776
6,10560001,Des Moines River near Keokuk,06/05/2002 13:35:00,AMBIENT,6190-65-4,2-Chloro-4-isopropylamino-6-amino-s-triazine,Total,,0.34,ug/l,True,0.05,,,507,UHL001,Actual,SW,Water,,,Lee,07100009,River/Stream,,40.4620485,-91.5670776
6,10560001,Des Moines River near Keokuk,06/05/2002 13:35:00,AMBIENT,62-73-7,Dichlorvos,Total,,0.05,ug/l,False,0.05,,,507,UHL001,Actual,SW,Water,,,Lee,07100009,River/Stream,,40.4620485,-91.5670776
6,10560001,Des Moines River near Keokuk,06/05/2002 13:35:00,AMBIENT,63-25-2,Carbaryl,Total,,0.05,ug/l,False,0.05,,,507,UHL001,Actual,SW,Water,,,Lee,07100009,River/Stream,,40.4620485,-91.5670776
6,10560001,Des Moines River near Keokuk,06/05/2002 13:35:00,AMBIENT,759-94-4,S-Ethyl dipropylthiocarbamate,Total,,0.05,ug/l,False,0.05,,,507,UHL001,Actual,SW,Water,,,Lee,07100009,River/Stream,,40.4620485,-91.5670776
6,10560001,Des Moines River near Keokuk,06/05/2002 13:35:00,AMBIENT,834-12-8,Ametryn,Total,,0.05,ug/l,False,0.05,,,507,UHL001,Actual,SW,Water,,,Lee,07100009,River/Stream,,40.4620485,-91.5670776
6,10560001,Des Moines River near Keokuk,06/05/2002 13:35:00,AMBIENT,87674-68-8,Dimethenamid,Total,,0.43,ug/l,True,0.05,,,507,UHL001,Actual,SW,Water,,,Lee,07100009,River/Stream,,40.4620485,-91.5670776
6,10560001,Des Moines River near Keokuk,06/05/2002 13:35:00,AMBIENT,944-22-9,Fonofos,Total,,0.05,ug/l,False,0.05,,,507,UHL001,Actual,SW,Water,,,Lee,07100009,River/Stream,,40.4620485,-91.5670776
6,10560001,Des Moines River near Keokuk,06/05/2002 13:35:00,AMBIENT,1024-57-3,Heptachlor epoxide,Total,,0.05,ug/l,False,0.05,,,508,UHL001,Actual,SW,Water,,,Lee,07100009,River/Stream,,40.4620485,-91.5670776
6,10560001,Des Moines River near Keokuk,06/05/2002 13:35:00,AMBIENT,1031-07-8,Endosulfan sulfate,Total,,0.05,ug/l,False,0.05,,,508,UHL001,Actual,SW,Water,,,Lee,07100009,River/Stream,,40.4620485,-91.5670776
6,10560001,Des Moines River near Keokuk,06/05/2002 13:35:00,AMBIENT,309-00-2,Aldrin,Total,,0.05,ug/l,False,0.05,,,508,UHL001,Actual,SW,Water,,,Lee,07100009,River/Stream,,40.4620485,-91.5670776
6,10560001,Des Moines River near Keokuk,06/05/2002 13:35:00,AMBIENT,319-84-6,.alpha.-Hexachlorocyclohexane,Total,,0.05,ug/l,False,0.05,,,508,UHL001,Actual,SW,Water,,,Lee,07100009,River/Stream,,40.4620485,-91.5670776
6,10560001,Des Moines River near Keokuk,06/05/2002 13:35:00,AMBIENT,319-85-7,.beta.-Hexachlorocyclohexane,Total,,0.05,ug/l,False,0.05,,,508,UHL001,Actual,SW,Water,,,Lee,07100009,River/Stream,,40.4620485,-91.5670776
6,10560001,Des Moines River near Keokuk,06/05/2002 13:35:00,AMBIENT,319-86-8,.delta.-Hexachlorocyclohexane,Total,,0.05,ug/l,False,0.05,,,508,UHL001,Actual,SW,Water,,,Lee,07100009,River/Stream,,40.4620485,-91.5670776
6,10560001,Des Moines River near Keokuk,06/05/2002 13:35:00,AMBIENT,33213-65-9,.beta.-Endosulfan,Total,,0.05,ug/l,False,0.05,,,508,UHL001,Actual,SW,Water,,,Lee,07100009,River/Stream,,40.4620485,-91.5670776
6,10560001,Des Moines River near Keokuk,06/05/2002 13:35:00,AMBIENT,50-29-3,"p,p'-DDT",Total,,0.05,ug/l,False,0.05,,,508,UHL001,Actual,SW,Water,,,Lee,07100009,River/Stream,,40.4620485,-91.5670776
6,10560001,Des Moines River near Keokuk,06/05/2002 13:35:00,AMBIENT,53494-70-5,Endrin ketone,Total,,0.05,ug/l,False,0.05,,,508,UHL001,Actual,SW,Water,,,Lee,07100009,River/Stream,,40.4620485,-91.5670776
6,10560001,Des Moines River near Keokuk,06/05/2002 13:35:00,AMBIENT,57-74-9,Chlordane,Total,,0.05,ug/l,False,0.05,,,508,UHL001,Actual,SW,Water,,,Lee,07100009,River/Stream,,40.4620485,-91.5670776
6,10560001,Des Moines River near Keokuk,06/05/2002 13:35:00,AMBIENT,58-89-9,Lindane,Total,,0.05,ug/l,False,0.05,,,508,UHL001,Actual,SW,Water,,,Lee,07100009,River/Stream,,40.4620485,-91.5670776
6,10560001,Des Moines River near Keokuk,06/05/2002 13:35:00,AMBIENT,60-57-1,Dieldrin,Total,,0.05,ug/l,False,0.05,,,508,UHL001,Actual,SW,Water,,,Lee,07100009,River/Stream,,40.4620485,-91.5670776
6,10560001,Des Moines River near Keokuk,06/05/2002 13:35:00,AMBIENT,72-20-8,Endrin,Total,,0.05,ug/l,False,0.05,,,508,UHL001,Actual,SW,Water,,,Lee,07100009,River/Stream,,40.4620485,-91.5670776
6,10560001,Des Moines River near Keokuk,06/05/2002 13:35:00,AMBIENT,72-43-5,Methoxychlor,Total,,0.05,ug/l,False,0.05,,,508,UHL001,Actual,SW,Water,,,Lee,07100009,River/Stream,,40.4620485,-91.5670776
6,10560001,Des Moines River near Keokuk,06/05/2002 13:35:00,AMBIENT,72-54-8,"p,p'-DDD",Total,,0.05,ug/l,False,0.05,,,508,UHL001,Actual,SW,Water,,,Lee,07100009,River/Stream,,40.4620485,-91.5670776
6,10560001,Des Moines River near Keokuk,06/05/2002 13:35:00,AMBIENT,72-55-9,"p,p'-DDE",Total,,0.05,ug/l,False,0.05,,,508,UHL001,Actual,SW,Water,,,Lee,07100009,River/Stream,,40.4620485,-91.5670776
6,10560001,Des Moines River near Keokuk,06/05/2002 13:35:00,AMBIENT,7421-93-4,Endrin aldehyde,Total,,0.05,ug/l,False,0.05,,,508,UHL001,Actual,SW,Water,,,Lee,07100009,River/Stream,,40.4620485,-91.5670776
6,10560001,Des Moines River near Keokuk,06/05/2002 13:35:00,AMBIENT,76-44-8,Heptachlor,Total,,0.05,ug/l,False,0.05,,,508,UHL001,Actual,SW,Water,,,Lee,07100009,River/Stream,,40.4620485,-91.5670776
6,10560001,Des Moines River near Keokuk,06/05/2002 13:35:00,AMBIENT,8001-35-2,Toxaphene,Total,,0.5,ug/l,False,0.5,,,508,UHL001,Actual,SW,Water,,,Lee,07100009,River/Stream,,40.4620485,-91.5670776
6,10560001,Des Moines River near Keokuk,06/05/2002 13:35:00,AMBIENT,959-98-8,.alpha.-Endosulfan,Total,,0.05,ug/l,False,0.05,,,508,UHL001,Actual,SW,Water,,,Lee,07100009,River/Stream,,40.4620485,-91.5670776
6,10560001,Des Moines River near Keokuk,06/05/2002 13:35:00,AMBIENT,CBOD-SC,"Carbonaceous biochemical oxygen demand, standard conditions",Total,,2,mg/l,False,2,,,UnknownBOD,UHL001,Actual,SW,Water,,,Lee,07100009,River/Stream,,40.4620485,-91.5670776
6,10560001,Des Moines River near Keokuk,06/05/2002 13:35:00,AMBIENT,16887-00-6,Chloride,Total,,27,mg/l,True,1,,,325.3,UHL001,Actual,SW,Water,,,Lee,07100009,River/Stream,,40.4620485,-91.5670776
6,10560001,Des Moines River near Keokuk,06/05/2002 13:35:00,AMBIENT,11003-45-5,Chlorophyll c,NonFilt,,1,ug/l,False,1,,,10200-H,UHL001,Actual,SW,Water,,,Lee,07100009,River/Stream,,40.4620485,-91.5670776
6,10560001,Des Moines River near Keokuk,06/05/2002 13:35:00,AMBIENT,479-61-8,Chlorophyll a,NonFilt,,2,ug/l,True,1,,,10200-H,UHL001,Actual,SW,Water,,,Lee,07100009,River/Stream,,40.4620485,-91.5670776
6,10560001,Des Moines River near Keokuk,06/05/2002 13:35:00,AMBIENT,519-62-0,Chlorophyll b,NonFilt,,1,ug/l,False,1,,,10200-H,UHL001,Actual,SW,Water,,,Lee,07100009,River/Stream,,40.4620485,-91.5670776
6,10560001,Des Moines River near Keokuk,06/05/2002 13:35:00,AMBIENT,CLR-A-UCP,"Chlorophyll a, uncorrected for pheophytin",NonFilt,,4,ug/l,True,1,,,10200-H,UHL001,Actual,SW,Water,,,Lee,07100009,River/Stream,,40.4620485,-91.5670776
6,10560001,Des Moines River near Keokuk,06/05/2002 13:35:00,AMBIENT,ENTERO,Enterococcus,Total,,10,MPN/100ml,True,10,,,1600,UHL001,Actual,SW,Water,,,Lee,07100009,River/Stream,,40.4620485,-91.5670776
6,10560001,Des Moines River near Keokuk,06/05/2002 13:35:00,AMBIENT,68583-22-2,Escherichia coli,Total,,30,MPN/100ml,True,10,,,APHA 9222 G,UHL001,Actual,SW,Water,,,Lee,07100009,River/Stream,,40.4620485,-91.5670776
6,10560001,Des Moines River near Keokuk,06/05/2002 13:35:00,AMBIENT,FEC-COL,Fecal Coliform,Total,,90,MPN/100ml,True,10,,,9222-D,UHL001,Actual,SW,Water,,,Lee,07100009,River/Stream,,40.4620485,-91.5670776
6,10560001,Des Moines River near Keokuk,06/05/2002 13:35:00,AMBIENT,HARD-CARB,"Hardness, carbonate",Total,,290,mg/l,True,1,,,Unknown,UHL001,Actual,SW,Water,,,Lee,07100009,River/Stream,,40.4620485,-91.5670776
6,10560001,Des Moines River near Keokuk,06/05/2002 13:35:00,AMBIENT,NIT-AMM,Ammonia-nitrogen (as N),Total,,0.05,mg/l,False,0.05,,,Unknown,UHL001,Actual,SW,Water,,,Lee,07100009,River/Stream,,40.4620485,-91.5670776
6,10560001,Des Moines River near Keokuk,06/05/2002 13:35:00,AMBIENT,NIT-KJELD,Kjeldahl nitrogen (AS N),Total,,1.1,mg/l,True,0.05,,,Unknown,UHL001,Actual,SW,Water,,,Lee,07100009,River/Stream,,40.4620485,-91.5670776
6,10560001,Des Moines River near Keokuk,06/05/2002 13:35:00,AMBIENT,NIT-NO3-NO2,Inorganic nitrogen (nitrate and nitrite) (as N),Total,,9.8,mg/l,True,0.1,,,Unknown,UHL001,Actual,SW,Water,,,Lee,07100009,River/Stream,,40.4620485,-91.5670776
6,10560001,Des Moines River near Keokuk,06/05/2002 13:35:00,AMBIENT,11096-82-5,Aroclor 1260,Total,,0.5,ug/l,False,0.5,,,8082(W),UHL001,Actual,SW,Water,,,Lee,07100009,River/Stream,,40.4620485,-91.5670776
6,10560001,Des Moines River near Keokuk,06/05/2002 13:35:00,AMBIENT,11097-69-1,Aroclor 1254,Total,,0.5,ug/l,False,0.5,,,8082(W),UHL001,Actual,SW,Water,,,Lee,07100009,River/Stream,,40.4620485,-91.5670776
6,10560001,Des Moines River near Keokuk,06/05/2002 13:35:00,AMBIENT,11104-28-2,Aroclor 1221,Total,,0.5,ug/l,False,0.5,,,8082(W),UHL001,Actual,SW,Water,,,Lee,07100009,River/Stream,,40.4620485,-91.5670776
6,10560001,Des Moines River near Keokuk,06/05/2002 13:35:00,AMBIENT,11141-16-5,Aroclor 1232,Total,,0.5,ug/l,False,0.5,,,8082(W),UHL001,Actual,SW,Water,,,Lee,07100009,River/Stream,,40.4620485,-91.5670776
6,10560001,Des Moines River near Keokuk,06/05/2002 13:35:00,AMBIENT,12672-29-6,Aroclor 1248,Total,,0.5,ug/l,False,0.5,,,8082(W),UHL001,Actual,SW,Water,,,Lee,07100009,River/Stream,,40.4620485,-91.5670776
6,10560001,Des Moines River near Keokuk,06/05/2002 13:35:00,AMBIENT,12674-11-2,Aroclor 1016,Total,,0.5,ug/l,False,0.5,,,8082(W),UHL001,Actual,SW,Water,,,Lee,07100009,River/Stream,,40.4620485,-91.5670776
6,10560001,Des Moines River near Keokuk,06/05/2002 13:35:00,AMBIENT,53469-21-9,Aroclor 1242,Total,,0.5,ug/l,False,0.5,,,8082(W),UHL001,Actual,SW,Water,,,Lee,07100009,River/Stream,,40.4620485,-91.5670776
6,10560001,Des Moines River near Keokuk,06/05/2002 13:35:00,AMBIENT,87-86-5,Pentachlorophenol,Total,,0.2,ug/l,False,0.2,,,515.3,UHL001,Actual,SW,Water,,,Lee,07100009,River/Stream,,40.4620485,-91.5670776
6,10560001,Des Moines River near Keokuk,06/05/2002 13:35:00,AMBIENT,603-17-8,Pheophytin a,NonFilt,,3,ug/l,True,1,,,10200H(2),UHL001,Actual,SW,Water,,,Lee,07100009,River/Stream,,40.4620485,-91.5670776
6,10560001,Des Moines River near Keokuk,07/08/2002 11:35:00,AMBIENT,CBOD-SC,"Carbonaceous biochemical oxygen demand, standard conditions",Total,,7,mg/l,True,2,,,UnknownBOD,UHL001,Actual,SW,Water,,,Lee,07100009,River/Stream,,40.4620485,-91.5670776
6,10560001,Des Moines River near Keokuk,07/08/2002 11:35:00,AMBIENT,7439-92-1,Lead,Total,,10,ug/l,False,10,,,3113-B,UHL001,Actual,SW,Water,,,Lee,07100009,River/Stream,,40.4620485,-91.5670776
6,10560001,Des Moines River near Keokuk,07/08/2002 11:35:00,AMBIENT,7440-43-9,Cadmium,Total,,1,ug/l,False,1,,,3113-B,UHL001,Actual,SW,Water,,,Lee,07100009,River/Stream,,40.4620485,-91.5670776
6,10560001,Des Moines River near Keokuk,07/08/2002 11:35:00,AMBIENT,16887-00-6,Chloride,Total,,33,mg/l,True,1,,,325.3,UHL001,Actual,SW,Water,,,Lee,07100009,River/Stream,,40.4620485,-91.5670776
6,10560001,Des Moines River near Keokuk,07/08/2002 11:35:00,AMBIENT,11003-45-5,Chlorophyll c,NonFilt,,9,ug/l,True,1,,,10200-H,UHL001,Actual,SW,Water,,,Lee,07100009,River/Stream,,40.4620485,-91.5670776
6,10560001,Des Moines River near Keokuk,07/08/2002 11:35:00,AMBIENT,479-61-8,Chlorophyll a,NonFilt,,160,ug/l,True,1,,,10200-H,UHL001,Actual,SW,Water,,,Lee,07100009,River/Stream,,40.4620485,-91.5670776
6,10560001,Des Moines River near Keokuk,07/08/2002 11:35:00,AMBIENT,519-62-0,Chlorophyll b,NonFilt,,16,ug/l,True,1,,,10200-H,UHL001,Actual,SW,Water,,,Lee,07100009,River/Stream,,40.4620485,-91.5670776
6,10560001,Des Moines River near Keokuk,07/08/2002 11:35:00,AMBIENT,CLR-A-UCP,"Chlorophyll a, uncorrected for pheophytin",NonFilt,,170,ug/l,True,1,,,10200-H,UHL001,Actual,SW,Water,,,Lee,07100009,River/Stream,,40.4620485,-91.5670776
6,10560001,Des Moines River near Keokuk,07/08/2002 11:35:00,AMBIENT,7440-47-3,Chromium,Total,,20,ug/l,False,20,,,200.7(W),UHL001,Actual,SW,Water,,,Lee,07100009,River/Stream,,40.4620485,-91.5670776
6,10560001,Des Moines River near Keokuk,07/08/2002 11:35:00,AMBIENT,7440-50-8,Copper,Total,,10,ug/l,False,10,,,200.7(W),UHL001,Actual,SW,Water,,,Lee,07100009,River/Stream,,40.4620485,-91.5670776
6,10560001,Des Moines River near Keokuk,07/08/2002 11:35:00,AMBIENT,57-12-5,Cyanide,Total,,0.01,mg/l,False,0.01,,,335.2,UHL001,Actual,SW,Water,,,Lee,07100009,River/Stream,,40.4620485,-91.5670776
6,10560001,Des Moines River near Keokuk,07/08/2002 11:35:00,AMBIENT,ENTERO,Enterococcus,Total,,10,MPN/100ml,False,10,,,1600,UHL001,Actual,SW,Water,,,Lee,07100009,River/Stream,,40.4620485,-91.5670776
6,10560001,Des Moines River near Keokuk,07/08/2002 11:35:00,AMBIENT,68583-22-2,Escherichia coli,Total,,20,MPN/100ml,True,10,,,APHA 9222 G,UHL001,Actual,SW,Water,,,Lee,07100009,River/Stream,,40.4620485,-91.5670776
6,10560001,Des Moines River near Keokuk,07/08/2002 11:35:00,AMBIENT,FEC-COL,Fecal Coliform,Total,,20,MPN/100ml,True,10,,,9222-D,UHL001,Actual,SW,Water,,,Lee,07100009,River/Stream,,40.4620485,-91.5670776
6,10560001,Des Moines River near Keokuk,07/08/2002 11:35:00,AMBIENT,HARD-CARB,"Hardness, carbonate",Total,,180,mg/l,True,1,,,Unknown,UHL001,Actual,SW,Water,,,Lee,07100009,River/Stream,,40.4620485,-91.5670776
6,10560001,Des Moines River near Keokuk,07/08/2002 11:35:00,AMBIENT,7439-97-6,Mercury,Total,,5E-05,mg/l,False,0.00005,,,245.1,UHL001,Actual,SW,Water,,,Lee,07100009,River/Stream,,40.4620485,-91.5670776
6,10560001,Des Moines River near Keokuk,07/08/2002 11:35:00,AMBIENT,NIT-AMM,Ammonia-nitrogen (as N),Total,,0.05,mg/l,False,0.05,,,Unknown,UHL001,Actual,SW,Water,,,Lee,07100009,River/Stream,,40.4620485,-91.5670776
6,10560001,Des Moines River near Keokuk,07/08/2002 11:35:00,AMBIENT,NIT-KJELD,Kjeldahl nitrogen (AS N),Total,,1.5,mg/l,True,0.05,,,Unknown,UHL001,Actual,SW,Water,,,Lee,07100009,River/Stream,,40.4620485,-91.5670776
6,10560001,Des Moines River near Keokuk,07/08/2002 11:35:00,AMBIENT,NIT-NO3-NO2,Inorganic nitrogen (nitrate and nitrite) (as N),Total,,4.7,mg/l,True,0.1,,,Unknown,UHL001,Actual,SW,Water,,,Lee,07100009,River/Stream,,40.4620485,-91.5670776
6,10560001,Des Moines River near Keokuk,07/08/2002 11:35:00,AMBIENT,11096-82-5,Aroclor 1260,Total,,0.5,ug/l,False,0.5,,,8082(W),UHL001,Actual,SW,Water,,,Lee,07100009,River/Stream,,40.4620485,-91.5670776
6,10560001,Des Moines River near Keokuk,07/08/2002 11:35:00,AMBIENT,11097-69-1,Aroclor 1254,Total,,0.5,ug/l,False,0.5,,,8082(W),UHL001,Actual,SW,Water,,,Lee,07100009,River/Stream,,40.4620485,-91.5670776
6,10560001,Des Moines River near Keokuk,07/08/2002 11:35:00,AMBIENT,11104-28-2,Aroclor 1221,Total,,0.5,ug/l,False,0.5,,,8082(W),UHL001,Actual,SW,Water,,,Lee,07100009,River/Stream,,40.4620485,-91.5670776
6,10560001,Des Moines River near Keokuk,07/08/2002 11:35:00,AMBIENT,11141-16-5,Aroclor 1232,Total,,0.5,ug/l,False,0.5,,,8082(W),UHL001,Actual,SW,Water,,,Lee,07100009,River/Stream,,40.4620485,-91.5670776
6,10560001,Des Moines River near Keokuk,07/08/2002 11:35:00,AMBIENT,12672-29-6,Aroclor 1248,Total,,0.5,ug/l,False,0.5,,,8082(W),UHL001,Actual,SW,Water,,,Lee,07100009,River/Stream,,40.4620485,-91.5670776
6,10560001,Des Moines River near Keokuk,07/08/2002 11:35:00,AMBIENT,12674-11-2,Aroclor 1016,Total,,0.5,ug/l,False,0.5,,,8082(W),UHL001,Actual,SW,Water,,,Lee,07100009,River/Stream,,40.4620485,-91.5670776
6,10560001,Des Moines River near Keokuk,07/08/2002 11:35:00,AMBIENT,53469-21-9,Aroclor 1242,Total,,0.5,ug/l,False,0.5,,,8082(W),UHL001,Actual,SW,Water,,,Lee,07100009,River/Stream,,40.4620485,-91.5670776
6,10560001,Des Moines River near Keokuk,07/08/2002 11:35:00,AMBIENT,87-86-5,Pentachlorophenol,Total,,0.2,ug/l,False,0.2,,,515.3,UHL001,Actual,SW,Water,,,Lee,07100009,River/Stream,,40.4620485,-91.5670776
6,10560001,Des Moines River near Keokuk,07/08/2002 11:35:00,AMBIENT,603-17-8,Pheophytin a,NonFilt,,12,ug/l,True,1,,,10200H(2),UHL001,Actual,SW,Water,,,Lee,07100009,River/Stream,,40.4620485,-91.5670776
6,10560001,Des Moines River near Keokuk,07/08/2002 11:35:00,AMBIENT,PHOSP-PHOSP,Phosphate-phosphorus (as P),Total,,0.12,mg/l,True,0.05,,,Unknown,UHL001,Actual,SW,Water,,,Lee,07100009,River/Stream,,40.4620485,-91.5670776
6,10560001,Des Moines River near Keokuk,07/08/2002 11:35:00,AMBIENT,14265-44-2,Orthophosphate (as P),Dissolved,,0.05,mg/l,False,0.05,,,Unknown,UHL001,Actual,SW,Water,,,Lee,07100009,River/Stream,,40.4620485,-91.5670776
6,10560001,Des Moines River near Keokuk,07/08/2002 11:35:00,AMBIENT,7631-86-9,Silica,Dissolved,,7.5,mg/l,True,1,,,370.1,UHL001,Actual,SW,Water,,,Lee,07100009,River/Stream,,40.4620485,-91.5670776
6,10560001,Des Moines River near Keokuk,07/08/2002 11:35:00,AMBIENT,TDS,Total dissolved solids,Dissolved,,280,mg/l,True,1,,,160.1,UHL001,Actual,SW,Water,,,Lee,07100009,River/Stream,,40.4620485,-91.5670776
6,10560001,Des Moines River near Keokuk,03/05/2002 09:30:00,AMBIENT,NIT-AMM,Ammonia-nitrogen (as N),Total,,0.05,mg/l,False,0.05,,,Unknown,UHL001,Actual,SW,Water,,,Lee,07100009,River/Stream,,40.4620485,-91.5670776
6,10560001,Des Moines River near Keokuk,03/05/2002 09:30:00,AMBIENT,NIT-NO3-NO2,Inorganic nitrogen (nitrate and nitrite) (as N),Total,,3.9,mg/l,True,0.1,,,Unknown,UHL001,Actual,SW,Water,,,Lee,07100009,River/Stream,,40.4620485,-91.5670776
6,10560001,Des Moines River near Keokuk,03/05/2002 09:30:00,AMBIENT,NIT-KJELD,Kjeldahl nitrogen (AS N),Total,,1.8,mg/l,True,0.05,,,Unknown,UHL001,Actual,SW,Water,,,Lee,07100009,River/Stream,,40.4620485,-91.5670776
6,10560001,Des Moines River near Keokuk,03/05/2002 09:30:00,AMBIENT,603-17-8,Pheophytin a,NonFilt,,1,ug/l,False,1,,,10200H(2),UHL001,Actual,SW,Water,,,Lee,07100009,River/Stream,,40.4620485,-91.5670776
6,10560001,Des Moines River near Keokuk,03/05/2002 09:30:00,AMBIENT,PHOSP-PHOSP,Phosphate-phosphorus (as P),Total,,0.31,mg/l,True,0.05,,,Unknown,UHL001,Actual,SW,Water,,,Lee,07100009,River/Stream,,40.4620485,-91.5670776
6,10560001,Des Moines River near Keokuk,03/05/2002 09:30:00,AMBIENT,14265-44-2,Orthophosphate (as P),Dissolved,,0.1,mg/l,True,0.05,,,Unknown,UHL001,Actual,SW,Water,,,Lee,07100009,River/Stream,,40.4620485,-91.5670776
6,10560001,Des Moines River near Keokuk,03/05/2002 09:30:00,AMBIENT,7631-86-9,Silica,Dissolved,,7.1,mg/l,True,1,,,370.1,UHL001,Actual,SW,Water,,,Lee,07100009,River/Stream,,40.4620485,-91.5670776
6,10560001,Des Moines River near Keokuk,03/05/2002 09:30:00,AMBIENT,TDS,Total dissolved solids,Dissolved,,460,mg/l,True,1,,,160.1,UHL001,Actual,SW,Water,,,Lee,07100009,River/Stream,,40.4620485,-91.5670776
6,10560001,Des Moines River near Keokuk,03/05/2002 09:30:00,AMBIENT,TSS,Total suspended solids,NonFilt,,16,mg/l,True,1,,,I3765,UHL001,Actual,SW,Water,,,Lee,07100009,River/Stream,,40.4620485,-91.5670776
6,10560001,Des Moines River near Keokuk,03/05/2002 09:30:00,AMBIENT,SPEC-COND,Specific conductance,Total,,740,uS/cm,True,1,,,2510,UHL001,Actual,SW,Water,,,Lee,07100009,River/Stream,,40.4620485,-91.5670776
6,10560001,Des Moines River near Keokuk,03/05/2002 09:30:00,AMBIENT,14808-79-8,Sulfate (as SO4),Total,,88,mg/l,True,1,,,300(A),UHL001,Actual,SW,Water,,,Lee,07100009,River/Stream,,40.4620485,-91.5670776
6,10560001,Des Moines River near Keokuk,03/05/2002 09:30:00,AMBIENT,TURB,Turbidity,Total,,12,NTU,True,1,,,180.1,UHL001,Actual,SW,Water,,,Lee,07100009,River/Stream,,40.4620485,-91.5670776
6,10560001,Des Moines River near Keokuk,10/02/2002 09:40:00,AMBIENT,7782-44-7,Dissolved oxygen (DO),Total,,6.7,mg/l,True,0.1,,,4500-O-G,,Actual,SW,Water,,,Lee,07100009,River/Stream,,40.4620485,-91.5670776
6,10560001,Des Moines River near Keokuk,10/02/2002 09:40:00,AMBIENT,FLOW,Flow,Total,,700,cfs,True,0.1,,,USGS CA8,,Actual,SW,Water,,,Lee,07100009,River/Stream,,40.4620485,-91.5670776
6,10560001,Des Moines River near Keokuk,10/02/2002 09:40:00,AMBIENT,PH,pH,Total,,8.9,None,True,,,,4500-H,,Actual,SW,Water,,,Lee,07100009,River/Stream,,40.4620485,-91.5670776
6,10560001,Des Moines River near Keokuk,10/02/2002 09:40:00,AMBIENT,TEMP-WATER,"Temperature, water",Total,,22.9,deg C,True,0,,,2550,,Actual,SW,Water,,,Lee,07100009,River/Stream,,40.4620485,-91.5670776
6,10560001,Des Moines River near Keokuk,10/02/2002 09:40:00,AMBIENT,1007-28-9,2-Choro-6-ethylamino-4-amino-s-triazine,Total,,0.05,ug/l,False,0.05,,,507,UHL001,Actual,SW,Water,,,Lee,07100009,River/Stream,,40.4620485,-91.5670776
6,10560001,Des Moines River near Keokuk,10/02/2002 09:40:00,AMBIENT,122-34-9,Simazine,Total,,0.05,ug/l,False,0.05,,,507,UHL001,Actual,SW,Water,,,Lee,07100009,River/Stream,,40.4620485,-91.5670776
6,10560001,Des Moines River near Keokuk,10/02/2002 09:40:00,AMBIENT,139-40-2,Propazine,Total,,0.05,ug/l,False,0.05,,,507,UHL001,Actual,SW,Water,,,Lee,07100009,River/Stream,,40.4620485,-91.5670776
6,10560001,Des Moines River near Keokuk,10/02/2002 09:40:00,AMBIENT,1582-09-8,Trifluralin,Total,,0.05,ug/l,False,0.05,,,507,UHL001,Actual,SW,Water,,,Lee,07100009,River/Stream,,40.4620485,-91.5670776
6,10560001,Des Moines River near Keokuk,10/02/2002 09:40:00,AMBIENT,15972-60-8,Alachlor,Total,,0.05,ug/l,False,0.05,,,507,UHL001,Actual,SW,Water,,,Lee,07100009,River/Stream,,40.4620485,-91.5670776
6,10560001,Des Moines River near Keokuk,10/02/2002 09:40:00,AMBIENT,1610-18-0,Prometon,Total,,0.05,ug/l,False,0.05,,,507,UHL001,Actual,SW,Water,,,Lee,07100009,River/Stream,,40.4620485,-91.5670776
6,10560001,Des Moines River near Keokuk,10/02/2002 09:40:00,AMBIENT,1912-24-9,Atrazine,Total,,0.26,ug/l,True,0.05,,,507,UHL001,Actual,SW,Water,,,Lee,07100009,River/Stream,,40.4620485,-91.5670776
6,10560001,Des Moines River near Keokuk,10/02/2002 09:40:00,AMBIENT,1918-16-7,Propachlor,Total,,0.05,ug/l,False,0.05,,,507,UHL001,Actual,SW,Water,,,Lee,07100009,River/Stream,,40.4620485,-91.5670776
6,10560001,Des Moines River near Keokuk,10/02/2002 09:40:00,AMBIENT,2008-41-5,Butylate,Total,,0.05,ug/l,False,0.05,,,507,UHL001,Actual,SW,Water,,,Lee,07100009,River/Stream,,40.4620485,-91.5670776
6,10560001,Des Moines River near Keokuk,10/02/2002 09:40:00,AMBIENT,21087-64-9,Metribuzin,Total,,0.05,ug/l,False,0.05,,,507,UHL001,Actual,SW,Water,,,Lee,07100009,River/Stream,,40.4620485,-91.5670776
6,10560001,Des Moines River near Keokuk,10/02/2002 09:40:00,AMBIENT,21725-46-2,Cyanazine,Total,,0.05,ug/l,False,0.05,,,507,UHL001,Actual,SW,Water,,,Lee,07100009,River/Stream,,40.4620485,-91.5670776
6,10560001,Des Moines River near Keokuk,10/02/2002 09:40:00,AMBIENT,34256-82-1,Acetochlor,Total,,0.05,ug/l,False,0.05,,,507,UHL001,Actual,SW,Water,,,Lee,07100009,River/Stream,,40.4620485,-91.5670776
6,10560001,Des Moines River near Keokuk,10/02/2002 09:40:00,AMBIENT,51218-45-2,Metolachlor,Total,,0.05,ug/l,False,0.05,,,507,UHL001,Actual,SW,Water,,,Lee,07100009,River/Stream,,40.4620485,-91.5670776
6,10560001,Des Moines River near Keokuk,10/02/2002 09:40:00,AMBIENT,6190-65-4,2-Chloro-4-isopropylamino-6-amino-s-triazine,Total,,0.17,ug/l,True,0.05,,,507,UHL001,Actual,SW,Water,,,Lee,07100009,River/Stream,,40.4620485,-91.5670776
6,10560001,Des Moines River near Keokuk,10/02/2002 09:40:00,AMBIENT,759-94-4,S-Ethyl dipropylthiocarbamate,Total,,0.05,ug/l,False,0.05,,,507,UHL001,Actual,SW,Water,,,Lee,07100009,River/Stream,,40.4620485,-91.5670776
6,10560001,Des Moines River near Keokuk,10/02/2002 09:40:00,AMBIENT,834-12-8,Ametryn,Total,,0.05,ug/l,False,0.05,,,507,UHL001,Actual,SW,Water,,,Lee,07100009,River/Stream,,40.4620485,-91.5670776
6,10560001,Des Moines River near Keokuk,10/02/2002 09:40:00,AMBIENT,87674-68-8,Dimethenamid,Total,,0.05,ug/l,False,0.05,,,507,UHL001,Actual,SW,Water,,,Lee,07100009,River/Stream,,40.4620485,-91.5670776
6,10560001,Des Moines River near Keokuk,10/02/2002 09:40:00,AMBIENT,7440-02-0,Nickel,Total,,50,ug/l,False,50,,,200.8(W),UHL001,Actual,SW,Water,,,Lee,07100009,River/Stream,,40.4620485,-91.5670776
6,10560001,Des Moines River near Keokuk,10/02/2002 09:40:00,AMBIENT,7440-22-4,Silver,Total,,10,ug/l,False,10,,,200.8(W),UHL001,Actual,SW,Water,,,Lee,07100009,River/Stream,,40.4620485,-91.5670776
6,10560001,Des Moines River near Keokuk,10/02/2002 09:40:00,AMBIENT,7440-28-0,Thallium,Total,,0.001,mg/l,False,0.001,,,200.8(W),UHL001,Actual,SW,Water,,,Lee,07100009,River/Stream,,40.4620485,-91.5670776
6,10560001,Des Moines River near Keokuk,10/02/2002 09:40:00,AMBIENT,7440-36-0,Antimony,Total,,0.005,mg/l,False,0.005,,,200.8(W),UHL001,Actual,SW,Water,,,Lee,07100009,River/Stream,,40.4620485,-91.5670776
6,10560001,Des Moines River near Keokuk,10/02/2002 09:40:00,AMBIENT,7440-38-2,Arsenic,Total,,10,ug/l,False,10,,,200.8(W),UHL001,Actual,SW,Water,,,Lee,07100009,River/Stream,,40.4620485,-91.5670776
6,10560001,Des Moines River near Keokuk,10/02/2002 09:40:00,AMBIENT,7440-41-7,Beryllium,Total,,0.02,mg/l,False,0.02,,,200.8(W),UHL001,Actual,SW,Water,,,Lee,07100009,River/Stream,,40.4620485,-91.5670776
6,10560001,Des Moines River near Keokuk,10/02/2002 09:40:00,AMBIENT,7440-66-6,Zinc,Total,,20,ug/l,False,20,,,200.8(W),UHL001,Actual,SW,Water,,,Lee,07100009,River/Stream,,40.4620485,-91.5670776
6,10560001,Des Moines River near Keokuk,10/02/2002 09:40:00,AMBIENT,7782-49-2,Selenium,Total,,10,ug/l,False,10,,,200.8(W),UHL001,Actual,SW,Water,,,Lee,07100009,River/Stream,,40.4620485,-91.5670776
6,10560001,Des Moines River near Keokuk,10/02/2002 09:40:00,AMBIENT,CBOD-SC,"Carbonaceous biochemical oxygen demand, standard conditions",Total,,3,mg/l,True,2,,,UnknownBOD,UHL001,Actual,SW,Water,,,Lee,07100009,River/Stream,,40.4620485,-91.5670776
6,10560001,Des Moines River near Keokuk,11/07/2002 09:20:00,AMBIENT,FLOW,Flow,Total,,3600,cfs,True,0.1,,,USGS CA8,,Actual,SW,Water,,,Lee,07100009,River/Stream,,40.4620485,-91.5670776
6,10560001,Des Moines River near Keokuk,11/07/2002 09:20:00,AMBIENT,PH,pH,Total,,8.3,None,True,,,,4500-H,,Actual,SW,Water,,,Lee,07100009,River/Stream,,40.4620485,-91.5670776
6,10560001,Des Moines River near Keokuk,11/07/2002 09:20:00,AMBIENT,TEMP-WATER,"Temperature, water",Total,,6.9,deg C,True,0,,,2550,,Actual,SW,Water,,,Lee,07100009,River/Stream,,40.4620485,-91.5670776
6,10560001,Des Moines River near Keokuk,11/07/2002 09:20:00,AMBIENT,1007-28-9,2-Choro-6-ethylamino-4-amino-s-triazine,Total,,0.05,ug/l,False,0.05,,,507,UHL001,Actual,SW,Water,,,Lee,07100009,River/Stream,,40.4620485,-91.5670776
6,10560001,Des Moines River near Keokuk,11/07/2002 09:20:00,AMBIENT,122-34-9,Simazine,Total,,0.05,ug/l,False,0.05,,,507,UHL001,Actual,SW,Water,,,Lee,07100009,River/Stream,,40.4620485,-91.5670776
6,10560001,Des Moines River near Keokuk,11/07/2002 09:20:00,AMBIENT,139-40-2,Propazine,Total,,0.05,ug/l,False,0.05,,,507,UHL001,Actual,SW,Water,,,Lee,07100009,River/Stream,,40.4620485,-91.5670776
6,10560001,Des Moines River near Keokuk,11/07/2002 09:20:00,AMBIENT,1582-09-8,Trifluralin,Total,,0.05,ug/l,False,0.05,,,507,UHL001,Actual,SW,Water,,,Lee,07100009,River/Stream,,40.4620485,-91.5670776
6,10560001,Des Moines River near Keokuk,11/07/2002 09:20:00,AMBIENT,15972-60-8,Alachlor,Total,,0.05,ug/l,False,0.05,,,507,UHL001,Actual,SW,Water,,,Lee,07100009,River/Stream,,40.4620485,-91.5670776
6,10560001,Des Moines River near Keokuk,11/07/2002 09:20:00,AMBIENT,1610-18-0,Prometon,Total,,0.05,ug/l,False,0.05,,,507,UHL001,Actual,SW,Water,,,Lee,07100009,River/Stream,,40.4620485,-91.5670776
6,10560001,Des Moines River near Keokuk,11/07/2002 09:20:00,AMBIENT,1912-24-9,Atrazine,Total,,0.12,ug/l,True,0.05,,,507,UHL001,Actual,SW,Water,,,Lee,07100009,River/Stream,,40.4620485,-91.5670776
6,10560001,Des Moines River near Keokuk,11/07/2002 09:20:00,AMBIENT,1918-16-7,Propachlor,Total,,0.05,ug/l,False,0.05,,,507,UHL001,Actual,SW,Water,,,Lee,07100009,River/Stream,,40.4620485,-91.5670776
6,10560001,Des Moines River near Keokuk,11/07/2002 09:20:00,AMBIENT,2008-41-5,Butylate,Total,,0.05,ug/l,False,0.05,,,507,UHL001,Actual,SW,Water,,,Lee,07100009,River/Stream,,40.4620485,-91.5670776
6,10560001,Des Moines River near Keokuk,11/07/2002 09:20:00,AMBIENT,21087-64-9,Metribuzin,Total,,0.05,ug/l,False,0.05,,,507,UHL001,Actual,SW,Water,,,Lee,07100009,River/Stream,,40.4620485,-91.5670776
6,10560001,Des Moines River near Keokuk,11/07/2002 09:20:00,AMBIENT,21725-46-2,Cyanazine,Total,,0.05,ug/l,False,0.05,,,507,UHL001,Actual,SW,Water,,,Lee,07100009,River/Stream,,40.4620485,-91.5670776
6,10560001,Des Moines River near Keokuk,11/07/2002 09:20:00,AMBIENT,34256-82-1,Acetochlor,Total,,0.05,ug/l,False,0.05,,,507,UHL001,Actual,SW,Water,,,Lee,07100009,River/Stream,,40.4620485,-91.5670776
6,10560001,Des Moines River near Keokuk,11/07/2002 09:20:00,AMBIENT,51218-45-2,Metolachlor,Total,,0.079,ug/l,True,0.05,,,507,UHL001,Actual,SW,Water,,,Lee,07100009,River/Stream,,40.4620485,-91.5670776
6,10560001,Des Moines River near Keokuk,11/07/2002 09:20:00,AMBIENT,6190-65-4,2-Chloro-4-isopropylamino-6-amino-s-triazine,Total,,0.12,ug/l,True,0.05,,,507,UHL001,Actual,SW,Water,,,Lee,07100009,River/Stream,,40.4620485,-91.5670776
6,10560001,Des Moines River near Keokuk,11/07/2002 09:20:00,AMBIENT,759-94-4,S-Ethyl dipropylthiocarbamate,Total,,0.05,ug/l,False,0.05,,,507,UHL001,Actual,SW,Water,,,Lee,07100009,River/Stream,,40.4620485,-91.5670776
6,10560001,Des Moines River near Keokuk,11/07/2002 09:20:00,AMBIENT,834-12-8,Ametryn,Total,,0.05,ug/l,False,0.05,,,507,UHL001,Actual,SW,Water,,,Lee,07100009,River/Stream,,40.4620485,-91.5670776
6,10560001,Des Moines River near Keokuk,11/07/2002 09:20:00,AMBIENT,87674-68-8,Dimethenamid,Total,,0.05,ug/l,False,0.05,,,507,UHL001,Actual,SW,Water,,,Lee,07100009,River/Stream,,40.4620485,-91.5670776
6,10560001,Des Moines River near Keokuk,11/07/2002 09:20:00,AMBIENT,CBOD-SC,"Carbonaceous biochemical oxygen demand, standard conditions",Total,,2,mg/l,False,2,,,UnknownBOD,UHL001,Actual,SW,Water,,,Lee,07100009,River/Stream,,40.4620485,-91.5670776
6,10560001,Des Moines River near Keokuk,11/07/2002 09:20:00,AMBIENT,7440-44-0,Carbon,Total,,4.5,mg/l,True,0.5,,,415.1,UHL001,Actual,SW,Water,,,Lee,07100009,River/Stream,,40.4620485,-91.5670776
6,10560001,Des Moines River near Keokuk,11/07/2002 09:20:00,AMBIENT,16887-00-6,Chloride,Total,,30,mg/l,True,1,,,325.3,UHL001,Actual,SW,Water,,,Lee,07100009,River/Stream,,40.4620485,-91.5670776
6,10560001,Des Moines River near Keokuk,11/07/2002 09:20:00,AMBIENT,11003-45-5,Chlorophyll c,NonFilt,,1,ug/l,False,1,,,10200-H,UHL001,Actual,SW,Water,,,Lee,07100009,River/Stream,,40.4620485,-91.5670776
6,10560001,Des Moines River near Keokuk,11/07/2002 09:20:00,AMBIENT,479-61-8,Chlorophyll a,NonFilt,,4,ug/l,True,1,,,10200-H,UHL001,Actual,SW,Water,,,Lee,07100009,River/Stream,,40.4620485,-91.5670776
6,10560001,Des Moines River near Keokuk,11/07/2002 09:20:00,AMBIENT,519-62-0,Chlorophyll b,NonFilt,,1,ug/l,False,1,,,10200-H,UHL001,Actual,SW,Water,,,Lee,07100009,River/Stream,,40.4620485,-91.5670776
6,10560001,Des Moines River near Keokuk,11/07/2002 09:20:00,AMBIENT,CLR-A-UCP,"Chlorophyll a, uncorrected for pheophytin",NonFilt,,6,ug/l,True,1,,,10200-H,UHL001,Actual,SW,Water,,,Lee,07100009,River/Stream,,40.4620485,-91.5670776
6,10560001,Des Moines River near Keokuk,11/07/2002 09:20:00,AMBIENT,ENTERO,Enterococcus,Total,,60,MPN/100ml,True,10,,,1600,UHL001,Actual,SW,Water,,,Lee,07100009,River/Stream,,40.4620485,-91.5670776
6,10560001,Des Moines River near Keokuk,11/07/2002 09:20:00,AMBIENT,68583-22-2,Escherichia coli,Total,,10,MPN/100ml,True,10,,,APHA 9222 G,UHL001,Actual,SW,Water,,,Lee,07100009,River/Stream,,40.4620485,-91.5670776
6,10560001,Des Moines River near Keokuk,11/07/2002 09:20:00,AMBIENT,FEC-COL,Fecal Coliform,Total,,10,MPN/100ml,True,10,,,9222-D,UHL001,Actual,SW,Water,,,Lee,07100009,River/Stream,,40.4620485,-91.5670776
6,10560001,Des Moines River near Keokuk,11/07/2002 09:20:00,AMBIENT,HARD-CARB,"Hardness, carbonate",Total,,270,mg/l,True,1,,,Unknown,UHL001,Actual,SW,Water,,,Lee,07100009,River/Stream,,40.4620485,-91.5670776
6,10560001,Des Moines River near Keokuk,11/07/2002 09:20:00,AMBIENT,NIT-AMM,Ammonia-nitrogen (as N),Total,,0.05,mg/l,False,0.05,,,350.1,UHL001,Actual,SW,Water,,,Lee,07100009,River/Stream,,40.4620485,-91.5670776
6,10560001,Des Moines River near Keokuk,11/07/2002 09:20:00,AMBIENT,NIT-KJELD,Kjeldahl nitrogen (AS N),Total,,1,mg/l,True,0.05,,,Unknown,UHL001,Actual,SW,Water,,,Lee,07100009,River/Stream,,40.4620485,-91.5670776
6,10560001,Des Moines River near Keokuk,11/07/2002 09:20:00,AMBIENT,NIT-NO3-NO2,Inorganic nitrogen (nitrate and nitrite) (as N),Total,,5.8,mg/l,True,0.1,,,353.2,UHL001,Actual,SW,Water,,,Lee,07100009,River/Stream,,40.4620485,-91.5670776
6,10560001,Des Moines River near Keokuk,11/07/2002 09:20:00,AMBIENT,603-17-8,Pheophytin a,NonFilt,,3,ug/l,True,1,,,10200H(2),UHL001,Actual,SW,Water,,,Lee,07100009,River/Stream,,40.4620485,-91.5670776
6,10560001,Des Moines River near Keokuk,11/07/2002 09:20:00,AMBIENT,PHOSP-PHOSP,Phosphate-phosphorus (as P),Total,,0.36,mg/l,True,0.05,,,Unknown,UHL001,Actual,SW,Water,,,Lee,07100009,River/Stream,,40.4620485,-91.5670776
6,10560001,Des Moines River near Keokuk,11/07/2002 09:20:00,AMBIENT,14265-44-2,Orthophosphate (as P),Dissolved,,0.3,mg/l,True,0.05,,,Unknown,UHL001,Actual,SW,Water,,,Lee,07100009,River/Stream,,40.4620485,-91.5670776
6,10560001,Des Moines River near Keokuk,11/07/2002 09:20:00,AMBIENT,7631-86-9,Silica,Dissolved,,17,mg/l,True,1,,,370.1,UHL001,Actual,SW,Water,,,Lee,07100009,River/Stream,,40.4620485,-91.5670776
6,10560001,Des Moines River near Keokuk,11/07/2002 09:20:00,AMBIENT,TDS,Total dissolved solids,Dissolved,,400,mg/l,True,1,,,160.1,UHL001,Actual,SW,Water,,,Lee,07100009,River/Stream,,40.4620485,-91.5670776
6,10560001,Des Moines River near Keokuk,11/07/2002 09:20:00,AMBIENT,TSS,Total suspended solids,NonFilt,,29,mg/l,True,1,,,I3765,UHL001,Actual,SW,Water,,,Lee,07100009,River/Stream,,40.4620485,-91.5670776
6,10560001,Des Moines River near Keokuk,12/02/2002 09:00:00,AMBIENT,14265-44-2,Orthophosphate (as P),Dissolved,,0.2,mg/l,True,0.05,,,365.1,UHL001,Actual,SW,Water,,,Lee,07100009,River/Stream,,40.4620485,-91.5670776
6,10560001,Des Moines River near Keokuk,12/02/2002 09:00:00,AMBIENT,7631-86-9,Silica,Dissolved,,12,mg/l,True,1,,,370.1,UHL001,Actual,SW,Water,,,Lee,07100009,River/Stream,,40.4620485,-91.5670776
6,10560001,Des Moines River near Keokuk,12/02/2002 09:00:00,AMBIENT,TDS,Total dissolved solids,Dissolved,,430,mg/l,True,1,,,160.1,UHL001,Actual,SW,Water,,,Lee,07100009,River/Stream,,40.4620485,-91.5670776
6,10560001,Des Moines River near Keokuk,12/02/2002 09:00:00,AMBIENT,TSS,Total suspended solids,NonFilt,,7,mg/l,True,1,,,I3765,UHL001,Actual,SW,Water,,,Lee,07100009,River/Stream,,40.4620485,-91.5670776
6,10560001,Des Moines River near Keokuk,12/02/2002 09:00:00,AMBIENT,SPEC-COND,Specific conductance,Total,,740,uS/cm,True,1,,,2510,UHL001,Actual,SW,Water,,,Lee,07100009,River/Stream,,40.4620485,-91.5670776
6,10560001,Des Moines River near Keokuk,12/02/2002 09:00:00,AMBIENT,14808-79-8,Sulfate (as SO4),Total,,60,mg/l,True,1,,,300(A),UHL001,Actual,SW,Water,,,Lee,07100009,River/Stream,,40.4620485,-91.5670776
6,10560001,Des Moines River near Keokuk,12/02/2002 09:00:00,AMBIENT,TURB,Turbidity,Total,,4.7,NTU,True,1,,,180.1,UHL001,Actual,SW,Water,,,Lee,07100009,River/Stream,,40.4620485,-91.5670776
6,10560001,Des Moines River near Keokuk,01/02/2003 09:30:00,AMBIENT,7782-44-7,Dissolved oxygen (DO),Total,,13.5,mg/l,True,0.1,,,4500-O-G,,Actual,SW,Water,,,Lee,07100009,River/Stream,,40.4620485,-91.5670776
6,10560001,Des Moines River near Keokuk,01/02/2003 09:30:00,AMBIENT,FLOW,Flow,Total,,950,cfs,True,0.1,,,USGS CA8,,Actual,SW,Water,,,Lee,07100009,River/Stream,,40.4620485,-91.5670776
6,10560001,Des Moines River near Keokuk,01/02/2003 09:30:00,AMBIENT,PH,pH,Total,,9,None,True,,,,4500-H,,Actual,SW,Water,,,Lee,07100009,River/Stream,,40.4620485,-91.5670776
6,10560001,Des Moines River near Keokuk,01/02/2003 09:30:00,AMBIENT,TEMP-WATER,"Temperature, water",Total,,0.4,deg C,True,0,,,2550,,Actual,SW,Water,,,Lee,07100009,River/Stream,,40.4620485,-91.5670776
6,10560001,Des Moines River near Keokuk,01/02/2003 09:30:00,AMBIENT,1007-28-9,2-Choro-6-ethylamino-4-amino-s-triazine,Total,,0.05,ug/l,False,0.05,,,507,UHL001,Actual,SW,Water,,,Lee,07100009,River/Stream,,40.4620485,-91.5670776
6,10560001,Des Moines River near Keokuk,01/02/2003 09:30:00,AMBIENT,122-34-9,Simazine,Total,,0.05,ug/l,False,0.05,,,507,UHL001,Actual,SW,Water,,,Lee,07100009,River/Stream,,40.4620485,-91.5670776
6,10560001,Des Moines River near Keokuk,01/02/2003 09:30:00,AMBIENT,139-40-2,Propazine,Total,,0.05,ug/l,False,0.05,,,507,UHL001,Actual,SW,Water,,,Lee,07100009,River/Stream,,40.4620485,-91.5670776
6,10560001,Des Moines River near Keokuk,01/02/2003 09:30:00,AMBIENT,1582-09-8,Trifluralin,Total,,0.05,ug/l,False,0.05,,,507,UHL001,Actual,SW,Water,,,Lee,07100009,River/Stream,,40.4620485,-91.5670776
6,10560001,Des Moines River near Keokuk,01/02/2003 09:30:00,AMBIENT,15972-60-8,Alachlor,Total,,0.05,ug/l,False,0.05,,,507,UHL001,Actual,SW,Water,,,Lee,07100009,River/Stream,,40.4620485,-91.5670776
6,10560001,Des Moines River near Keokuk,01/02/2003 09:30:00,AMBIENT,1610-18-0,Prometon,Total,,0.05,ug/l,False,0.05,,,507,UHL001,Actual,SW,Water,,,Lee,07100009,River/Stream,,40.4620485,-91.5670776
6,10560001,Des Moines River near Keokuk,01/02/2003 09:30:00,AMBIENT,1912-24-9,Atrazine,Total,,0.079,ug/l,True,0.05,,,507,UHL001,Actual,SW,Water,,,Lee,07100009,River/Stream,,40.4620485,-91.5670776
6,10560001,Des Moines River near Keokuk,01/02/2003 09:30:00,AMBIENT,1918-16-7,Propachlor,Total,,0.05,ug/l,False,0.05,,,507,UHL001,Actual,SW,Water,,,Lee,07100009,River/Stream,,40.4620485,-91.5670776
6,10560001,Des Moines River near Keokuk,01/02/2003 09:30:00,AMBIENT,2008-41-5,Butylate,Total,,0.05,ug/l,False,0.05,,,507,UHL001,Actual,SW,Water,,,Lee,07100009,River/Stream,,40.4620485,-91.5670776
6,10560001,Des Moines River near Keokuk,01/02/2003 09:30:00,AMBIENT,21087-64-9,Metribuzin,Total,,0.05,ug/l,False,0.05,,,507,UHL001,Actual,SW,Water,,,Lee,07100009,River/Stream,,40.4620485,-91.5670776
6,10560001,Des Moines River near Keokuk,01/02/2003 09:30:00,AMBIENT,21725-46-2,Cyanazine,Total,,0.05,ug/l,False,0.05,,,507,UHL001,Actual,SW,Water,,,Lee,07100009,River/Stream,,40.4620485,-91.5670776
6,10560001,Des Moines River near Keokuk,01/02/2003 09:30:00,AMBIENT,34256-82-1,Acetochlor,Total,,0.05,ug/l,False,0.05,,,507,UHL001,Actual,SW,Water,,,Lee,07100009,River/Stream,,40.4620485,-91.5670776
6,10560001,Des Moines River near Keokuk,01/02/2003 09:30:00,AMBIENT,51218-45-2,Metolachlor,Total,,0.05,ug/l,False,0.05,,,507,UHL001,Actual,SW,Water,,,Lee,07100009,River/Stream,,40.4620485,-91.5670776
6,10560001,Des Moines River near Keokuk,01/02/2003 09:30:00,AMBIENT,6190-65-4,2-Chloro-4-isopropylamino-6-amino-s-triazine,Total,,0.05,ug/l,False,0.05,,,507,UHL001,Actual,SW,Water,,,Lee,07100009,River/Stream,,40.4620485,-91.5670776
6,10560001,Des Moines River near Keokuk,01/02/2003 09:30:00,AMBIENT,759-94-4,S-Ethyl dipropylthiocarbamate,Total,,0.05,ug/l,False,0.05,,,507,UHL001,Actual,SW,Water,,,Lee,07100009,River/Stream,,40.4620485,-91.5670776
6,10560001,Des Moines River near Keokuk,01/02/2003 09:30:00,AMBIENT,834-12-8,Ametryn,Total,,0.05,ug/l,False,0.05,,,507,UHL001,Actual,SW,Water,,,Lee,07100009,River/Stream,,40.4620485,-91.5670776
6,10560001,Des Moines River near Keokuk,01/02/2003 09:30:00,AMBIENT,87674-68-8,Dimethenamid,Total,,0.05,ug/l,False,0.05,,,507,UHL001,Actual,SW,Water,,,Lee,07100009,River/Stream,,40.4620485,-91.5670776
6,10560001,Des Moines River near Keokuk,01/02/2003 09:30:00,AMBIENT,7440-02-0,Nickel,Total,,50,ug/l,False,50,,,200.8(W),UHL001,Actual,SW,Water,,,Lee,07100009,River/Stream,,40.4620485,-91.5670776
6,10560001,Des Moines River near Keokuk,01/02/2003 09:30:00,AMBIENT,7440-22-4,Silver,Total,,10,ug/l,False,10,,,200.8(W),UHL001,Actual,SW,Water,,,Lee,07100009,River/Stream,,40.4620485,-91.5670776
6,10560001,Des Moines River near Keokuk,01/02/2003 09:30:00,AMBIENT,7440-36-0,Antimony,Total,,0.005,mg/l,False,0.005,,,200.8(W),UHL001,Actual,SW,Water,,,Lee,07100009,River/Stream,,40.4620485,-91.5670776
6,10560001,Des Moines River near Keokuk,01/02/2003 09:30:00,AMBIENT,7440-38-2,Arsenic,Total,,10,ug/l,False,10,,,200.8(W),UHL001,Actual,SW,Water,,,Lee,07100009,River/Stream,,40.4620485,-91.5670776
6,10560001,Des Moines River near Keokuk,01/02/2003 09:30:00,AMBIENT,7440-41-7,Beryllium,Total,,0.02,mg/l,False,0.02,,,200.8(W),UHL001,Actual,SW,Water,,,Lee,07100009,River/Stream,,40.4620485,-91.5670776
6,10560001,Des Moines River near Keokuk,01/02/2003 09:30:00,AMBIENT,7440-66-6,Zinc,Total,,20,ug/l,False,20,,,200.8(W),UHL001,Actual,SW,Water,,,Lee,07100009,River/Stream,,40.4620485,-91.5670776
6,10560001,Des Moines River near Keokuk,01/02/2003 09:30:00,AMBIENT,7782-49-2,Selenium,Total,,10,ug/l,False,10,,,200.8(W),UHL001,Actual,SW,Water,,,Lee,07100009,River/Stream,,40.4620485,-91.5670776
6,10560001,Des Moines River near Keokuk,01/02/2003 09:30:00,AMBIENT,CBOD-SC,"Carbonaceous biochemical oxygen demand, standard conditions",Total,,7,mg/l,True,2,,,UnknownBOD,UHL001,Actual,SW,Water,,,Lee,07100009,River/Stream,,40.4620485,-91.5670776
6,10560001,Des Moines River near Keokuk,01/02/2003 09:30:00,AMBIENT,7439-92-1,Lead,Total,,10,ug/l,False,10,,,3113-B,UHL001,Actual,SW,Water,,,Lee,07100009,River/Stream,,40.4620485,-91.5670776
6,10560001,Des Moines River near Keokuk,01/02/2003 09:30:00,AMBIENT,7440-43-9,Cadmium,Total,,1,ug/l,False,1,,,3113-B,UHL001,Actual,SW,Water,,,Lee,07100009,River/Stream,,40.4620485,-91.5670776
6,10560001,Des Moines River near Keokuk,01/02/2003 09:30:00,AMBIENT,7440-28-0,Thallium,Total,,0.001,mg/l,False,0.001,,,200.8(W),UHL001,Actual,SW,Water,,,Lee,07100009,River/Stream,,40.4620485,-91.5670776
6,10560001,Des Moines River near Keokuk,01/02/2003 09:30:00,AMBIENT,TURB,Turbidity,Total,,10,NTU,True,1,,,180.1,UHL001,Actual,SW,Water,,,Lee,07100009,River/Stream,,40.4620485,-91.5670776
6,10560001,Des Moines River near Keokuk,02/05/2003 09:45:00,AMBIENT,7782-44-7,Dissolved oxygen (DO),Total,,12.7,mg/l,True,0.1,,,4500-O-G,,Actual,SW,Water,,,Lee,07100009,River/Stream,,40.4620485,-91.5670776
6,10560001,Des Moines River near Keokuk,02/05/2003 09:45:00,AMBIENT,FLOW,Flow,Total,,1000,cfs,True,0.1,,,USGS CA8,,Actual,SW,Water,,,Lee,07100009,River/Stream,,40.4620485,-91.5670776
6,10560001,Des Moines River near Keokuk,02/05/2003 09:45:00,AMBIENT,PH,pH,Total,,8.8,None,True,,,,4500-H,,Actual,SW,Water,,,Lee,07100009,River/Stream,,40.4620485,-91.5670776
6,10560001,Des Moines River near Keokuk,02/05/2003 09:45:00,AMBIENT,TEMP-WATER,"Temperature, water",Total,,0,deg C,True,0,,,2550,,Actual,SW,Water,,,Lee,07100009,River/Stream,,40.4620485,-91.5670776
6,10560001,Des Moines River near Keokuk,02/05/2003 09:45:00,AMBIENT,1007-28-9,2-Choro-6-ethylamino-4-amino-s-triazine,Total,,0.05,ug/l,False,0.05,,,507,UHL001,Actual,SW,Water,,,Lee,07100009,River/Stream,,40.4620485,-91.5670776
6,10560001,Des Moines River near Keokuk,02/05/2003 09:45:00,AMBIENT,122-34-9,Simazine,Total,,0.05,ug/l,False,0.05,,,507,UHL001,Actual,SW,Water,,,Lee,07100009,River/Stream,,40.4620485,-91.5670776
6,10560001,Des Moines River near Keokuk,02/05/2003 09:45:00,AMBIENT,139-40-2,Propazine,Total,,0.05,ug/l,False,0.05,,,507,UHL001,Actual,SW,Water,,,Lee,07100009,River/Stream,,40.4620485,-91.5670776
6,10560001,Des Moines River near Keokuk,02/05/2003 09:45:00,AMBIENT,1582-09-8,Trifluralin,Total,,0.05,ug/l,False,0.05,,,507,UHL001,Actual,SW,Water,,,Lee,07100009,River/Stream,,40.4620485,-91.5670776
6,10560001,Des Moines River near Keokuk,02/05/2003 09:45:00,AMBIENT,15972-60-8,Alachlor,Total,,0.05,ug/l,False,0.05,,,507,UHL001,Actual,SW,Water,,,Lee,07100009,River/Stream,,40.4620485,-91.5670776
6,10560001,Des Moines River near Keokuk,02/05/2003 09:45:00,AMBIENT,1610-18-0,Prometon,Total,,0.05,ug/l,False,0.05,,,507,UHL001,Actual,SW,Water,,,Lee,07100009,River/Stream,,40.4620485,-91.5670776
6,10560001,Des Moines River near Keokuk,02/05/2003 09:45:00,AMBIENT,1912-24-9,Atrazine,Total,,0.096,ug/l,True,0.05,,,507,UHL001,Actual,SW,Water,,,Lee,07100009,River/Stream,,40.4620485,-91.5670776
6,10560001,Des Moines River near Keokuk,02/05/2003 09:45:00,AMBIENT,1918-16-7,Propachlor,Total,,0.05,ug/l,False,0.05,,,507,UHL001,Actual,SW,Water,,,Lee,07100009,River/Stream,,40.4620485,-91.5670776
6,10560001,Des Moines River near Keokuk,02/05/2003 09:45:00,AMBIENT,2008-41-5,Butylate,Total,,0.05,ug/l,False,0.05,,,507,UHL001,Actual,SW,Water,,,Lee,07100009,River/Stream,,40.4620485,-91.5670776
6,10560001,Des Moines River near Keokuk,02/05/2003 09:45:00,AMBIENT,21087-64-9,Metribuzin,Total,,0.05,ug/l,False,0.05,,,507,UHL001,Actual,SW,Water,,,Lee,07100009,River/Stream,,40.4620485,-91.5670776
6,10560001,Des Moines River near Keokuk,02/05/2003 09:45:00,AMBIENT,21725-46-2,Cyanazine,Total,,0.05,ug/l,False,0.05,,,507,UHL001,Actual,SW,Water,,,Lee,07100009,River/Stream,,40.4620485,-91.5670776
6,10560001,Des Moines River near Keokuk,02/05/2003 09:45:00,AMBIENT,34256-82-1,Acetochlor,Total,,0.05,ug/l,False,0.05,,,507,UHL001,Actual,SW,Water,,,Lee,07100009,River/Stream,,40.4620485,-91.5670776
6,10560001,Des Moines River near Keokuk,02/05/2003 09:45:00,AMBIENT,51218-45-2,Metolachlor,Total,,0.05,ug/l,False,0.05,,,507,UHL001,Actual,SW,Water,,,Lee,07100009,River/Stream,,40.4620485,-91.5670776
6,10560001,Des Moines River near Keokuk,02/05/2003 09:45:00,AMBIENT,6190-65-4,2-Chloro-4-isopropylamino-6-amino-s-triazine,Total,,0.05,ug/l,False,0.05,,,507,UHL001,Actual,SW,Water,,,Lee,07100009,River/Stream,,40.4620485,-91.5670776
6,10560001,Des Moines River near Keokuk,02/05/2003 09:45:00,AMBIENT,759-94-4,S-Ethyl dipropylthiocarbamate,Total,,0.05,ug/l,False,0.05,,,507,UHL001,Actual,SW,Water,,,Lee,07100009,River/Stream,,40.4620485,-91.5670776
6,10560001,Des Moines River near Keokuk,02/05/2003 09:45:00,AMBIENT,834-12-8,Ametryn,Total,,0.05,ug/l,False,0.05,,,507,UHL001,Actual,SW,Water,,,Lee,07100009,River/Stream,,40.4620485,-91.5670776
6,10560001,Des Moines River near Keokuk,02/05/2003 09:45:00,AMBIENT,87674-68-8,Dimethenamid,Total,,0.05,ug/l,False,0.05,,,507,UHL001,Actual,SW,Water,,,Lee,07100009,River/Stream,,40.4620485,-91.5670776
6,10560001,Des Moines River near Keokuk,04/03/2003 09:30:00,AMBIENT,NIT-KJELD,Kjeldahl nitrogen (AS N),Total,,1.9,mg/l,True,0.05,,,Unknown,UHL001,Actual,SW,Water,,,Lee,07100009,River/Stream,,40.4620485,-91.5670776
6,10560001,Des Moines River near Keokuk,04/03/2003 09:30:00,AMBIENT,NIT-NO3-NO2,Inorganic nitrogen (nitrate and nitrite) (as N),Total,,3.7,mg/l,True,0.1,,,353.2,UHL001,Actual,SW,Water,,,Lee,07100009,River/Stream,,40.4620485,-91.5670776
6,10560001,Des Moines River near Keokuk,04/03/2003 09:30:00,AMBIENT,11096-82-5,Aroclor 1260,Total,,0.5,ug/l,False,0.5,,,8082(W),UHL001,Actual,SW,Water,,,Lee,07100009,River/Stream,,40.4620485,-91.5670776
6,10560001,Des Moines River near Keokuk,04/03/2003 09:30:00,AMBIENT,11097-69-1,Aroclor 1254,Total,,0.5,ug/l,False,0.5,,,8082(W),UHL001,Actual,SW,Water,,,Lee,07100009,River/Stream,,40.4620485,-91.5670776
6,10560001,Des Moines River near Keokuk,04/03/2003 09:30:00,AMBIENT,11104-28-2,Aroclor 1221,Total,,0.5,ug/l,False,0.5,,,8082(W),UHL001,Actual,SW,Water,,,Lee,07100009,River/Stream,,40.4620485,-91.5670776
6,10560001,Des Moines River near Keokuk,04/03/2003 09:30:00,AMBIENT,11141-16-5,Aroclor 1232,Total,,0.5,ug/l,False,0.5,,,8082(W),UHL001,Actual,SW,Water,,,Lee,07100009,River/Stream,,40.4620485,-91.5670776
6,10560001,Des Moines River near Keokuk,04/03/2003 09:30:00,AMBIENT,12672-29-6,Aroclor 1248,Total,,0.5,ug/l,False,0.5,,,8082(W),UHL001,Actual,SW,Water,,,Lee,07100009,River/Stream,,40.4620485,-91.5670776
6,10560001,Des Moines River near Keokuk,04/03/2003 09:30:00,AMBIENT,12674-11-2,Aroclor 1016,Total,,0.5,ug/l,False,0.5,,,8082(W),UHL001,Actual,SW,Water,,,Lee,07100009,River/Stream,,40.4620485,-91.5670776
6,10560001,Des Moines River near Keokuk,04/03/2003 09:30:00,AMBIENT,53469-21-9,Aroclor 1242,Total,,0.5,ug/l,False,0.5,,,8082(W),UHL001,Actual,SW,Water,,,Lee,07100009,River/Stream,,40.4620485,-91.5670776
6,10560001,Des Moines River near Keokuk,04/03/2003 09:30:00,AMBIENT,87-86-5,Pentachlorophenol,Total,,2,ug/l,False,2,,,515.3,UHL001,Actual,SW,Water,,,Lee,07100009,River/Stream,,40.4620485,-91.5670776
6,10560001,Des Moines River near Keokuk,04/03/2003 09:30:00,AMBIENT,603-17-8,Pheophytin a,NonFilt,,1,ug/l,False,1,,,10200H(2),UHL001,Actual,SW,Water,,,Lee,07100009,River/Stream,,40.4620485,-91.5670776
6,10560001,Des Moines River near Keokuk,04/03/2003 09:30:00,AMBIENT,PHOSP-PHOSP,Phosphate-phosphorus (as P),Total,,0.39,mg/l,True,0.05,,,365.4,UHL001,Actual,SW,Water,,,Lee,07100009,River/Stream,,40.4620485,-91.5670776
6,10560001,Des Moines River near Keokuk,04/03/2003 09:30:00,AMBIENT,14265-44-2,Orthophosphate (as P),Dissolved,,0.14,mg/l,True,0.05,,,365.1,UHL001,Actual,SW,Water,,,Lee,07100009,River/Stream,,40.4620485,-91.5670776
6,10560001,Des Moines River near Keokuk,04/03/2003 09:30:00,AMBIENT,7631-86-9,Silica,Dissolved,,1,mg/l,False,1,,,370.1,UHL001,Actual,SW,Water,,,Lee,07100009,River/Stream,,40.4620485,-91.5670776
6,10560001,Des Moines River near Keokuk,04/03/2003 09:30:00,AMBIENT,TDS,Total dissolved solids,Dissolved,,410,mg/l,True,1,,,160.1,UHL001,Actual,SW,Water,,,Lee,07100009,River/Stream,,40.4620485,-91.5670776
6,10560001,Des Moines River near Keokuk,04/03/2003 09:30:00,AMBIENT,TSS,Total suspended solids,NonFilt,,36,mg/l,True,1,,,I3765,UHL001,Actual,SW,Water,,,Lee,07100009,River/Stream,,40.4620485,-91.5670776
6,10560001,Des Moines River near Keokuk,04/03/2003 09:30:00,AMBIENT,SPEC-COND,Specific conductance,Total,,650,uS/cm,True,1,,,2510,UHL001,Actual,SW,Water,,,Lee,07100009,River/Stream,,40.4620485,-91.5670776
6,10560001,Des Moines River near Keokuk,04/03/2003 09:30:00,AMBIENT,14808-79-8,Sulfate (as SO4),Total,,65,mg/l,True,1,,,300(A),UHL001,Actual,SW,Water,,,Lee,07100009,River/Stream,,40.4620485,-91.5670776
6,10560001,Des Moines River near Keokuk,04/03/2003 09:30:00,AMBIENT,TURB,Turbidity,Total,,12,NTU,True,1,,,180.1,UHL001,Actual,SW,Water,,,Lee,07100009,River/Stream,,40.4620485,-91.5670776
6,10560001,Des Moines River near Keokuk,05/08/2003 09:40:00,AMBIENT,CBOD-SC,"Carbonaceous biochemical oxygen demand, standard conditions",Total,,2,mg/l,True,2,,,UnknownBOD,UHL001,Actual,SW,Water,,,Lee,07100009,River/Stream,,40.4620485,-91.5670776
6,10560001,Des Moines River near Keokuk,05/08/2003 09:40:00,AMBIENT,7440-44-0,Carbon,Total,,13,mg/l,True,0.5,,,415.1,UHL001,Actual,SW,Water,,,Lee,07100009,River/Stream,,40.4620485,-91.5670776
6,10560001,Des Moines River near Keokuk,05/08/2003 09:40:00,AMBIENT,16887-00-6,Chloride,Total,,30,mg/l,True,1,,,325.3,UHL001,Actual,SW,Water,,,Lee,07100009,River/Stream,,40.4620485,-91.5670776
6,10560001,Des Moines River near Keokuk,05/08/2003 09:40:00,AMBIENT,11003-45-5,Chlorophyll c,NonFilt,,1,ug/l,False,1,,,10200-H,UHL001,Actual,SW,Water,,,Lee,07100009,River/Stream,,40.4620485,-91.5670776
6,10560001,Des Moines River near Keokuk,05/08/2003 09:40:00,AMBIENT,479-61-8,Chlorophyll a,NonFilt,,28,ug/l,True,1,,,10200-H,UHL001,Actual,SW,Water,,,Lee,07100009,River/Stream,,40.4620485,-91.5670776
6,10560001,Des Moines River near Keokuk,05/08/2003 09:40:00,AMBIENT,519-62-0,Chlorophyll b,NonFilt,,1,ug/l,False,1,,,10200-H,UHL001,Actual,SW,Water,,,Lee,07100009,River/Stream,,40.4620485,-91.5670776
6,10560001,Des Moines River near Keokuk,05/08/2003 09:40:00,AMBIENT,CLR-A-UCP,"Chlorophyll a, uncorrected for pheophytin",NonFilt,,33,ug/l,True,1,,,10200-H,UHL001,Actual,SW,Water,,,Lee,07100009,River/Stream,,40.4620485,-91.5670776
6,10560001,Des Moines River near Keokuk,05/08/2003 09:40:00,AMBIENT,ENTERO,Enterococcus,Total,,1500,MPN/100ml,True,10,,,1600,UHL001,Actual,SW,Water,,,Lee,07100009,River/Stream,,40.4620485,-91.5670776
6,10560001,Des Moines River near Keokuk,05/08/2003 09:40:00,AMBIENT,68583-22-2,Escherichia coli,Total,,640,MPN/100ml,True,10,,,APHA 9222 G,UHL001,Actual,SW,Water,,,Lee,07100009,River/Stream,,40.4620485,-91.5670776
6,10560001,Des Moines River near Keokuk,05/08/2003 09:40:00,AMBIENT,FEC-COL,Fecal Coliform,Total,,860,MPN/100ml,True,10,,,9222-D,UHL001,Actual,SW,Water,,,Lee,07100009,River/Stream,,40.4620485,-91.5670776
6,10560001,Des Moines River near Keokuk,05/08/2003 09:40:00,AMBIENT,HARD-CARB,"Hardness, carbonate",Total,,270,mg/l,True,1,,,Unknown,UHL001,Actual,SW,Water,,,Lee,07100009,River/Stream,,40.4620485,-91.5670776
6,10560001,Des Moines River near Keokuk,05/08/2003 09:40:00,AMBIENT,NIT-AMM,Ammonia-nitrogen (as N),Total,,0.05,mg/l,True,0.05,,,350.1,UHL001,Actual,SW,Water,,,Lee,07100009,River/Stream,,40.4620485,-91.5670776
6,10560001,Des Moines River near Keokuk,05/08/2003 09:40:00,AMBIENT,NIT-KJELD,Kjeldahl nitrogen (AS N),Total,,1.3,mg/l,True,0.05,,,Unknown,UHL001,Actual,SW,Water,,,Lee,07100009,River/Stream,,40.4620485,-91.5670776
6,10560001,Des Moines River near Keokuk,05/08/2003 09:40:00,AMBIENT,NIT-NO3-NO2,Inorganic nitrogen (nitrate and nitrite) (as N),Total,,6,mg/l,True,0.1,,,353.2,UHL001,Actual,SW,Water,,,Lee,07100009,River/Stream,,40.4620485,-91.5670776
6,10560001,Des Moines River near Keokuk,05/08/2003 09:40:00,AMBIENT,11096-82-5,Aroclor 1260,Total,,0.5,ug/l,False,0.5,,,8082(W),UHL001,Actual,SW,Water,,,Lee,07100009,River/Stream,,40.4620485,-91.5670776
6,10560001,Des Moines River near Keokuk,05/08/2003 09:40:00,AMBIENT,11097-69-1,Aroclor 1254,Total,,0.5,ug/l,False,0.5,,,8082(W),UHL001,Actual,SW,Water,,,Lee,07100009,River/Stream,,40.4620485,-91.5670776
6,10560001,Des Moines River near Keokuk,05/08/2003 09:40:00,AMBIENT,11104-28-2,Aroclor 1221,Total,,0.5,ug/l,False,0.5,,,8082(W),UHL001,Actual,SW,Water,,,Lee,07100009,River/Stream,,40.4620485,-91.5670776
6,10560001,Des Moines River near Keokuk,05/08/2003 09:40:00,AMBIENT,11141-16-5,Aroclor 1232,Total,,0.5,ug/l,False,0.5,,,8082(W),UHL001,Actual,SW,Water,,,Lee,07100009,River/Stream,,40.4620485,-91.5670776
6,10560001,Des Moines River near Keokuk,05/08/2003 09:40:00,AMBIENT,12672-29-6,Aroclor 1248,Total,,0.5,ug/l,False,0.5,,,8082(W),UHL001,Actual,SW,Water,,,Lee,07100009,River/Stream,,40.4620485,-91.5670776
6,10560001,Des Moines River near Keokuk,05/08/2003 09:40:00,AMBIENT,12674-11-2,Aroclor 1016,Total,,0.5,ug/l,False,0.5,,,8082(W),UHL001,Actual,SW,Water,,,Lee,07100009,River/Stream,,40.4620485,-91.5670776
6,10560001,Des Moines River near Keokuk,05/08/2003 09:40:00,AMBIENT,53469-21-9,Aroclor 1242,Total,,0.5,ug/l,False,0.5,,,8082(W),UHL001,Actual,SW,Water,,,Lee,07100009,River/Stream,,40.4620485,-91.5670776
6,10560001,Des Moines River near Keokuk,05/08/2003 09:40:00,AMBIENT,87-86-5,Pentachlorophenol,Total,,2,ug/l,False,2,,,515.3,UHL001,Actual,SW,Water,,,Lee,07100009,River/Stream,,40.4620485,-91.5670776
6,10560001,Des Moines River near Keokuk,05/08/2003 09:40:00,AMBIENT,603-17-8,Pheophytin a,NonFilt,,5,ug/l,True,1,,,10200H(2),UHL001,Actual,SW,Water,,,Lee,07100009,River/Stream,,40.4620485,-91.5670776
6,10560001,Des Moines River near Keokuk,05/08/2003 09:40:00,AMBIENT,PHOSP-PHOSP,Phosphate-phosphorus (as P),Total,,0.52,mg/l,True,0.05,,,365.4,UHL001,Actual,SW,Water,,,Lee,07100009,River/Stream,,40.4620485,-91.5670776
6,10560001,Des Moines River near Keokuk,05/08/2003 09:40:00,AMBIENT,14265-44-2,Orthophosphate (as P),Dissolved,,0.12,mg/l,True,0.05,,,365.1,UHL001,Actual,SW,Water,,,Lee,07100009,River/Stream,,40.4620485,-91.5670776
6,10560001,Des Moines River near Keokuk,05/08/2003 09:40:00,AMBIENT,7631-86-9,Silica,Dissolved,,8,mg/l,True,1,,,370.1,UHL001,Actual,SW,Water,,,Lee,07100009,River/Stream,,40.4620485,-91.5670776
6,10560001,Des Moines River near Keokuk,05/08/2003 09:40:00,AMBIENT,TDS,Total dissolved solids,Dissolved,,390,mg/l,True,1,,,160.1,UHL001,Actual,SW,Water,,,Lee,07100009,River/Stream,,40.4620485,-91.5670776
6,10560001,Des Moines River near Keokuk,05/08/2003 09:40:00,AMBIENT,TSS,Total suspended solids,NonFilt,,360,mg/l,True,1,,,I3765,UHL001,Actual,SW,Water,,,Lee,07100009,River/Stream,,40.4620485,-91.5670776
6,10560001,Des Moines River near Keokuk,05/08/2003 09:40:00,AMBIENT,SPEC-COND,Specific conductance,Total,,600,uS/cm,True,1,,,2510,UHL001,Actual,SW,Water,,,Lee,07100009,River/Stream,,40.4620485,-91.5670776
6,10560001,Des Moines River near Keokuk,03/03/2003 09:50:00,AMBIENT,NIT-KJELD,Kjeldahl nitrogen (AS N),Total,,1.6,mg/l,True,0.05,,,Unknown,UHL001,Actual,SW,Water,,,Lee,07100009,River/Stream,,40.4620485,-91.5670776
6,10560001,Des Moines River near Keokuk,03/03/2003 09:50:00,AMBIENT,NIT-NO3-NO2,Inorganic nitrogen (nitrate and nitrite) (as N),Total,,5.9,mg/l,True,0.1,,,353.2,UHL001,Actual,SW,Water,,,Lee,07100009,River/Stream,,40.4620485,-91.5670776
6,10560001,Des Moines River near Keokuk,03/03/2003 09:50:00,AMBIENT,603-17-8,Pheophytin a,NonFilt,,1,ug/l,False,1,,,10200H(2),UHL001,Actual,SW,Water,,,Lee,07100009,River/Stream,,40.4620485,-91.5670776
6,10560001,Des Moines River near Keokuk,03/03/2003 09:50:00,AMBIENT,PHOSP-PHOSP,Phosphate-phosphorus (as P),Total,,0.41,mg/l,True,0.05,,,365.4,UHL001,Actual,SW,Water,,,Lee,07100009,River/Stream,,40.4620485,-91.5670776
6,10560001,Des Moines River near Keokuk,03/03/2003 09:50:00,AMBIENT,14265-44-2,Orthophosphate (as P),Dissolved,,0.3,mg/l,True,0.05,,,365.1,UHL001,Actual,SW,Water,,,Lee,07100009,River/Stream,,40.4620485,-91.5670776
6,10560001,Des Moines River near Keokuk,03/03/2003 09:50:00,AMBIENT,7631-86-9,Silica,Dissolved,,6.6,mg/l,True,1,,,370.1,UHL001,Actual,SW,Water,,,Lee,07100009,River/Stream,,40.4620485,-91.5670776
6,10560001,Des Moines River near Keokuk,03/03/2003 09:50:00,AMBIENT,TDS,Total dissolved solids,Dissolved,,440,mg/l,True,1,,,160.1,UHL001,Actual,SW,Water,,,Lee,07100009,River/Stream,,40.4620485,-91.5670776
6,10560001,Des Moines River near Keokuk,03/03/2003 09:50:00,AMBIENT,TSS,Total suspended solids,NonFilt,,17,mg/l,True,1,,,I3765,UHL001,Actual,SW,Water,,,Lee,07100009,River/Stream,,40.4620485,-91.5670776
6,10560001,Des Moines River near Keokuk,03/03/2003 09:50:00,AMBIENT,SPEC-COND,Specific conductance,Total,,800,uS/cm,True,1,,,2510,UHL001,Actual,SW,Water,,,Lee,07100009,River/Stream,,40.4620485,-91.5670776
6,10560001,Des Moines River near Keokuk,03/03/2003 09:50:00,AMBIENT,14808-79-8,Sulfate (as SO4),Total,,70,mg/l,True,1,,,300(A),UHL001,Actual,SW,Water,,,Lee,07100009,River/Stream,,40.4620485,-91.5670776
6,10560001,Des Moines River near Keokuk,03/03/2003 09:50:00,AMBIENT,TURB,Turbidity,Total,,11,NTU,True,1,,,180.1,UHL001,Actual,SW,Water,,,Lee,07100009,River/Stream,,40.4620485,-91.5670776
6,10560001,Des Moines River near Keokuk,06/04/2003 11:50:00,AMBIENT,TEMP-WATER,"Temperature, water",Total,,18.3,deg C,True,0,,,2550,,Actual,SW,Water,,,Lee,07100009,River/Stream,,40.4620485,-91.5670776
6,10560001,Des Moines River near Keokuk,06/04/2003 11:50:00,AMBIENT,120-36-5,Dichlorprop,Total,,1,ug/l,False,1,,,515.1,UHL001,Actual,SW,Water,,,Lee,07100009,River/Stream,,40.4620485,-91.5670776
6,10560001,Des Moines River near Keokuk,06/04/2003 11:50:00,AMBIENT,133-90-4,Chloramben,Total,,1,ug/l,False,1,,,515.1,UHL001,Actual,SW,Water,,,Lee,07100009,River/Stream,,40.4620485,-91.5670776
6,10560001,Des Moines River near Keokuk,06/04/2003 11:50:00,AMBIENT,1689-84-5,Bromoxynil,Total,,1,ug/l,False,1,,,515.1,UHL001,Actual,SW,Water,,,Lee,07100009,River/Stream,,40.4620485,-91.5670776
6,10560001,Des Moines River near Keokuk,06/04/2003 11:50:00,AMBIENT,1861-32-1,Chlorthal-dimethyl,Total,,1,ug/l,False,1,,,515.1,UHL001,Actual,SW,Water,,,Lee,07100009,River/Stream,,40.4620485,-91.5670776
6,10560001,Des Moines River near Keokuk,06/04/2003 11:50:00,AMBIENT,1918-00-9,Dicamba,Total,,1,ug/l,False,1,,,515.1,UHL001,Actual,SW,Water,,,Lee,07100009,River/Stream,,40.4620485,-91.5670776
6,10560001,Des Moines River near Keokuk,06/04/2003 11:50:00,AMBIENT,1918-02-01,Picloram,Total,,2,ug/l,False,2,,,515.1,UHL001,Actual,SW,Water,,,Lee,07100009,River/Stream,,40.4620485,-91.5670776
6,10560001,Des Moines River near Keokuk,06/04/2003 11:50:00,AMBIENT,25057-89-0,Bentazon,Total,,5,ug/l,False,5,,,515.1,UHL001,Actual,SW,Water,,,Lee,07100009,River/Stream,,40.4620485,-91.5670776
6,10560001,Des Moines River near Keokuk,06/04/2003 11:50:00,AMBIENT,50594-66-6,Acifluorfen,Total,,1,ug/l,False,1,,,515.1,UHL001,Actual,SW,Water,,,Lee,07100009,River/Stream,,40.4620485,-91.5670776
6,10560001,Des Moines River near Keokuk,06/04/2003 11:50:00,AMBIENT,55335-06-3,Triclopyr,Total,,1,ug/l,False,1,,,515.1,UHL001,Actual,SW,Water,,,Lee,07100009,River/Stream,,40.4620485,-91.5670776
6,10560001,Des Moines River near Keokuk,06/04/2003 11:50:00,AMBIENT,88-85-7,Dinoseb,Total,,1,ug/l,False,1,,,515.1,UHL001,Actual,SW,Water,,,Lee,07100009,River/Stream,,40.4620485,-91.5670776
6,10560001,Des Moines River near Keokuk,06/04/2003 11:50:00,AMBIENT,93-72-1,Silvex,Total,,1,ug/l,False,1,,,515.1,UHL001,Actual,SW,Water,,,Lee,07100009,River/Stream,,40.4620485,-91.5670776
6,10560001,Des Moines River near Keokuk,06/04/2003 11:50:00,AMBIENT,93-76-5,"2,4,5-T",Total,,1,ug/l,False,1,,,515.1,UHL001,Actual,SW,Water,,,Lee,07100009,River/Stream,,40.4620485,-91.5670776
6,10560001,Des Moines River near Keokuk,06/04/2003 11:50:00,AMBIENT,94-75-7,"2,4-D",Total,,2,ug/l,False,2,,,515.1,UHL001,Actual,SW,Water,,,Lee,07100009,River/Stream,,40.4620485,-91.5670776
6,10560001,Des Moines River near Keokuk,06/04/2003 11:50:00,AMBIENT,94-82-6,"2,4-DB",Total,,2,ug/l,False,2,,,515.1,UHL001,Actual,SW,Water,,,Lee,07100009,River/Stream,,40.4620485,-91.5670776
6,10560001,Des Moines River near Keokuk,06/04/2003 11:50:00,AMBIENT,1007-28-9,2-Choro-6-ethylamino-4-amino-s-triazine,Total,,0.05,ug/l,False,0.05,,,507,UHL001,Actual,SW,Water,,,Lee,07100009,River/Stream,,40.4620485,-91.5670776
6,10560001,Des Moines River near Keokuk,06/04/2003 11:50:00,AMBIENT,121-75-5,Malathion,Total,,0.05,ug/l,False,0.05,,,507,UHL001,Actual,SW,Water,,,Lee,07100009,River/Stream,,40.4620485,-91.5670776
6,10560001,Des Moines River near Keokuk,06/04/2003 11:50:00,AMBIENT,122-34-9,Simazine,Total,,0.05,ug/l,False,0.05,,,507,UHL001,Actual,SW,Water,,,Lee,07100009,River/Stream,,40.4620485,-91.5670776
6,10560001,Des Moines River near Keokuk,06/04/2003 11:50:00,AMBIENT,13071-79-9,Terbufos,Total,,0.05,ug/l,False,0.05,,,507,UHL001,Actual,SW,Water,,,Lee,07100009,River/Stream,,40.4620485,-91.5670776
6,10560001,Des Moines River near Keokuk,06/04/2003 11:50:00,AMBIENT,13194-48-4,Ethoprop,Total,,0.05,ug/l,False,0.05,,,507,UHL001,Actual,SW,Water,,,Lee,07100009,River/Stream,,40.4620485,-91.5670776
6,10560001,Des Moines River near Keokuk,06/04/2003 11:50:00,AMBIENT,139-40-2,Propazine,Total,,0.05,ug/l,False,0.05,,,507,UHL001,Actual,SW,Water,,,Lee,07100009,River/Stream,,40.4620485,-91.5670776
6,10560001,Des Moines River near Keokuk,06/04/2003 11:50:00,AMBIENT,1563-66-2,Carbofuran,Total,,0.05,ug/l,False,0.05,,,507,UHL001,Actual,SW,Water,,,Lee,07100009,River/Stream,,40.4620485,-91.5670776
6,10560001,Des Moines River near Keokuk,06/04/2003 11:50:00,AMBIENT,1582-09-8,Trifluralin,Total,,0.05,ug/l,False,0.05,,,507,UHL001,Actual,SW,Water,,,Lee,07100009,River/Stream,,40.4620485,-91.5670776
6,10560001,Des Moines River near Keokuk,06/04/2003 11:50:00,AMBIENT,15972-60-8,Alachlor,Total,,0.05,ug/l,False,0.05,,,507,UHL001,Actual,SW,Water,,,Lee,07100009,River/Stream,,40.4620485,-91.5670776
6,10560001,Des Moines River near Keokuk,06/04/2003 11:50:00,AMBIENT,1610-18-0,Prometon,Total,,0.05,ug/l,False,0.05,,,507,UHL001,Actual,SW,Water,,,Lee,07100009,River/Stream,,40.4620485,-91.5670776
6,10560001,Des Moines River near Keokuk,06/04/2003 11:50:00,AMBIENT,1912-24-9,Atrazine,Total,,0.59,ug/l,True,0.05,,,507,UHL001,Actual,SW,Water,,,Lee,07100009,River/Stream,,40.4620485,-91.5670776
6,10560001,Des Moines River near Keokuk,06/04/2003 11:50:00,AMBIENT,1918-16-7,Propachlor,Total,,0.05,ug/l,False,0.05,,,507,UHL001,Actual,SW,Water,,,Lee,07100009,River/Stream,,40.4620485,-91.5670776
6,10560001,Des Moines River near Keokuk,06/04/2003 11:50:00,AMBIENT,2008-41-5,Butylate,Total,,0.05,ug/l,False,0.05,,,507,UHL001,Actual,SW,Water,,,Lee,07100009,River/Stream,,40.4620485,-91.5670776
6,10560001,Des Moines River near Keokuk,06/04/2003 11:50:00,AMBIENT,21087-64-9,Metribuzin,Total,,0.05,ug/l,False,0.05,,,507,UHL001,Actual,SW,Water,,,Lee,07100009,River/Stream,,40.4620485,-91.5670776
6,10560001,Des Moines River near Keokuk,06/04/2003 11:50:00,AMBIENT,21725-46-2,Cyanazine,Total,,0.05,ug/l,False,0.05,,,507,UHL001,Actual,SW,Water,,,Lee,07100009,River/Stream,,40.4620485,-91.5670776
6,10560001,Des Moines River near Keokuk,06/04/2003 11:50:00,AMBIENT,2303-17-5,Triallate,Total,,0.05,ug/l,False,0.05,,,507,UHL001,Actual,SW,Water,,,Lee,07100009,River/Stream,,40.4620485,-91.5670776
6,10560001,Des Moines River near Keokuk,06/04/2003 11:50:00,AMBIENT,23184-66-9,Butachlor,Total,,0.05,ug/l,False,0.05,,,507,UHL001,Actual,SW,Water,,,Lee,07100009,River/Stream,,40.4620485,-91.5670776
6,10560001,Des Moines River near Keokuk,06/04/2003 11:50:00,AMBIENT,25311-71-1,Isofenphos,Total,,0.05,ug/l,False,0.05,,,507,UHL001,Actual,SW,Water,,,Lee,07100009,River/Stream,,40.4620485,-91.5670776
6,10560001,Des Moines River near Keokuk,06/04/2003 11:50:00,AMBIENT,2921-88-2,Chlorpyrifos,Total,,0.05,ug/l,False,0.05,,,507,UHL001,Actual,SW,Water,,,Lee,07100009,River/Stream,,40.4620485,-91.5670776
6,10560001,Des Moines River near Keokuk,06/04/2003 11:50:00,AMBIENT,298-00-0,Methyl parathion,Total,,0.05,ug/l,False,0.05,,,507,UHL001,Actual,SW,Water,,,Lee,07100009,River/Stream,,40.4620485,-91.5670776
6,10560001,Des Moines River near Keokuk,06/04/2003 11:50:00,AMBIENT,298-02-2,Phorate,Total,,0.05,ug/l,False,0.05,,,507,UHL001,Actual,SW,Water,,,Lee,07100009,River/Stream,,40.4620485,-91.5670776
6,10560001,Des Moines River near Keokuk,06/04/2003 11:50:00,AMBIENT,298-04-4,Disulfoton,Total,,0.05,ug/l,False,0.05,,,507,UHL001,Actual,SW,Water,,,Lee,07100009,River/Stream,,40.4620485,-91.5670776
6,10560001,Des Moines River near Keokuk,06/04/2003 11:50:00,AMBIENT,314-40-9,Bromacil,Total,,0.05,ug/l,False,0.05,,,507,UHL001,Actual,SW,Water,,,Lee,07100009,River/Stream,,40.4620485,-91.5670776
6,10560001,Des Moines River near Keokuk,06/04/2003 11:50:00,AMBIENT,333-41-5,Diazinon,Total,,0.05,ug/l,False,0.05,,,507,UHL001,Actual,SW,Water,,,Lee,07100009,River/Stream,,40.4620485,-91.5670776
6,10560001,Des Moines River near Keokuk,06/04/2003 11:50:00,AMBIENT,34256-82-1,Acetochlor,Total,,0.42,ug/l,True,0.05,,,507,UHL001,Actual,SW,Water,,,Lee,07100009,River/Stream,,40.4620485,-91.5670776
6,10560001,Des Moines River near Keokuk,06/04/2003 11:50:00,AMBIENT,40487-42-1,Pendimethalin,Total,,0.05,ug/l,False,0.05,,,507,UHL001,Actual,SW,Water,,,Lee,07100009,River/Stream,,40.4620485,-91.5670776
6,10560001,Des Moines River near Keokuk,06/04/2003 11:50:00,AMBIENT,51218-45-2,Metolachlor,Total,,0.29,ug/l,True,0.05,,,507,UHL001,Actual,SW,Water,,,Lee,07100009,River/Stream,,40.4620485,-91.5670776
6,10560001,Des Moines River near Keokuk,06/04/2003 11:50:00,AMBIENT,56-38-2,Parathion,Total,,0.05,ug/l,False,0.05,,,507,UHL001,Actual,SW,Water,,,Lee,07100009,River/Stream,,40.4620485,-91.5670776
6,10560001,Des Moines River near Keokuk,06/04/2003 11:50:00,AMBIENT,60-51-5,Dimethoate,Total,,0.05,ug/l,False,0.05,,,507,UHL001,Actual,SW,Water,,,Lee,07100009,River/Stream,,40.4620485,-91.5670776
6,10560001,Des Moines River near Keokuk,06/04/2003 11:50:00,AMBIENT,6190-65-4,2-Chloro-4-isopropylamino-6-amino-s-triazine,Total,,0.089,ug/l,True,0.05,,,507,UHL001,Actual,SW,Water,,,Lee,07100009,River/Stream,,40.4620485,-91.5670776
6,10560001,Des Moines River near Keokuk,06/04/2003 11:50:00,AMBIENT,62-73-7,Dichlorvos,Total,,0.05,ug/l,False,0.05,,,507,UHL001,Actual,SW,Water,,,Lee,07100009,River/Stream,,40.4620485,-91.5670776
6,10560001,Des Moines River near Keokuk,06/04/2003 11:50:00,AMBIENT,63-25-2,Carbaryl,Total,,0.05,ug/l,False,0.05,,,507,UHL001,Actual,SW,Water,,,Lee,07100009,River/Stream,,40.4620485,-91.5670776
6,10560001,Des Moines River near Keokuk,06/04/2003 11:50:00,AMBIENT,759-94-4,S-Ethyl dipropylthiocarbamate,Total,,0.05,ug/l,False,0.05,,,507,UHL001,Actual,SW,Water,,,Lee,07100009,River/Stream,,40.4620485,-91.5670776
6,10560001,Des Moines River near Keokuk,06/04/2003 11:50:00,AMBIENT,81777-89-1,Clomazone,Total,,0.2,ug/l,False,0.2,,,507,UHL001,Actual,SW,Water,,,Lee,07100009,River/Stream,,40.4620485,-91.5670776
6,10560001,Des Moines River near Keokuk,06/04/2003 11:50:00,AMBIENT,834-12-8,Ametryn,Total,,0.05,ug/l,False,0.05,,,507,UHL001,Actual,SW,Water,,,Lee,07100009,River/Stream,,40.4620485,-91.5670776
6,10560001,Des Moines River near Keokuk,06/04/2003 11:50:00,AMBIENT,87674-68-8,Dimethenamid,Total,,0.1,ug/l,True,0.05,,,507,UHL001,Actual,SW,Water,,,Lee,07100009,River/Stream,,40.4620485,-91.5670776
6,10560001,Des Moines River near Keokuk,06/04/2003 11:50:00,AMBIENT,944-22-9,Fonofos,Total,,0.05,ug/l,False,0.05,,,507,UHL001,Actual,SW,Water,,,Lee,07100009,River/Stream,,40.4620485,-91.5670776
6,10560001,Des Moines River near Keokuk,06/04/2003 11:50:00,AMBIENT,1024-57-3,Heptachlor epoxide,Total,,0.05,ug/l,False,0.05,,,508,UHL001,Actual,SW,Water,,,Lee,07100009,River/Stream,,40.4620485,-91.5670776
6,10560001,Des Moines River near Keokuk,06/04/2003 11:50:00,AMBIENT,1031-07-8,Endosulfan sulfate,Total,,0.05,ug/l,False,0.05,,,508,UHL001,Actual,SW,Water,,,Lee,07100009,River/Stream,,40.4620485,-91.5670776
6,10560001,Des Moines River near Keokuk,06/04/2003 11:50:00,AMBIENT,309-00-2,Aldrin,Total,,0.05,ug/l,False,0.05,,,508,UHL001,Actual,SW,Water,,,Lee,07100009,River/Stream,,40.4620485,-91.5670776
6,10560001,Des Moines River near Keokuk,06/04/2003 11:50:00,AMBIENT,319-84-6,.alpha.-Hexachlorocyclohexane,Total,,0.05,ug/l,False,0.05,,,508,UHL001,Actual,SW,Water,,,Lee,07100009,River/Stream,,40.4620485,-91.5670776
6,10560001,Des Moines River near Keokuk,06/04/2003 11:50:00,AMBIENT,319-85-7,.beta.-Hexachlorocyclohexane,Total,,0.05,ug/l,False,0.05,,,508,UHL001,Actual,SW,Water,,,Lee,07100009,River/Stream,,40.4620485,-91.5670776
6,10560001,Des Moines River near Keokuk,06/04/2003 11:50:00,AMBIENT,319-86-8,.delta.-Hexachlorocyclohexane,Total,,0.05,ug/l,False,0.05,,,508,UHL001,Actual,SW,Water,,,Lee,07100009,River/Stream,,40.4620485,-91.5670776
6,10560001,Des Moines River near Keokuk,06/04/2003 11:50:00,AMBIENT,33213-65-9,.beta.-Endosulfan,Total,,0.05,ug/l,False,0.05,,,508,UHL001,Actual,SW,Water,,,Lee,07100009,River/Stream,,40.4620485,-91.5670776
6,10560001,Des Moines River near Keokuk,06/04/2003 11:50:00,AMBIENT,50-29-3,"p,p'-DDT",Total,,0.05,ug/l,False,0.05,,,508,UHL001,Actual,SW,Water,,,Lee,07100009,River/Stream,,40.4620485,-91.5670776
6,10560001,Des Moines River near Keokuk,06/04/2003 11:50:00,AMBIENT,53494-70-5,Endrin ketone,Total,,0.05,ug/l,False,0.05,,,508,UHL001,Actual,SW,Water,,,Lee,07100009,River/Stream,,40.4620485,-91.5670776
6,10560001,Des Moines River near Keokuk,06/04/2003 11:50:00,AMBIENT,57-74-9,Chlordane,Total,,0.05,ug/l,False,0.05,,,508,UHL001,Actual,SW,Water,,,Lee,07100009,River/Stream,,40.4620485,-91.5670776
6,10560001,Des Moines River near Keokuk,06/04/2003 11:50:00,AMBIENT,58-89-9,Lindane,Total,,0.05,ug/l,False,0.05,,,508,UHL001,Actual,SW,Water,,,Lee,07100009,River/Stream,,40.4620485,-91.5670776
6,10560001,Des Moines River near Keokuk,06/04/2003 11:50:00,AMBIENT,60-57-1,Dieldrin,Total,,0.05,ug/l,False,0.05,,,508,UHL001,Actual,SW,Water,,,Lee,07100009,River/Stream,,40.4620485,-91.5670776
6,10560001,Des Moines River near Keokuk,06/04/2003 11:50:00,AMBIENT,72-20-8,Endrin,Total,,0.05,ug/l,False,0.05,,,508,UHL001,Actual,SW,Water,,,Lee,07100009,River/Stream,,40.4620485,-91.5670776
6,10560001,Des Moines River near Keokuk,06/04/2003 11:50:00,AMBIENT,72-43-5,Methoxychlor,Total,,0.05,ug/l,False,0.05,,,508,UHL001,Actual,SW,Water,,,Lee,07100009,River/Stream,,40.4620485,-91.5670776
6,10560001,Des Moines River near Keokuk,06/04/2003 11:50:00,AMBIENT,72-54-8,"p,p'-DDD",Total,,0.05,ug/l,False,0.05,,,508,UHL001,Actual,SW,Water,,,Lee,07100009,River/Stream,,40.4620485,-91.5670776
6,10560001,Des Moines River near Keokuk,06/04/2003 11:50:00,AMBIENT,72-55-9,"p,p'-DDE",Total,,0.05,ug/l,False,0.05,,,508,UHL001,Actual,SW,Water,,,Lee,07100009,River/Stream,,40.4620485,-91.5670776
6,10560001,Des Moines River near Keokuk,06/04/2003 11:50:00,AMBIENT,7421-93-4,Endrin aldehyde,Total,,0.05,ug/l,False,0.05,,,508,UHL001,Actual,SW,Water,,,Lee,07100009,River/Stream,,40.4620485,-91.5670776
6,10560001,Des Moines River near Keokuk,06/04/2003 11:50:00,AMBIENT,76-44-8,Heptachlor,Total,,0.05,ug/l,False,0.05,,,508,UHL001,Actual,SW,Water,,,Lee,07100009,River/Stream,,40.4620485,-91.5670776
6,10560001,Des Moines River near Keokuk,06/04/2003 11:50:00,AMBIENT,8001-35-2,Toxaphene,Total,,0.5,ug/l,False,0.5,,,508,UHL001,Actual,SW,Water,,,Lee,07100009,River/Stream,,40.4620485,-91.5670776
6,10560001,Des Moines River near Keokuk,06/04/2003 11:50:00,AMBIENT,959-98-8,.alpha.-Endosulfan,Total,,0.05,ug/l,False,0.05,,,508,UHL001,Actual,SW,Water,,,Lee,07100009,River/Stream,,40.4620485,-91.5670776
6,10560001,Des Moines River near Keokuk,06/04/2003 11:50:00,AMBIENT,CBOD-SC,"Carbonaceous biochemical oxygen demand, standard conditions",Total,,2,mg/l,False,2,,,UnknownBOD,UHL001,Actual,SW,Water,,,Lee,07100009,River/Stream,,40.4620485,-91.5670776
6,10560001,Des Moines River near Keokuk,06/04/2003 11:50:00,AMBIENT,7440-44-0,Carbon,Total,,5.6,mg/l,True,0.5,,,415.1,UHL001,Actual,SW,Water,,,Lee,07100009,River/Stream,,40.4620485,-91.5670776
6,10560001,Des Moines River near Keokuk,06/04/2003 11:50:00,AMBIENT,16887-00-6,Chloride,Total,,23,mg/l,True,1,,,325.3,UHL001,Actual,SW,Water,,,Lee,07100009,River/Stream,,40.4620485,-91.5670776
6,10560001,Des Moines River near Keokuk,06/04/2003 11:50:00,AMBIENT,11003-45-5,Chlorophyll c,NonFilt,,1,ug/l,False,1,,,10200-H,UHL001,Actual,SW,Water,,,Lee,07100009,River/Stream,,40.4620485,-91.5670776
6,10560001,Des Moines River near Keokuk,06/04/2003 11:50:00,AMBIENT,479-61-8,Chlorophyll a,NonFilt,,5,ug/l,True,1,,,10200-H,UHL001,Actual,SW,Water,,,Lee,07100009,River/Stream,,40.4620485,-91.5670776
6,10560001,Des Moines River near Keokuk,06/04/2003 11:50:00,AMBIENT,519-62-0,Chlorophyll b,NonFilt,,1,ug/l,False,1,,,10200-H,UHL001,Actual,SW,Water,,,Lee,07100009,River/Stream,,40.4620485,-91.5670776
6,10560001,Des Moines River near Keokuk,06/04/2003 11:50:00,AMBIENT,CLR-A-UCP,"Chlorophyll a, uncorrected for pheophytin",NonFilt,,9,ug/l,True,1,,,10200-H,UHL001,Actual,SW,Water,,,Lee,07100009,River/Stream,,40.4620485,-91.5670776
6,10560001,Des Moines River near Keokuk,06/04/2003 11:50:00,AMBIENT,ENTERO,Enterococcus,Total,,45,MPN/100ml,True,10,,,1600,UHL001,Actual,SW,Water,,,Lee,07100009,River/Stream,,40.4620485,-91.5670776
6,10560001,Des Moines River near Keokuk,06/04/2003 11:50:00,AMBIENT,68583-22-2,Escherichia coli,Total,,20,MPN/100ml,True,10,,,APHA 9222 G,UHL001,Actual,SW,Water,,,Lee,07100009,River/Stream,,40.4620485,-91.5670776
6,10560001,Des Moines River near Keokuk,06/04/2003 11:50:00,AMBIENT,FEC-COL,Fecal Coliform,Total,,30,MPN/100ml,True,10,,,9222-D,UHL001,Actual,SW,Water,,,Lee,07100009,River/Stream,,40.4620485,-91.5670776
6,10560001,Des Moines River near Keokuk,06/04/2003 11:50:00,AMBIENT,HARD-CARB,"Hardness, carbonate",Total,,380,mg/l,True,1,,,Unknown,UHL001,Actual,SW,Water,,,Lee,07100009,River/Stream,,40.4620485,-91.5670776
6,10560001,Des Moines River near Keokuk,06/04/2003 11:50:00,AMBIENT,NIT-AMM,Ammonia-nitrogen (as N),Total,,0.05,mg/l,False,0.05,,,350.1,UHL001,Actual,SW,Water,,,Lee,07100009,River/Stream,,40.4620485,-91.5670776
6,10560001,Des Moines River near Keokuk,06/04/2003 11:50:00,AMBIENT,NIT-KJELD,Kjeldahl nitrogen (AS N),Total,,0.85,mg/l,True,0.05,,,Unknown,UHL001,Actual,SW,Water,,,Lee,07100009,River/Stream,,40.4620485,-91.5670776
6,10560001,Des Moines River near Keokuk,06/04/2003 11:50:00,AMBIENT,NIT-NO3-NO2,Inorganic nitrogen (nitrate and nitrite) (as N),Total,,5.5,mg/l,True,0.1,,,353.2,UHL001,Actual,SW,Water,,,Lee,07100009,River/Stream,,40.4620485,-91.5670776
6,10560001,Des Moines River near Keokuk,06/04/2003 11:50:00,AMBIENT,11096-82-5,Aroclor 1260,Total,,0.5,ug/l,False,0.5,,,8082(W),UHL001,Actual,SW,Water,,,Lee,07100009,River/Stream,,40.4620485,-91.5670776
6,10560001,Des Moines River near Keokuk,06/04/2003 11:50:00,AMBIENT,11097-69-1,Aroclor 1254,Total,,0.5,ug/l,False,0.5,,,8082(W),UHL001,Actual,SW,Water,,,Lee,07100009,River/Stream,,40.4620485,-91.5670776
6,10560001,Des Moines River near Keokuk,06/04/2003 11:50:00,AMBIENT,11104-28-2,Aroclor 1221,Total,,0.5,ug/l,False,0.5,,,8082(W),UHL001,Actual,SW,Water,,,Lee,07100009,River/Stream,,40.4620485,-91.5670776
6,10560001,Des Moines River near Keokuk,06/04/2003 11:50:00,AMBIENT,11141-16-5,Aroclor 1232,Total,,0.5,ug/l,False,0.5,,,8082(W),UHL001,Actual,SW,Water,,,Lee,07100009,River/Stream,,40.4620485,-91.5670776
6,10560001,Des Moines River near Keokuk,06/04/2003 11:50:00,AMBIENT,12672-29-6,Aroclor 1248,Total,,0.5,ug/l,False,0.5,,,8082(W),UHL001,Actual,SW,Water,,,Lee,07100009,River/Stream,,40.4620485,-91.5670776
6,10560001,Des Moines River near Keokuk,06/04/2003 11:50:00,AMBIENT,12674-11-2,Aroclor 1016,Total,,0.5,ug/l,False,0.5,,,8082(W),UHL001,Actual,SW,Water,,,Lee,07100009,River/Stream,,40.4620485,-91.5670776
6,10560001,Des Moines River near Keokuk,06/04/2003 11:50:00,AMBIENT,53469-21-9,Aroclor 1242,Total,,0.5,ug/l,False,0.5,,,8082(W),UHL001,Actual,SW,Water,,,Lee,07100009,River/Stream,,40.4620485,-91.5670776
6,10560001,Des Moines River near Keokuk,06/04/2003 11:50:00,AMBIENT,87-86-5,Pentachlorophenol,Total,,2,ug/l,False,2,,,515.3,UHL001,Actual,SW,Water,,,Lee,07100009,River/Stream,,40.4620485,-91.5670776
6,10560001,Des Moines River near Keokuk,06/04/2003 11:50:00,AMBIENT,603-17-8,Pheophytin a,NonFilt,,6,ug/l,True,1,,,10200H(2),UHL001,Actual,SW,Water,,,Lee,07100009,River/Stream,,40.4620485,-91.5670776
6,10560001,Des Moines River near Keokuk,06/04/2003 11:50:00,AMBIENT,PHOSP-PHOSP,Phosphate-phosphorus (as P),Total,,0.25,mg/l,True,0.02,,,365.4,UHL001,Actual,SW,Water,,,Lee,07100009,River/Stream,,40.4620485,-91.5670776
6,10560001,Des Moines River near Keokuk,06/04/2003 11:50:00,AMBIENT,14265-44-2,Orthophosphate (as P),Dissolved,,0.12,mg/l,True,0.02,,,365.1,UHL001,Actual,SW,Water,,,Lee,07100009,River/Stream,,40.4620485,-91.5670776
6,10560001,Des Moines River near Keokuk,07/02/2003 09:00:00,AMBIENT,7782-44-7,Dissolved oxygen (DO),Total,,7.8,mg/l,True,0.1,,,4500-O-G,,Actual,SW,Water,,,Lee,07100009,River/Stream,,40.4620485,-91.5670776
6,10560001,Des Moines River near Keokuk,07/02/2003 09:00:00,AMBIENT,FLOW,Flow,Total,,20000,cfs,True,0.1,,,USGS CA8,,Actual,SW,Water,,,Lee,07100009,River/Stream,,40.4620485,-91.5670776
6,10560001,Des Moines River near Keokuk,07/02/2003 09:00:00,AMBIENT,PH,pH,Total,,8.2,None,True,,,,4500-H,,Actual,SW,Water,,,Lee,07100009,River/Stream,,40.4620485,-91.5670776
6,10560001,Des Moines River near Keokuk,07/02/2003 09:00:00,AMBIENT,TEMP-WATER,"Temperature, water",Total,,26,deg C,True,0,,,2550,,Actual,SW,Water,,,Lee,07100009,River/Stream,,40.4620485,-91.5670776
6,10560001,Des Moines River near Keokuk,07/02/2003 09:00:00,AMBIENT,120-36-5,Dichlorprop,Total,,1,ug/l,False,1,,,515.1,UHL001,Actual,SW,Water,,,Lee,07100009,River/Stream,,40.4620485,-91.5670776
6,10560001,Des Moines River near Keokuk,07/02/2003 09:00:00,AMBIENT,133-90-4,Chloramben,Total,,1,ug/l,False,1,,,515.1,UHL001,Actual,SW,Water,,,Lee,07100009,River/Stream,,40.4620485,-91.5670776
6,10560001,Des Moines River near Keokuk,07/02/2003 09:00:00,AMBIENT,1689-84-5,Bromoxynil,Total,,1,ug/l,False,1,,,515.1,UHL001,Actual,SW,Water,,,Lee,07100009,River/Stream,,40.4620485,-91.5670776
6,10560001,Des Moines River near Keokuk,07/02/2003 09:00:00,AMBIENT,1861-32-1,Chlorthal-dimethyl,Total,,1,ug/l,False,1,,,515.1,UHL001,Actual,SW,Water,,,Lee,07100009,River/Stream,,40.4620485,-91.5670776
6,10560001,Des Moines River near Keokuk,07/02/2003 09:00:00,AMBIENT,1918-00-9,Dicamba,Total,,1,ug/l,False,1,,,515.1,UHL001,Actual,SW,Water,,,Lee,07100009,River/Stream,,40.4620485,-91.5670776
6,10560001,Des Moines River near Keokuk,07/02/2003 09:00:00,AMBIENT,1918-02-01,Picloram,Total,,2,ug/l,False,2,,,515.1,UHL001,Actual,SW,Water,,,Lee,07100009,River/Stream,,40.4620485,-91.5670776
6,10560001,Des Moines River near Keokuk,07/02/2003 09:00:00,AMBIENT,25057-89-0,Bentazon,Total,,5,ug/l,False,5,,,515.1,UHL001,Actual,SW,Water,,,Lee,07100009,River/Stream,,40.4620485,-91.5670776
6,10560001,Des Moines River near Keokuk,07/02/2003 09:00:00,AMBIENT,50594-66-6,Acifluorfen,Total,,1,ug/l,False,1,,,515.1,UHL001,Actual,SW,Water,,,Lee,07100009,River/Stream,,40.4620485,-91.5670776
6,10560001,Des Moines River near Keokuk,07/02/2003 09:00:00,AMBIENT,55335-06-3,Triclopyr,Total,,1,ug/l,False,1,,,515.1,UHL001,Actual,SW,Water,,,Lee,07100009,River/Stream,,40.4620485,-91.5670776
6,10560001,Des Moines River near Keokuk,07/02/2003 09:00:00,AMBIENT,88-85-7,Dinoseb,Total,,1,ug/l,False,1,,,515.1,UHL001,Actual,SW,Water,,,Lee,07100009,River/Stream,,40.4620485,-91.5670776
6,10560001,Des Moines River near Keokuk,07/02/2003 09:00:00,AMBIENT,93-72-1,Silvex,Total,,1,ug/l,False,1,,,515.1,UHL001,Actual,SW,Water,,,Lee,07100009,River/Stream,,40.4620485,-91.5670776
6,10560001,Des Moines River near Keokuk,07/02/2003 09:00:00,AMBIENT,93-76-5,"2,4,5-T",Total,,1,ug/l,False,1,,,515.1,UHL001,Actual,SW,Water,,,Lee,07100009,River/Stream,,40.4620485,-91.5670776
6,10560001,Des Moines River near Keokuk,07/02/2003 09:00:00,AMBIENT,94-75-7,"2,4-D",Total,,2,ug/l,False,2,,,515.1,UHL001,Actual,SW,Water,,,Lee,07100009,River/Stream,,40.4620485,-91.5670776
6,10560001,Des Moines River near Keokuk,07/02/2003 09:00:00,AMBIENT,94-82-6,"2,4-DB",Total,,3,ug/l,False,3,,,515.1,UHL001,Actual,SW,Water,,,Lee,07100009,River/Stream,,40.4620485,-91.5670776
6,10560001,Des Moines River near Keokuk,07/02/2003 09:00:00,AMBIENT,1007-28-9,2-Choro-6-ethylamino-4-amino-s-triazine,Total,,0.056,ug/l,True,0.05,,,507,UHL001,Actual,SW,Water,,,Lee,07100009,River/Stream,,40.4620485,-91.5670776
6,10560001,Des Moines River near Keokuk,07/02/2003 09:00:00,AMBIENT,121-75-5,Malathion,Total,,0.05,ug/l,False,0.05,,,507,UHL001,Actual,SW,Water,,,Lee,07100009,River/Stream,,40.4620485,-91.5670776
6,10560001,Des Moines River near Keokuk,07/02/2003 09:00:00,AMBIENT,122-34-9,Simazine,Total,,0.05,ug/l,False,0.05,,,507,UHL001,Actual,SW,Water,,,Lee,07100009,River/Stream,,40.4620485,-91.5670776
6,10560001,Des Moines River near Keokuk,07/02/2003 09:00:00,AMBIENT,13071-79-9,Terbufos,Total,,0.05,ug/l,False,0.05,,,507,UHL001,Actual,SW,Water,,,Lee,07100009,River/Stream,,40.4620485,-91.5670776
6,10560001,Des Moines River near Keokuk,07/02/2003 09:00:00,AMBIENT,13194-48-4,Ethoprop,Total,,0.05,ug/l,False,0.05,,,507,UHL001,Actual,SW,Water,,,Lee,07100009,River/Stream,,40.4620485,-91.5670776
6,10560001,Des Moines River near Keokuk,07/02/2003 09:00:00,AMBIENT,139-40-2,Propazine,Total,,0.05,ug/l,False,0.05,,,507,UHL001,Actual,SW,Water,,,Lee,07100009,River/Stream,,40.4620485,-91.5670776
6,10560001,Des Moines River near Keokuk,07/02/2003 09:00:00,AMBIENT,1563-66-2,Carbofuran,Total,,0.05,ug/l,False,0.05,,,507,UHL001,Actual,SW,Water,,,Lee,07100009,River/Stream,,40.4620485,-91.5670776
6,10560001,Des Moines River near Keokuk,07/02/2003 09:00:00,AMBIENT,1582-09-8,Trifluralin,Total,,0.05,ug/l,False,0.05,,,507,UHL001,Actual,SW,Water,,,Lee,07100009,River/Stream,,40.4620485,-91.5670776
6,10560001,Des Moines River near Keokuk,07/02/2003 09:00:00,AMBIENT,15972-60-8,Alachlor,Total,,0.05,ug/l,False,0.05,,,507,UHL001,Actual,SW,Water,,,Lee,07100009,River/Stream,,40.4620485,-91.5670776
6,10560001,Des Moines River near Keokuk,07/02/2003 09:00:00,AMBIENT,1610-18-0,Prometon,Total,,0.05,ug/l,False,0.05,,,507,UHL001,Actual,SW,Water,,,Lee,07100009,River/Stream,,40.4620485,-91.5670776
6,10560001,Des Moines River near Keokuk,07/02/2003 09:00:00,AMBIENT,1912-24-9,Atrazine,Total,,1.4,ug/l,True,0.05,,,507,UHL001,Actual,SW,Water,,,Lee,07100009,River/Stream,,40.4620485,-91.5670776
6,10560001,Des Moines River near Keokuk,07/02/2003 09:00:00,AMBIENT,1918-16-7,Propachlor,Total,,0.05,ug/l,False,0.05,,,507,UHL001,Actual,SW,Water,,,Lee,07100009,River/Stream,,40.4620485,-91.5670776
6,10560001,Des Moines River near Keokuk,07/02/2003 09:00:00,AMBIENT,2008-41-5,Butylate,Total,,0.05,ug/l,False,0.05,,,507,UHL001,Actual,SW,Water,,,Lee,07100009,River/Stream,,40.4620485,-91.5670776
6,10560001,Des Moines River near Keokuk,07/02/2003 09:00:00,AMBIENT,21087-64-9,Metribuzin,Total,,0.05,ug/l,False,0.05,,,507,UHL001,Actual,SW,Water,,,Lee,07100009,River/Stream,,40.4620485,-91.5670776
6,10560001,Des Moines River near Keokuk,07/02/2003 09:00:00,AMBIENT,21725-46-2,Cyanazine,Total,,0.05,ug/l,False,0.05,,,507,UHL001,Actual,SW,Water,,,Lee,07100009,River/Stream,,40.4620485,-91.5670776
6,10560001,Des Moines River near Keokuk,07/02/2003 09:00:00,AMBIENT,2303-17-5,Triallate,Total,,0.05,ug/l,False,0.05,,,507,UHL001,Actual,SW,Water,,,Lee,07100009,River/Stream,,40.4620485,-91.5670776
6,10560001,Des Moines River near Keokuk,07/02/2003 09:00:00,AMBIENT,23184-66-9,Butachlor,Total,,0.05,ug/l,False,0.05,,,507,UHL001,Actual,SW,Water,,,Lee,07100009,River/Stream,,40.4620485,-91.5670776
6,10560001,Des Moines River near Keokuk,07/02/2003 09:00:00,AMBIENT,25311-71-1,Isofenphos,Total,,0.05,ug/l,False,0.05,,,507,UHL001,Actual,SW,Water,,,Lee,07100009,River/Stream,,40.4620485,-91.5670776
6,10560001,Des Moines River near Keokuk,07/02/2003 09:00:00,AMBIENT,2921-88-2,Chlorpyrifos,Total,,0.05,ug/l,False,0.05,,,507,UHL001,Actual,SW,Water,,,Lee,07100009,River/Stream,,40.4620485,-91.5670776
6,10560001,Des Moines River near Keokuk,07/02/2003 09:00:00,AMBIENT,298-00-0,Methyl parathion,Total,,0.05,ug/l,False,0.05,,,507,UHL001,Actual,SW,Water,,,Lee,07100009,River/Stream,,40.4620485,-91.5670776
6,10560001,Des Moines River near Keokuk,07/02/2003 09:00:00,AMBIENT,298-02-2,Phorate,Total,,0.05,ug/l,False,0.05,,,507,UHL001,Actual,SW,Water,,,Lee,07100009,River/Stream,,40.4620485,-91.5670776
6,10560001,Des Moines River near Keokuk,07/02/2003 09:00:00,AMBIENT,298-04-4,Disulfoton,Total,,0.05,ug/l,False,0.05,,,507,UHL001,Actual,SW,Water,,,Lee,07100009,River/Stream,,40.4620485,-91.5670776
6,10560001,Des Moines River near Keokuk,07/02/2003 09:00:00,AMBIENT,314-40-9,Bromacil,Total,,0.05,ug/l,False,0.05,,,507,UHL001,Actual,SW,Water,,,Lee,07100009,River/Stream,,40.4620485,-91.5670776
6,10560001,Des Moines River near Keokuk,07/02/2003 09:00:00,AMBIENT,333-41-5,Diazinon,Total,,0.05,ug/l,False,0.05,,,507,UHL001,Actual,SW,Water,,,Lee,07100009,River/Stream,,40.4620485,-91.5670776
6,10560001,Des Moines River near Keokuk,07/02/2003 09:00:00,AMBIENT,34256-82-1,Acetochlor,Total,,0.081,ug/l,True,0.05,,,507,UHL001,Actual,SW,Water,,,Lee,07100009,River/Stream,,40.4620485,-91.5670776
6,10560001,Des Moines River near Keokuk,07/02/2003 09:00:00,AMBIENT,40487-42-1,Pendimethalin,Total,,0.05,ug/l,False,0.05,,,507,UHL001,Actual,SW,Water,,,Lee,07100009,River/Stream,,40.4620485,-91.5670776
6,10560001,Des Moines River near Keokuk,07/02/2003 09:00:00,AMBIENT,51218-45-2,Metolachlor,Total,,0.24,ug/l,True,0.05,,,507,UHL001,Actual,SW,Water,,,Lee,07100009,River/Stream,,40.4620485,-91.5670776
6,10560001,Des Moines River near Keokuk,07/02/2003 09:00:00,AMBIENT,56-38-2,Parathion,Total,,0.05,ug/l,False,0.05,,,507,UHL001,Actual,SW,Water,,,Lee,07100009,River/Stream,,40.4620485,-91.5670776
6,10560001,Des Moines River near Keokuk,07/02/2003 09:00:00,AMBIENT,60-51-5,Dimethoate,Total,,0.05,ug/l,False,0.05,,,507,UHL001,Actual,SW,Water,,,Lee,07100009,River/Stream,,40.4620485,-91.5670776
6,10560001,Des Moines River near Keokuk,07/02/2003 09:00:00,AMBIENT,6190-65-4,2-Chloro-4-isopropylamino-6-amino-s-triazine,Total,,0.17,ug/l,True,0.05,,,507,UHL001,Actual,SW,Water,,,Lee,07100009,River/Stream,,40.4620485,-91.5670776
6,10560001,Des Moines River near Keokuk,07/02/2003 09:00:00,AMBIENT,62-73-7,Dichlorvos,Total,,0.05,ug/l,False,0.05,,,507,UHL001,Actual,SW,Water,,,Lee,07100009,River/Stream,,40.4620485,-91.5670776
6,10560001,Des Moines River near Keokuk,07/02/2003 09:00:00,AMBIENT,63-25-2,Carbaryl,Total,,0.05,ug/l,False,0.05,,,507,UHL001,Actual,SW,Water,,,Lee,07100009,River/Stream,,40.4620485,-91.5670776
6,10560001,Des Moines River near Keokuk,07/02/2003 09:00:00,AMBIENT,759-94-4,S-Ethyl dipropylthiocarbamate,Total,,0.05,ug/l,False,0.05,,,507,UHL001,Actual,SW,Water,,,Lee,07100009,River/Stream,,40.4620485,-91.5670776
6,10560001,Des Moines River near Keokuk,07/02/2003 09:00:00,AMBIENT,81777-89-1,Clomazone,Total,,0.05,ug/l,False,0.05,,,507,UHL001,Actual,SW,Water,,,Lee,07100009,River/Stream,,40.4620485,-91.5670776
6,10560001,Des Moines River near Keokuk,07/02/2003 09:00:00,AMBIENT,834-12-8,Ametryn,Total,,0.05,ug/l,False,0.05,,,507,UHL001,Actual,SW,Water,,,Lee,07100009,River/Stream,,40.4620485,-91.5670776
6,10560001,Des Moines River near Keokuk,07/02/2003 09:00:00,AMBIENT,87674-68-8,Dimethenamid,Total,,0.076,ug/l,True,0.05,,,507,UHL001,Actual,SW,Water,,,Lee,07100009,River/Stream,,40.4620485,-91.5670776
6,10560001,Des Moines River near Keokuk,07/02/2003 09:00:00,AMBIENT,944-22-9,Fonofos,Total,,0.05,ug/l,False,0.05,,,507,UHL001,Actual,SW,Water,,,Lee,07100009,River/Stream,,40.4620485,-91.5670776
6,10560001,Des Moines River near Keokuk,07/02/2003 09:00:00,AMBIENT,7440-02-0,Nickel,Total,,50,ug/l,False,50,,,200.8(W),UHL001,Actual,SW,Water,,,Lee,07100009,River/Stream,,40.4620485,-91.5670776
6,10560001,Des Moines River near Keokuk,07/02/2003 09:00:00,AMBIENT,7440-22-4,Silver,Total,,10,ug/l,False,10,,,200.8(W),UHL001,Actual,SW,Water,,,Lee,07100009,River/Stream,,40.4620485,-91.5670776
6,10560001,Des Moines River near Keokuk,07/02/2003 09:00:00,AMBIENT,7440-28-0,Thallium,Total,,0.001,mg/l,False,0.001,,,200.8(W),UHL001,Actual,SW,Water,,,Lee,07100009,River/Stream,,40.4620485,-91.5670776
6,10560001,Des Moines River near Keokuk,07/02/2003 09:00:00,AMBIENT,7440-36-0,Antimony,Total,,0.005,mg/l,False,0.005,,,200.8(W),UHL001,Actual,SW,Water,,,Lee,07100009,River/Stream,,40.4620485,-91.5670776
6,10560001,Des Moines River near Keokuk,07/02/2003 09:00:00,AMBIENT,7440-38-2,Arsenic,Total,,10,ug/l,False,10,,,200.8(W),UHL001,Actual,SW,Water,,,Lee,07100009,River/Stream,,40.4620485,-91.5670776
6,10560001,Des Moines River near Keokuk,07/02/2003 09:00:00,AMBIENT,7782-49-2,Selenium,Total,,10,ug/l,False,10,,,200.8(W),UHL001,Actual,SW,Water,,,Lee,07100009,River/Stream,,40.4620485,-91.5670776
6,10560001,Des Moines River near Keokuk,07/02/2003 09:00:00,AMBIENT,7440-41-7,Beryllium,Total,,0.02,mg/l,False,0.02,,,200.8(W),UHL001,Actual,SW,Water,,,Lee,07100009,River/Stream,,40.4620485,-91.5670776
6,10560001,Des Moines River near Keokuk,07/02/2003 09:00:00,AMBIENT,7440-66-6,Zinc,Total,,20,ug/l,False,20,,,200.8(W),UHL001,Actual,SW,Water,,,Lee,07100009,River/Stream,,40.4620485,-91.5670776
6,10560001,Des Moines River near Keokuk,07/02/2003 09:00:00,AMBIENT,CBOD-SC,"Carbonaceous biochemical oxygen demand, standard conditions",Total,,2,mg/l,False,2,,,UnknownBOD,UHL001,Actual,SW,Water,,,Lee,07100009,River/Stream,,40.4620485,-91.5670776
6,10560001,Des Moines River near Keokuk,07/02/2003 09:00:00,AMBIENT,7439-92-1,Lead,Total,,10,ug/l,False,10,,,3113-B,UHL001,Actual,SW,Water,,,Lee,07100009,River/Stream,,40.4620485,-91.5670776
6,10560001,Des Moines River near Keokuk,07/02/2003 09:00:00,AMBIENT,7440-43-9,Cadmium,Total,,1,ug/l,False,1,,,3113-B,UHL001,Actual,SW,Water,,,Lee,07100009,River/Stream,,40.4620485,-91.5670776
6,10560001,Des Moines River near Keokuk,07/02/2003 09:00:00,AMBIENT,7440-44-0,Carbon,Total,,7.2,mg/l,True,0.5,,,415.1,UHL001,Actual,SW,Water,,,Lee,07100009,River/Stream,,40.4620485,-91.5670776
6,10560001,Des Moines River near Keokuk,07/02/2003 09:00:00,AMBIENT,16887-00-6,Chloride,Total,,24,mg/l,True,1,,,325.3,UHL001,Actual,SW,Water,,,Lee,07100009,River/Stream,,40.4620485,-91.5670776
6,10560001,Des Moines River near Keokuk,07/02/2003 09:00:00,AMBIENT,TURB,Turbidity,Total,,87,NTU,True,1,,,180.1,UHL001,Actual,SW,Water,,,Lee,07100009,River/Stream,,40.4620485,-91.5670776
6,10560001,Des Moines River near Keokuk,08/07/2003 08:20:00,AMBIENT,7782-44-7,Dissolved oxygen (DO),Total,,8.9,mg/l,True,0.1,,,4500-O-G,,Actual,SW,Water,,,Lee,07100009,River/Stream,,40.4620485,-91.5670776
6,10560001,Des Moines River near Keokuk,08/07/2003 08:20:00,AMBIENT,FLOW,Flow,Total,,2600,cfs,True,0.1,,,USGS CA8,,Actual,SW,Water,,,Lee,07100009,River/Stream,,40.4620485,-91.5670776
6,10560001,Des Moines River near Keokuk,08/07/2003 08:20:00,AMBIENT,PH,pH,Total,,7.7,None,True,,,,4500-H,,Actual,SW,Water,,,Lee,07100009,River/Stream,,40.4620485,-91.5670776
6,10560001,Des Moines River near Keokuk,08/07/2003 08:20:00,AMBIENT,TEMP-WATER,"Temperature, water",Total,,26.2,deg C,True,0,,,2550,,Actual,SW,Water,,,Lee,07100009,River/Stream,,40.4620485,-91.5670776
6,10560001,Des Moines River near Keokuk,08/07/2003 08:20:00,AMBIENT,1007-28-9,2-Choro-6-ethylamino-4-amino-s-triazine,Total,,0.05,ug/l,False,0.05,,,507,UHL001,Actual,SW,Water,,,Lee,07100009,River/Stream,,40.4620485,-91.5670776
6,10560001,Des Moines River near Keokuk,08/07/2003 08:20:00,AMBIENT,122-34-9,Simazine,Total,,0.05,ug/l,False,0.05,,,507,UHL001,Actual,SW,Water,,,Lee,07100009,River/Stream,,40.4620485,-91.5670776
6,10560001,Des Moines River near Keokuk,08/07/2003 08:20:00,AMBIENT,139-40-2,Propazine,Total,,0.05,ug/l,False,0.05,,,507,UHL001,Actual,SW,Water,,,Lee,07100009,River/Stream,,40.4620485,-91.5670776
6,10560001,Des Moines River near Keokuk,08/07/2003 08:20:00,AMBIENT,1582-09-8,Trifluralin,Total,,0.05,ug/l,False,0.05,,,507,UHL001,Actual,SW,Water,,,Lee,07100009,River/Stream,,40.4620485,-91.5670776
6,10560001,Des Moines River near Keokuk,08/07/2003 08:20:00,AMBIENT,15972-60-8,Alachlor,Total,,0.05,ug/l,False,0.05,,,507,UHL001,Actual,SW,Water,,,Lee,07100009,River/Stream,,40.4620485,-91.5670776
6,10560001,Des Moines River near Keokuk,08/07/2003 08:20:00,AMBIENT,1610-18-0,Prometon,Total,,0.05,ug/l,False,0.05,,,507,UHL001,Actual,SW,Water,,,Lee,07100009,River/Stream,,40.4620485,-91.5670776
6,10560001,Des Moines River near Keokuk,08/07/2003 08:20:00,AMBIENT,1912-24-9,Atrazine,Total,,0.41,ug/l,True,0.05,,,507,UHL001,Actual,SW,Water,,,Lee,07100009,River/Stream,,40.4620485,-91.5670776
6,10560001,Des Moines River near Keokuk,08/07/2003 08:20:00,AMBIENT,1918-16-7,Propachlor,Total,,0.05,ug/l,False,0.05,,,507,UHL001,Actual,SW,Water,,,Lee,07100009,River/Stream,,40.4620485,-91.5670776
6,10560001,Des Moines River near Keokuk,08/07/2003 08:20:00,AMBIENT,2008-41-5,Butylate,Total,,0.05,ug/l,False,0.05,,,507,UHL001,Actual,SW,Water,,,Lee,07100009,River/Stream,,40.4620485,-91.5670776
6,10560001,Des Moines River near Keokuk,08/07/2003 08:20:00,AMBIENT,21087-64-9,Metribuzin,Total,,0.05,ug/l,False,0.05,,,507,UHL001,Actual,SW,Water,,,Lee,07100009,River/Stream,,40.4620485,-91.5670776
6,10560001,Des Moines River near Keokuk,08/07/2003 08:20:00,AMBIENT,21725-46-2,Cyanazine,Total,,0.05,ug/l,False,0.05,,,507,UHL001,Actual,SW,Water,,,Lee,07100009,River/Stream,,40.4620485,-91.5670776
6,10560001,Des Moines River near Keokuk,08/07/2003 08:20:00,AMBIENT,34256-82-1,Acetochlor,Total,,0.05,ug/l,False,0.05,,,507,UHL001,Actual,SW,Water,,,Lee,07100009,River/Stream,,40.4620485,-91.5670776
6,10560001,Des Moines River near Keokuk,08/07/2003 08:20:00,AMBIENT,51218-45-2,Metolachlor,Total,,0.05,ug/l,False,0.05,,,507,UHL001,Actual,SW,Water,,,Lee,07100009,River/Stream,,40.4620485,-91.5670776
6,10560001,Des Moines River near Keokuk,08/07/2003 08:20:00,AMBIENT,6190-65-4,2-Chloro-4-isopropylamino-6-amino-s-triazine,Total,,0.13,ug/l,True,0.05,,,507,UHL001,Actual,SW,Water,,,Lee,07100009,River/Stream,,40.4620485,-91.5670776
6,10560001,Des Moines River near Keokuk,08/07/2003 08:20:00,AMBIENT,759-94-4,S-Ethyl dipropylthiocarbamate,Total,,0.05,ug/l,False,0.05,,,507,UHL001,Actual,SW,Water,,,Lee,07100009,River/Stream,,40.4620485,-91.5670776
6,10560001,Des Moines River near Keokuk,08/07/2003 08:20:00,AMBIENT,834-12-8,Ametryn,Total,,0.05,ug/l,False,0.05,,,507,UHL001,Actual,SW,Water,,,Lee,07100009,River/Stream,,40.4620485,-91.5670776
6,10560001,Des Moines River near Keokuk,08/07/2003 08:20:00,AMBIENT,87674-68-8,Dimethenamid,Total,,0.05,ug/l,False,0.05,,,507,UHL001,Actual,SW,Water,,,Lee,07100009,River/Stream,,40.4620485,-91.5670776
6,10560001,Des Moines River near Keokuk,09/08/2003 09:10:00,AMBIENT,NIT-NO3-NO2,Inorganic nitrogen (nitrate and nitrite) (as N),Total,,0.6,mg/l,True,0.1,,,353.2,UHL001,Actual,SW,Water,,,Lee,07100009,River/Stream,,40.4620485,-91.5670776
6,10560001,Des Moines River near Keokuk,09/08/2003 09:10:00,AMBIENT,603-17-8,Pheophytin a,NonFilt,,23,ug/l,True,1,,,10200H(2),UHL001,Actual,SW,Water,,,Lee,07100009,River/Stream,,40.4620485,-91.5670776
6,10560001,Des Moines River near Keokuk,09/08/2003 09:10:00,AMBIENT,PHOSP-PHOSP,Phosphate-phosphorus (as P),Total,,0.18,mg/l,True,0.02,,,365.4,UHL001,Actual,SW,Water,,,Lee,07100009,River/Stream,,40.4620485,-91.5670776
6,10560001,Des Moines River near Keokuk,09/08/2003 09:10:00,AMBIENT,14265-44-2,Orthophosphate (as P),Dissolved,,0.03,mg/l,True,0.02,,,365.1,UHL001,Actual,SW,Water,,,Lee,07100009,River/Stream,,40.4620485,-91.5670776
6,10560001,Des Moines River near Keokuk,09/08/2003 09:10:00,AMBIENT,7631-86-9,Silica,Dissolved,,12,mg/l,True,1,,,370.1,UHL001,Actual,SW,Water,,,Lee,07100009,River/Stream,,40.4620485,-91.5670776
6,10560001,Des Moines River near Keokuk,09/08/2003 09:10:00,AMBIENT,TDS,Total dissolved solids,Dissolved,,230,mg/l,True,1,,,160.1,UHL001,Actual,SW,Water,,,Lee,07100009,River/Stream,,40.4620485,-91.5670776
6,10560001,Des Moines River near Keokuk,09/08/2003 09:10:00,AMBIENT,TSS,Total suspended solids,NonFilt,,49,mg/l,True,1,,,I3765,UHL001,Actual,SW,Water,,,Lee,07100009,River/Stream,,40.4620485,-91.5670776
6,10560001,Des Moines River near Keokuk,09/08/2003 09:10:00,AMBIENT,SPEC-COND,Specific conductance,Total,,460,uS/cm,True,1,,,2510,UHL001,Actual,SW,Water,,,Lee,07100009,River/Stream,,40.4620485,-91.5670776
6,10560001,Des Moines River near Keokuk,09/08/2003 09:10:00,AMBIENT,14808-79-8,Sulfate (as SO4),Total,,56,mg/l,True,1,,,300(A),UHL001,Actual,SW,Water,,,Lee,07100009,River/Stream,,40.4620485,-91.5670776
6,10560001,Des Moines River near Keokuk,09/08/2003 09:10:00,AMBIENT,TURB,Turbidity,Total,,30,NTU,True,1,,,180.1,UHL001,Actual,SW,Water,,,Lee,07100009,River/Stream,,40.4620485,-91.5670776
6,10560001,Des Moines River near Keokuk,10/02/2003 06:55:00,AMBIENT,7782-44-7,Dissolved oxygen (DO),Total,,9.4,mg/l,True,0.1,,,4500-O-G,,Actual,SW,Water,,,Lee,07100009,River/Stream,,40.4620485,-91.5670776
6,10560001,Des Moines River near Keokuk,10/02/2003 06:55:00,AMBIENT,FLOW,Flow,Total,,340,cfs,True,0.1,,,USGS CA8,,Actual,SW,Water,,,Lee,07100009,River/Stream,,40.4620485,-91.5670776
6,10560001,Des Moines River near Keokuk,10/02/2003 06:55:00,AMBIENT,PH,pH,Total,,9.2,None,True,,,,4500-H,,Actual,SW,Water,,,Lee,07100009,River/Stream,,40.4620485,-91.5670776
6,10560001,Des Moines River near Keokuk,10/02/2003 06:55:00,AMBIENT,TEMP-WATER,"Temperature, water",Total,,12,deg C,True,0,,,2550,,Actual,SW,Water,,,Lee,07100009,River/Stream,,40.4620485,-91.5670776
6,10560001,Des Moines River near Keokuk,10/02/2003 06:55:00,AMBIENT,1007-28-9,2-Choro-6-ethylamino-4-amino-s-triazine,Total,,0.05,ug/l,False,0.05,,,507,UHL001,Actual,SW,Water,,,Lee,07100009,River/Stream,,40.4620485,-91.5670776
6,10560001,Des Moines River near Keokuk,10/02/2003 06:55:00,AMBIENT,122-34-9,Simazine,Total,,0.05,ug/l,False,0.05,,,507,UHL001,Actual,SW,Water,,,Lee,07100009,River/Stream,,40.4620485,-91.5670776
6,10560001,Des Moines River near Keokuk,10/02/2003 06:55:00,AMBIENT,139-40-2,Propazine,Total,,0.05,ug/l,False,0.05,,,507,UHL001,Actual,SW,Water,,,Lee,07100009,River/Stream,,40.4620485,-91.5670776
6,10560001,Des Moines River near Keokuk,10/02/2003 06:55:00,AMBIENT,1582-09-8,Trifluralin,Total,,0.05,ug/l,False,0.05,,,507,UHL001,Actual,SW,Water,,,Lee,07100009,River/Stream,,40.4620485,-91.5670776
6,10560001,Des Moines River near Keokuk,10/02/2003 06:55:00,AMBIENT,15972-60-8,Alachlor,Total,,0.05,ug/l,False,0.05,,,507,UHL001,Actual,SW,Water,,,Lee,07100009,River/Stream,,40.4620485,-91.5670776
6,10560001,Des Moines River near Keokuk,10/02/2003 06:55:00,AMBIENT,1610-18-0,Prometon,Total,,0.05,ug/l,False,0.05,,,507,UHL001,Actual,SW,Water,,,Lee,07100009,River/Stream,,40.4620485,-91.5670776
6,10560001,Des Moines River near Keokuk,10/02/2003 06:55:00,AMBIENT,1912-24-9,Atrazine,Total,,0.18,ug/l,True,0.05,,,507,UHL001,Actual,SW,Water,,,Lee,07100009,River/Stream,,40.4620485,-91.5670776
6,10560001,Des Moines River near Keokuk,10/02/2003 06:55:00,AMBIENT,1918-16-7,Propachlor,Total,,0.05,ug/l,False,0.05,,,507,UHL001,Actual,SW,Water,,,Lee,07100009,River/Stream,,40.4620485,-91.5670776
6,10560001,Des Moines River near Keokuk,10/02/2003 06:55:00,AMBIENT,2008-41-5,Butylate,Total,,0.05,ug/l,False,0.05,,,507,UHL001,Actual,SW,Water,,,Lee,07100009,River/Stream,,40.4620485,-91.5670776
6,10560001,Des Moines River near Keokuk,10/02/2003 06:55:00,AMBIENT,21087-64-9,Metribuzin,Total,,0.05,ug/l,False,0.05,,,507,UHL001,Actual,SW,Water,,,Lee,07100009,River/Stream,,40.4620485,-91.5670776
6,10560001,Des Moines River near Keokuk,10/02/2003 06:55:00,AMBIENT,21725-46-2,Cyanazine,Total,,0.05,ug/l,False,0.05,,,507,UHL001,Actual,SW,Water,,,Lee,07100009,River/Stream,,40.4620485,-91.5670776
6,10560001,Des Moines River near Keokuk,10/02/2003 06:55:00,AMBIENT,34256-82-1,Acetochlor,Total,,0.05,ug/l,False,0.05,,,507,UHL001,Actual,SW,Water,,,Lee,07100009,River/Stream,,40.4620485,-91.5670776
6,10560001,Des Moines River near Keokuk,10/02/2003 06:55:00,AMBIENT,51218-45-2,Metolachlor,Total,,0.05,ug/l,False,0.05,,,507,UHL001,Actual,SW,Water,,,Lee,07100009,River/Stream,,40.4620485,-91.5670776
6,10560001,Des Moines River near Keokuk,10/02/2003 06:55:00,AMBIENT,6190-65-4,2-Chloro-4-isopropylamino-6-amino-s-triazine,Total,,0.097,ug/l,True,0.05,,,507,UHL001,Actual,SW,Water,,,Lee,07100009,River/Stream,,40.4620485,-91.5670776
6,10560001,Des Moines River near Keokuk,10/02/2003 06:55:00,AMBIENT,759-94-4,S-Ethyl dipropylthiocarbamate,Total,,0.05,ug/l,False,0.05,,,507,UHL001,Actual,SW,Water,,,Lee,07100009,River/Stream,,40.4620485,-91.5670776
6,10560001,Des Moines River near Keokuk,10/02/2003 06:55:00,AMBIENT,834-12-8,Ametryn,Total,,0.05,ug/l,False,0.05,,,507,UHL001,Actual,SW,Water,,,Lee,07100009,River/Stream,,40.4620485,-91.5670776
6,10560001,Des Moines River near Keokuk,10/02/2003 06:55:00,AMBIENT,87674-68-8,Dimethenamid,Total,,0.05,ug/l,False,0.05,,,507,UHL001,Actual,SW,Water,,,Lee,07100009,River/Stream,,40.4620485,-91.5670776
6,10560001,Des Moines River near Keokuk,10/02/2003 06:55:00,AMBIENT,7440-02-0,Nickel,Total,,50,ug/l,False,50,,,200.8(W),UHL001,Actual,SW,Water,,,Lee,07100009,River/Stream,,40.4620485,-91.5670776
6,10560001,Des Moines River near Keokuk,10/02/2003 06:55:00,AMBIENT,7440-22-4,Silver,Total,,10,ug/l,False,10,,,200.8(W),UHL001,Actual,SW,Water,,,Lee,07100009,River/Stream,,40.4620485,-91.5670776
6,10560001,Des Moines River near Keokuk,10/02/2003 06:55:00,AMBIENT,7440-28-0,Thallium,Total,,0.001,mg/l,False,0.001,,,200.8(W),UHL001,Actual,SW,Water,,,Lee,07100009,River/Stream,,40.4620485,-91.5670776
6,10560001,Des Moines River near Keokuk,10/02/2003 06:55:00,AMBIENT,7440-36-0,Antimony,Total,,0.005,mg/l,False,0.005,,,200.8(W),UHL001,Actual,SW,Water,,,Lee,07100009,River/Stream,,40.4620485,-91.5670776
6,10560001,Des Moines River near Keokuk,10/02/2003 06:55:00,AMBIENT,7440-38-2,Arsenic,Total,,10,ug/l,False,10,,,200.8(W),UHL001,Actual,SW,Water,,,Lee,07100009,River/Stream,,40.4620485,-91.5670776
6,10560001,Des Moines River near Keokuk,10/02/2003 06:55:00,AMBIENT,7440-41-7,Beryllium,Total,,0.02,mg/l,False,0.02,,,200.8(W),UHL001,Actual,SW,Water,,,Lee,07100009,River/Stream,,40.4620485,-91.5670776
6,10560001,Des Moines River near Keokuk,10/02/2003 06:55:00,AMBIENT,7440-66-6,Zinc,Total,,20,ug/l,False,20,,,200.8(W),UHL001,Actual,SW,Water,,,Lee,07100009,River/Stream,,40.4620485,-91.5670776
6,10560001,Des Moines River near Keokuk,10/02/2003 06:55:00,AMBIENT,7782-49-2,Selenium,Total,,10,ug/l,False,10,,,200.8(W),UHL001,Actual,SW,Water,,,Lee,07100009,River/Stream,,40.4620485,-91.5670776
6,10560001,Des Moines River near Keokuk,10/02/2003 06:55:00,AMBIENT,CBOD-SC,"Carbonaceous biochemical oxygen demand, standard conditions",Total,,5,mg/l,True,2,,,UnknownBOD,UHL001,Actual,SW,Water,,,Lee,07100009,River/Stream,,40.4620485,-91.5670776
6,10560001,Des Moines River near Keokuk,10/02/2003 06:55:00,AMBIENT,7439-92-1,Lead,Total,,10,ug/l,False,10,,,3113-B,UHL001,Actual,SW,Water,,,Lee,07100009,River/Stream,,40.4620485,-91.5670776
6,10560001,Des Moines River near Keokuk,10/02/2003 06:55:00,AMBIENT,7440-43-9,Cadmium,Total,,1,ug/l,False,1,,,3113-B,UHL001,Actual,SW,Water,,,Lee,07100009,River/Stream,,40.4620485,-91.5670776
6,10560001,Des Moines River near Keokuk,10/02/2003 06:55:00,AMBIENT,7440-44-0,Carbon,Total,,5.3,mg/l,True,0.5,,,415.1,UHL001,Actual,SW,Water,,,Lee,07100009,River/Stream,,40.4620485,-91.5670776
6,10560001,Des Moines River near Keokuk,10/02/2003 06:55:00,AMBIENT,16887-00-6,Chloride,Total,,53,mg/l,True,1,,,325.3,UHL001,Actual,SW,Water,,,Lee,07100009,River/Stream,,40.4620485,-91.5670776
6,10560001,Des Moines River near Keokuk,10/02/2003 06:55:00,AMBIENT,11003-45-5,Chlorophyll c,NonFilt,,5,ug/l,True,1,,,10200-H,UHL001,Actual,SW,Water,,,Lee,07100009,River/Stream,,40.4620485,-91.5670776
6,10560001,Des Moines River near Keokuk,10/02/2003 06:55:00,AMBIENT,479-61-8,Chlorophyll a,NonFilt,,94,ug/l,True,1,,,10200-H,UHL001,Actual,SW,Water,,,Lee,07100009,River/Stream,,40.4620485,-91.5670776
6,10560001,Des Moines River near Keokuk,10/02/2003 06:55:00,AMBIENT,519-62-0,Chlorophyll b,NonFilt,,2,ug/l,True,1,,,10200-H,UHL001,Actual,SW,Water,,,Lee,07100009,River/Stream,,40.4620485,-91.5670776
6,10560001,Des Moines River near Keokuk,10/02/2003 06:55:00,AMBIENT,CLR-A-UCP,"Chlorophyll a, uncorrected for pheophytin",NonFilt,,100,ug/l,True,1,,,10200-H,UHL001,Actual,SW,Water,,,Lee,07100009,River/Stream,,40.4620485,-91.5670776
6,10560001,Des Moines River near Keokuk,10/02/2003 06:55:00,AMBIENT,7440-47-3,Chromium,Total,,20,ug/l,False,20,,,200.7(W),UHL001,Actual,SW,Water,,,Lee,07100009,River/Stream,,40.4620485,-91.5670776
6,10560001,Des Moines River near Keokuk,10/02/2003 06:55:00,AMBIENT,7440-50-8,Copper,Total,,10,ug/l,False,10,,,200.7(W),UHL001,Actual,SW,Water,,,Lee,07100009,River/Stream,,40.4620485,-91.5670776
6,10560001,Des Moines River near Keokuk,10/02/2003 06:55:00,AMBIENT,57-12-5,Cyanide,Total,,0.01,mg/l,False,0.01,,,335.2,UHL001,Actual,SW,Water,,,Lee,07100009,River/Stream,,40.4620485,-91.5670776
6,10560001,Des Moines River near Keokuk,10/02/2003 06:55:00,AMBIENT,ENTERO,Enterococcus,Total,,10,MPN/100ml,False,10,,,1600,UHL001,Actual,SW,Water,,,Lee,07100009,River/Stream,,40.4620485,-91.5670776
6,10560001,Des Moines River near Keokuk,10/02/2003 06:55:00,AMBIENT,68583-22-2,Escherichia coli,Total,,10,MPN/100ml,True,10,,,APHA 9222 G,UHL001,Actual,SW,Water,,,Lee,07100009,River/Stream,,40.4620485,-91.5670776
6,10560001,Des Moines River near Keokuk,10/02/2003 06:55:00,AMBIENT,FEC-COL,Fecal Coliform,Total,,10,MPN/100ml,True,10,,,9222-D,UHL001,Actual,SW,Water,,,Lee,07100009,River/Stream,,40.4620485,-91.5670776
6,10560001,Des Moines River near Keokuk,10/02/2003 06:55:00,AMBIENT,HARD-CARB,"Hardness, carbonate",Total,,210,mg/l,True,1,,,Unknown,UHL001,Actual,SW,Water,,,Lee,07100009,River/Stream,,40.4620485,-91.5670776
6,10560001,Des Moines River near Keokuk,10/02/2003 06:55:00,AMBIENT,7439-97-6,Mercury,Total,,5E-05,mg/l,False,0.00005,,,245.1,UHL001,Actual,SW,Water,,,Lee,07100009,River/Stream,,40.4620485,-91.5670776
6,10560001,Des Moines River near Keokuk,11/03/2003 08:15:00,AMBIENT,7782-44-7,Dissolved oxygen (DO),Total,,10.9,mg/l,True,0.1,,,4500-O-G,,Actual,SW,Water,,,Lee,07100009,River/Stream,,40.4620485,-91.5670776
6,10560001,Des Moines River near Keokuk,11/03/2003 08:15:00,AMBIENT,FLOW,Flow,Total,,500,cfs,True,0.1,,,USGS CA8,,Actual,SW,Water,,,Lee,07100009,River/Stream,,40.4620485,-91.5670776
6,10560001,Des Moines River near Keokuk,11/03/2003 08:15:00,AMBIENT,PH,pH,Total,,8.7,None,True,,,,4500-H,,Actual,SW,Water,,,Lee,07100009,River/Stream,,40.4620485,-91.5670776
6,10560001,Des Moines River near Keokuk,11/03/2003 08:15:00,AMBIENT,TEMP-WATER,"Temperature, water",Total,,10.8,deg C,True,0,,,2550,,Actual,SW,Water,,,Lee,07100009,River/Stream,,40.4620485,-91.5670776
6,10560001,Des Moines River near Keokuk,11/03/2003 08:15:00,AMBIENT,1007-28-9,2-Choro-6-ethylamino-4-amino-s-triazine,Total,,0.05,ug/l,False,0.05,,,507,UHL001,Actual,SW,Water,,,Lee,07100009,River/Stream,,40.4620485,-91.5670776
6,10560001,Des Moines River near Keokuk,11/03/2003 08:15:00,AMBIENT,122-34-9,Simazine,Total,,0.05,ug/l,False,0.05,,,507,UHL001,Actual,SW,Water,,,Lee,07100009,River/Stream,,40.4620485,-91.5670776
6,10560001,Des Moines River near Keokuk,11/03/2003 08:15:00,AMBIENT,139-40-2,Propazine,Total,,0.05,ug/l,False,0.05,,,507,UHL001,Actual,SW,Water,,,Lee,07100009,River/Stream,,40.4620485,-91.5670776
6,10560001,Des Moines River near Keokuk,11/03/2003 08:15:00,AMBIENT,1582-09-8,Trifluralin,Total,,0.05,ug/l,False,0.05,,,507,UHL001,Actual,SW,Water,,,Lee,07100009,River/Stream,,40.4620485,-91.5670776
6,10560001,Des Moines River near Keokuk,11/03/2003 08:15:00,AMBIENT,15972-60-8,Alachlor,Total,,0.05,ug/l,False,0.05,,,507,UHL001,Actual,SW,Water,,,Lee,07100009,River/Stream,,40.4620485,-91.5670776
6,10560001,Des Moines River near Keokuk,11/03/2003 08:15:00,AMBIENT,1610-18-0,Prometon,Total,,0.05,ug/l,False,0.05,,,507,UHL001,Actual,SW,Water,,,Lee,07100009,River/Stream,,40.4620485,-91.5670776
6,10560001,Des Moines River near Keokuk,11/03/2003 08:15:00,AMBIENT,1912-24-9,Atrazine,Total,,0.12,ug/l,True,0.05,,,507,UHL001,Actual,SW,Water,,,Lee,07100009,River/Stream,,40.4620485,-91.5670776
6,10560001,Des Moines River near Keokuk,11/03/2003 08:15:00,AMBIENT,1918-16-7,Propachlor,Total,,0.05,ug/l,False,0.05,,,507,UHL001,Actual,SW,Water,,,Lee,07100009,River/Stream,,40.4620485,-91.5670776
6,10560001,Des Moines River near Keokuk,11/03/2003 08:15:00,AMBIENT,2008-41-5,Butylate,Total,,0.05,ug/l,False,0.05,,,507,UHL001,Actual,SW,Water,,,Lee,07100009,River/Stream,,40.4620485,-91.5670776
6,10560001,Des Moines River near Keokuk,11/03/2003 08:15:00,AMBIENT,21087-64-9,Metribuzin,Total,,0.05,ug/l,False,0.05,,,507,UHL001,Actual,SW,Water,,,Lee,07100009,River/Stream,,40.4620485,-91.5670776
6,10560001,Des Moines River near Keokuk,11/03/2003 08:15:00,AMBIENT,21725-46-2,Cyanazine,Total,,0.05,ug/l,False,0.05,,,507,UHL001,Actual,SW,Water,,,Lee,07100009,River/Stream,,40.4620485,-91.5670776
6,10560001,Des Moines River near Keokuk,11/03/2003 08:15:00,AMBIENT,34256-82-1,Acetochlor,Total,,0.05,ug/l,False,0.05,,,507,UHL001,Actual,SW,Water,,,Lee,07100009,River/Stream,,40.4620485,-91.5670776
6,10560001,Des Moines River near Keokuk,11/03/2003 08:15:00,AMBIENT,51218-45-2,Metolachlor,Total,,0.05,ug/l,False,0.05,,,507,UHL001,Actual,SW,Water,,,Lee,07100009,River/Stream,,40.4620485,-91.5670776
6,10560001,Des Moines River near Keokuk,11/03/2003 08:15:00,AMBIENT,6190-65-4,2-Chloro-4-isopropylamino-6-amino-s-triazine,Total,,0.05,ug/l,False,0.05,,,507,UHL001,Actual,SW,Water,,,Lee,07100009,River/Stream,,40.4620485,-91.5670776
6,10560001,Des Moines River near Keokuk,11/03/2003 08:15:00,AMBIENT,759-94-4,S-Ethyl dipropylthiocarbamate,Total,,0.05,ug/l,False,0.05,,,507,UHL001,Actual,SW,Water,,,Lee,07100009,River/Stream,,40.4620485,-91.5670776
6,10560001,Des Moines River near Keokuk,11/03/2003 08:15:00,AMBIENT,834-12-8,Ametryn,Total,,0.05,ug/l,False,0.05,,,507,UHL001,Actual,SW,Water,,,Lee,07100009,River/Stream,,40.4620485,-91.5670776
6,10560001,Des Moines River near Keokuk,11/03/2003 08:15:00,AMBIENT,87674-68-8,Dimethenamid,Total,,0.05,ug/l,False,0.05,,,507,UHL001,Actual,SW,Water,,,Lee,07100009,River/Stream,,40.4620485,-91.5670776
6,10560001,Des Moines River near Keokuk,11/03/2003 08:15:00,AMBIENT,CBOD-SC,"Carbonaceous biochemical oxygen demand, standard conditions",Total,,4,mg/l,True,2,,,UnknownBOD,UHL001,Actual,SW,Water,,,Lee,07100009,River/Stream,,40.4620485,-91.5670776
6,10560001,Des Moines River near Keokuk,11/03/2003 08:15:00,AMBIENT,7440-44-0,Carbon,Total,,6,mg/l,True,0.5,,,415.1,UHL001,Actual,SW,Water,,,Lee,07100009,River/Stream,,40.4620485,-91.5670776
6,10560001,Des Moines River near Keokuk,11/03/2003 08:15:00,AMBIENT,16887-00-6,Chloride,Total,,48,mg/l,True,1,,,325.3,UHL001,Actual,SW,Water,,,Lee,07100009,River/Stream,,40.4620485,-91.5670776
6,10560001,Des Moines River near Keokuk,11/03/2003 08:15:00,AMBIENT,11003-45-5,Chlorophyll c,NonFilt,,14,ug/l,True,1,,,10200-H,UHL001,Actual,SW,Water,,,Lee,07100009,River/Stream,,40.4620485,-91.5670776
6,10560001,Des Moines River near Keokuk,11/03/2003 08:15:00,AMBIENT,479-61-8,Chlorophyll a,NonFilt,,130,ug/l,True,1,,,10200-H,UHL001,Actual,SW,Water,,,Lee,07100009,River/Stream,,40.4620485,-91.5670776
6,10560001,Des Moines River near Keokuk,11/03/2003 08:15:00,AMBIENT,519-62-0,Chlorophyll b,NonFilt,,1,ug/l,False,1,,,10200-H,UHL001,Actual,SW,Water,,,Lee,07100009,River/Stream,,40.4620485,-91.5670776
6,10560001,Des Moines River near Keokuk,11/03/2003 08:15:00,AMBIENT,CLR-A-UCP,"Chlorophyll a, uncorrected for pheophytin",NonFilt,,140,ug/l,True,1,,,10200-H,UHL001,Actual,SW,Water,,,Lee,07100009,River/Stream,,40.4620485,-91.5670776
6,10560001,Des Moines River near Keokuk,11/03/2003 08:15:00,AMBIENT,ENTERO,Enterococcus,Total,,36,MPN/100ml,True,10,,,1600,UHL001,Actual,SW,Water,,,Lee,07100009,River/Stream,,40.4620485,-91.5670776
6,10560001,Des Moines River near Keokuk,11/03/2003 08:15:00,AMBIENT,68583-22-2,Escherichia coli,Total,,10,MPN/100ml,False,10,,,APHA 9222 G,UHL001,Actual,SW,Water,,,Lee,07100009,River/Stream,,40.4620485,-91.5670776
6,10560001,Des Moines River near Keokuk,12/01/2003 07:50:00,AMBIENT,CBOD-SC,"Carbonaceous biochemical oxygen demand, standard conditions",Total,,2,mg/l,False,2,,,UnknownBOD,UHL001,Actual,SW,Water,,,Lee,07100009,River/Stream,,40.4620485,-91.5670776
6,10560001,Des Moines River near Keokuk,12/01/2003 07:50:00,AMBIENT,7440-44-0,Carbon,Total,,4.6,mg/l,True,0.5,,,415.1,UHL001,Actual,SW,Water,,,Lee,07100009,River/Stream,,40.4620485,-91.5670776
6,10560001,Des Moines River near Keokuk,12/01/2003 07:50:00,AMBIENT,16887-00-6,Chloride,Total,,36,mg/l,True,1,,,325.3,UHL001,Actual,SW,Water,,,Lee,07100009,River/Stream,,40.4620485,-91.5670776
6,10560001,Des Moines River near Keokuk,12/01/2003 07:50:00,AMBIENT,11003-45-5,Chlorophyll c,NonFilt,,1,ug/l,False,1,,,10200-H,UHL001,Actual,SW,Water,,,Lee,07100009,River/Stream,,40.4620485,-91.5670776
6,10560001,Des Moines River near Keokuk,12/01/2003 07:50:00,AMBIENT,479-61-8,Chlorophyll a,NonFilt,,11,ug/l,True,1,,,10200-H,UHL001,Actual,SW,Water,,,Lee,07100009,River/Stream,,40.4620485,-91.5670776
6,10560001,Des Moines River near Keokuk,12/01/2003 07:50:00,AMBIENT,519-62-0,Chlorophyll b,NonFilt,,1,ug/l,False,1,,,10200-H,UHL001,Actual,SW,Water,,,Lee,07100009,River/Stream,,40.4620485,-91.5670776
6,10560001,Des Moines River near Keokuk,12/01/2003 07:50:00,AMBIENT,CLR-A-UCP,"Chlorophyll a, uncorrected for pheophytin",NonFilt,,14,ug/l,True,1,,,10200-H,UHL001,Actual,SW,Water,,,Lee,07100009,River/Stream,,40.4620485,-91.5670776
6,10560001,Des Moines River near Keokuk,12/01/2003 07:50:00,AMBIENT,ENTERO,Enterococcus,Total,,40,MPN/100ml,True,10,,,1600,UHL001,Actual,SW,Water,,,Lee,07100009,River/Stream,,40.4620485,-91.5670776
6,10560001,Des Moines River near Keokuk,12/01/2003 07:50:00,AMBIENT,68583-22-2,Escherichia coli,Total,,10,MPN/100ml,False,10,,,APHA 9222 G,UHL001,Actual,SW,Water,,,Lee,07100009,River/Stream,,40.4620485,-91.5670776
6,10560001,Des Moines River near Keokuk,12/01/2003 07:50:00,AMBIENT,FEC-COL,Fecal Coliform,Total,,10,MPN/100ml,False,10,,,9222-D,UHL001,Actual,SW,Water,,,Lee,07100009,River/Stream,,40.4620485,-91.5670776
6,10560001,Des Moines River near Keokuk,12/01/2003 07:50:00,AMBIENT,HARD-CARB,"Hardness, carbonate",Total,,290,mg/l,True,1,,,Unknown,UHL001,Actual,SW,Water,,,Lee,07100009,River/Stream,,40.4620485,-91.5670776
6,10560001,Des Moines River near Keokuk,12/01/2003 07:50:00,AMBIENT,NIT-AMM,Ammonia-nitrogen (as N),Total,,0.05,mg/l,False,0.05,,,350.1,UHL001,Actual,SW,Water,,,Lee,07100009,River/Stream,,40.4620485,-91.5670776
6,10560001,Des Moines River near Keokuk,12/01/2003 07:50:00,AMBIENT,NIT-KJELD,Kjeldahl nitrogen (AS N),Total,,0.44,mg/l,True,0.05,,,Unknown,UHL001,Actual,SW,Water,,,Lee,07100009,River/Stream,,40.4620485,-91.5670776
6,10560001,Des Moines River near Keokuk,12/01/2003 07:50:00,AMBIENT,NIT-NO3-NO2,Inorganic nitrogen (nitrate and nitrite) (as N),Total,,2.3,mg/l,True,0.1,,,353.2,UHL001,Actual,SW,Water,,,Lee,07100009,River/Stream,,40.4620485,-91.5670776
6,10560001,Des Moines River near Keokuk,12/01/2003 07:50:00,AMBIENT,603-17-8,Pheophytin a,NonFilt,,3,ug/l,True,1,,,10200H(2),UHL001,Actual,SW,Water,,,Lee,07100009,River/Stream,,40.4620485,-91.5670776
6,10560001,Des Moines River near Keokuk,12/01/2003 07:50:00,AMBIENT,PHOSP-PHOSP,Phosphate-phosphorus (as P),Total,,0.24,mg/l,True,0.02,,,365.4,UHL001,Actual,SW,Water,,,Lee,07100009,River/Stream,,40.4620485,-91.5670776
6,10560001,Des Moines River near Keokuk,12/01/2003 07:50:00,AMBIENT,14265-44-2,Orthophosphate (as P),Dissolved,,0.21,mg/l,True,0.02,,,365.1,UHL001,Actual,SW,Water,,,Lee,07100009,River/Stream,,40.4620485,-91.5670776
6,10560001,Des Moines River near Keokuk,12/01/2003 07:50:00,AMBIENT,7631-86-9,Silica,Dissolved,,4.7,mg/l,True,1,,,370.1,UHL001,Actual,SW,Water,,,Lee,07100009,River/Stream,,40.4620485,-91.5670776
6,10560001,Des Moines River near Keokuk,12/01/2003 07:50:00,AMBIENT,TDS,Total dissolved solids,Dissolved,,380,mg/l,True,1,,,160.1,UHL001,Actual,SW,Water,,,Lee,07100009,River/Stream,,40.4620485,-91.5670776
6,10560001,Des Moines River near Keokuk,12/01/2003 07:50:00,AMBIENT,TSS,Total suspended solids,NonFilt,,17,mg/l,True,1,,,I3765,UHL001,Actual,SW,Water,,,Lee,07100009,River/Stream,,40.4620485,-91.5670776
6,10560001,Des Moines River near Keokuk,12/01/2003 07:50:00,AMBIENT,SPEC-COND,Specific conductance,Total,,650,uS/cm,True,1,,,2510,UHL001,Actual,SW,Water,,,Lee,07100009,River/Stream,,40.4620485,-91.5670776
6,10560001,Des Moines River near Keokuk,12/01/2003 07:50:00,AMBIENT,14808-79-8,Sulfate (as SO4),Total,,63,mg/l,True,1,,,300(A),UHL001,Actual,SW,Water,,,Lee,07100009,River/Stream,,40.4620485,-91.5670776
6,10560001,Des Moines River near Keokuk,12/01/2003 07:50:00,AMBIENT,TURB,Turbidity,Total,,11,NTU,True,1,,,180.1,UHL001,Actual,SW,Water,,,Lee,07100009,River/Stream,,40.4620485,-91.5670776
6,10560001,Des Moines River near Keokuk,01/20/2004 10:30:00,AMBIENT,PH,pH,Total,,8.6,None,True,,,,4500-H,,Actual,SW,Water,,,Lee,07100009,River/Stream,,40.4620485,-91.5670776
6,10560001,Des Moines River near Keokuk,01/20/2004 10:30:00,AMBIENT,TEMP-WATER,"Temperature, water",Total,,0,deg C,True,0,,,2550,,Actual,SW,Water,,,Lee,07100009,River/Stream,,40.4620485,-91.5670776
6,10560001,Des Moines River near Keokuk,01/20/2004 10:30:00,AMBIENT,1007-28-9,2-Choro-6-ethylamino-4-amino-s-triazine,Total,,0.05,ug/l,False,0.05,,,507,UHL001,Actual,SW,Water,,,Lee,07100009,River/Stream,,40.4620485,-91.5670776
6,10560001,Des Moines River near Keokuk,01/20/2004 10:30:00,AMBIENT,122-34-9,Simazine,Total,,0.05,ug/l,False,0.05,,,507,UHL001,Actual,SW,Water,,,Lee,07100009,River/Stream,,40.4620485,-91.5670776
6,10560001,Des Moines River near Keokuk,01/20/2004 10:30:00,AMBIENT,139-40-2,Propazine,Total,,0.05,ug/l,False,0.05,,,507,UHL001,Actual,SW,Water,,,Lee,07100009,River/Stream,,40.4620485,-91.5670776
6,10560001,Des Moines River near Keokuk,01/20/2004 10:30:00,AMBIENT,1582-09-8,Trifluralin,Total,,0.05,ug/l,False,0.05,,,507,UHL001,Actual,SW,Water,,,Lee,07100009,River/Stream,,40.4620485,-91.5670776
6,10560001,Des Moines River near Keokuk,01/20/2004 10:30:00,AMBIENT,15972-60-8,Alachlor,Total,,0.05,ug/l,False,0.05,,,507,UHL001,Actual,SW,Water,,,Lee,07100009,River/Stream,,40.4620485,-91.5670776
6,10560001,Des Moines River near Keokuk,01/20/2004 10:30:00,AMBIENT,1610-18-0,Prometon,Total,,0.05,ug/l,False,0.05,,,507,UHL001,Actual,SW,Water,,,Lee,07100009,River/Stream,,40.4620485,-91.5670776
6,10560001,Des Moines River near Keokuk,01/20/2004 10:30:00,AMBIENT,1912-24-9,Atrazine,Total,,0.21,ug/l,True,0.05,,,507,UHL001,Actual,SW,Water,,,Lee,07100009,River/Stream,,40.4620485,-91.5670776
6,10560001,Des Moines River near Keokuk,01/20/2004 10:30:00,AMBIENT,1918-16-7,Propachlor,Total,,0.05,ug/l,False,0.05,,,507,UHL001,Actual,SW,Water,,,Lee,07100009,River/Stream,,40.4620485,-91.5670776
6,10560001,Des Moines River near Keokuk,01/20/2004 10:30:00,AMBIENT,2008-41-5,Butylate,Total,,0.05,ug/l,False,0.05,,,507,UHL001,Actual,SW,Water,,,Lee,07100009,River/Stream,,40.4620485,-91.5670776
6,10560001,Des Moines River near Keokuk,01/20/2004 10:30:00,AMBIENT,21087-64-9,Metribuzin,Total,,0.05,ug/l,False,0.05,,,507,UHL001,Actual,SW,Water,,,Lee,07100009,River/Stream,,40.4620485,-91.5670776
6,10560001,Des Moines River near Keokuk,01/20/2004 10:30:00,AMBIENT,21725-46-2,Cyanazine,Total,,0.05,ug/l,False,0.05,,,507,UHL001,Actual,SW,Water,,,Lee,07100009,River/Stream,,40.4620485,-91.5670776
6,10560001,Des Moines River near Keokuk,01/20/2004 10:30:00,AMBIENT,34256-82-1,Acetochlor,Total,,0.05,ug/l,False,0.05,,,507,UHL001,Actual,SW,Water,,,Lee,07100009,River/Stream,,40.4620485,-91.5670776
6,10560001,Des Moines River near Keokuk,01/20/2004 10:30:00,AMBIENT,51218-45-2,Metolachlor,Total,,0.051,ug/l,True,0.05,,,507,UHL001,Actual,SW,Water,,,Lee,07100009,River/Stream,,40.4620485,-91.5670776
6,10560001,Des Moines River near Keokuk,01/20/2004 10:30:00,AMBIENT,6190-65-4,2-Chloro-4-isopropylamino-6-amino-s-triazine,Total,,0.085,ug/l,True,0.05,,,507,UHL001,Actual,SW,Water,,,Lee,07100009,River/Stream,,40.4620485,-91.5670776
6,10560001,Des Moines River near Keokuk,01/20/2004 10:30:00,AMBIENT,759-94-4,S-Ethyl dipropylthiocarbamate,Total,,0.05,ug/l,False,0.05,,,507,UHL001,Actual,SW,Water,,,Lee,07100009,River/Stream,,40.4620485,-91.5670776
6,10560001,Des Moines River near Keokuk,01/20/2004 10:30:00,AMBIENT,834-12-8,Ametryn,Total,,0.05,ug/l,False,0.05,,,507,UHL001,Actual,SW,Water,,,Lee,07100009,River/Stream,,40.4620485,-91.5670776
6,10560001,Des Moines River near Keokuk,01/20/2004 10:30:00,AMBIENT,87674-68-8,Dimethenamid,Total,,0.05,ug/l,False,0.05,,,507,UHL001,Actual,SW,Water,,,Lee,07100009,River/Stream,,40.4620485,-91.5670776
6,10560001,Des Moines River near Keokuk,01/20/2004 10:30:00,AMBIENT,7440-02-0,Nickel,Total,,50,ug/l,False,50,,,200.8(W),UHL001,Actual,SW,Water,,,Lee,07100009,River/Stream,,40.4620485,-91.5670776
6,10560001,Des Moines River near Keokuk,01/20/2004 10:30:00,AMBIENT,7440-22-4,Silver,Total,,10,ug/l,False,10,,,200.8(W),UHL001,Actual,SW,Water,,,Lee,07100009,River/Stream,,40.4620485,-91.5670776
6,10560001,Des Moines River near Keokuk,01/20/2004 10:30:00,AMBIENT,7440-28-0,Thallium,Total,,0.001,mg/l,False,0.001,,,200.8(W),UHL001,Actual,SW,Water,,,Lee,07100009,River/Stream,,40.4620485,-91.5670776
6,10560001,Des Moines River near Keokuk,01/20/2004 10:30:00,AMBIENT,7440-36-0,Antimony,Total,,0.005,mg/l,False,0.005,,,200.8(W),UHL001,Actual,SW,Water,,,Lee,07100009,River/Stream,,40.4620485,-91.5670776
6,10560001,Des Moines River near Keokuk,01/20/2004 10:30:00,AMBIENT,7440-38-2,Arsenic,Total,,10,ug/l,False,10,,,200.8(W),UHL001,Actual,SW,Water,,,Lee,07100009,River/Stream,,40.4620485,-91.5670776
6,10560001,Des Moines River near Keokuk,01/20/2004 10:30:00,AMBIENT,7440-41-7,Beryllium,Total,,0.02,mg/l,False,0.02,,,200.8(W),UHL001,Actual,SW,Water,,,Lee,07100009,River/Stream,,40.4620485,-91.5670776
6,10560001,Des Moines River near Keokuk,01/20/2004 10:30:00,AMBIENT,7440-66-6,Zinc,Total,,20,ug/l,False,20,,,200.8(W),UHL001,Actual,SW,Water,,,Lee,07100009,River/Stream,,40.4620485,-91.5670776
6,10560001,Des Moines River near Keokuk,01/20/2004 10:30:00,AMBIENT,7782-49-2,Selenium,Total,,10,ug/l,False,10,,,200.8(W),UHL001,Actual,SW,Water,,,Lee,07100009,River/Stream,,40.4620485,-91.5670776
6,10560001,Des Moines River near Keokuk,01/20/2004 10:30:00,AMBIENT,CBOD-SC,"Carbonaceous biochemical oxygen demand, standard conditions",Total,,3,mg/l,True,2,,,UnknownBOD,UHL001,Actual,SW,Water,,,Lee,07100009,River/Stream,,40.4620485,-91.5670776
6,10560001,Des Moines River near Keokuk,01/20/2004 10:30:00,AMBIENT,7439-92-1,Lead,Total,,10,ug/l,False,10,,,3113-B,UHL001,Actual,SW,Water,,,Lee,07100009,River/Stream,,40.4620485,-91.5670776
6,10560001,Des Moines River near Keokuk,01/20/2004 10:30:00,AMBIENT,7440-43-9,Cadmium,Total,,1,ug/l,False,1,,,3113-B,UHL001,Actual,SW,Water,,,Lee,07100009,River/Stream,,40.4620485,-91.5670776
6,10560001,Des Moines River near Keokuk,01/20/2004 10:30:00,AMBIENT,7440-44-0,Carbon,Total,,8.2,mg/l,True,0.5,,,415.1,UHL001,Actual,SW,Water,,,Lee,07100009,River/Stream,,40.4620485,-91.5670776
6,10560001,Des Moines River near Keokuk,01/20/2004 10:30:00,AMBIENT,16887-00-6,Chloride,Total,,46,mg/l,True,1,,,325.3,UHL001,Actual,SW,Water,,,Lee,07100009,River/Stream,,40.4620485,-91.5670776
6,10560001,Des Moines River near Keokuk,01/20/2004 10:30:00,AMBIENT,11003-45-5,Chlorophyll c,NonFilt,,4,ug/l,True,1,,,10200-H,UHL001,Actual,SW,Water,,,Lee,07100009,River/Stream,,40.4620485,-91.5670776
6,10560001,Des Moines River near Keokuk,01/20/2004 10:30:00,AMBIENT,479-61-8,Chlorophyll a,NonFilt,,49,ug/l,True,1,,,10200-H,UHL001,Actual,SW,Water,,,Lee,07100009,River/Stream,,40.4620485,-91.5670776
6,10560001,Des Moines River near Keokuk,01/20/2004 10:30:00,AMBIENT,519-62-0,Chlorophyll b,NonFilt,,1,ug/l,False,1,,,10200-H,UHL001,Actual,SW,Water,,,Lee,07100009,River/Stream,,40.4620485,-91.5670776
6,10560001,Des Moines River near Keokuk,01/20/2004 10:30:00,AMBIENT,CLR-A-UCP,"Chlorophyll a, uncorrected for pheophytin",NonFilt,,55,ug/l,True,1,,,10200-H,UHL001,Actual,SW,Water,,,Lee,07100009,River/Stream,,40.4620485,-91.5670776
6,10560001,Des Moines River near Keokuk,01/20/2004 10:30:00,AMBIENT,7440-47-3,Chromium,Total,,20,ug/l,False,20,,,200.7(W),UHL001,Actual,SW,Water,,,Lee,07100009,River/Stream,,40.4620485,-91.5670776
6,10560001,Des Moines River near Keokuk,01/20/2004 10:30:00,AMBIENT,7440-50-8,Copper,Total,,10,ug/l,False,10,,,200.7(W),UHL001,Actual,SW,Water,,,Lee,07100009,River/Stream,,40.4620485,-91.5670776
6,10560001,Des Moines River near Keokuk,01/20/2004 10:30:00,AMBIENT,57-12-5,Cyanide,Total,,0.01,mg/l,False,0.01,,,335.2,UHL001,Actual,SW,Water,,,Lee,07100009,River/Stream,,40.4620485,-91.5670776
6,10560001,Des Moines River near Keokuk,01/20/2004 10:30:00,AMBIENT,ENTERO,Enterococcus,Total,,740,MPN/100ml,True,10,,,1600,UHL001,Actual,SW,Water,,,Lee,07100009,River/Stream,,40.4620485,-91.5670776
6,10560001,Des Moines River near Keokuk,01/20/2004 10:30:00,AMBIENT,68583-22-2,Escherichia coli,Total,,10,MPN/100ml,False,10,,,APHA 9222 G,UHL001,Actual,SW,Water,,,Lee,07100009,River/Stream,,40.4620485,-91.5670776
6,10560001,Des Moines River near Keokuk,01/20/2004 10:30:00,AMBIENT,FEC-COL,Fecal Coliform,Total,,10,MPN/100ml,False,10,,,9222-D,UHL001,Actual,SW,Water,,,Lee,07100009,River/Stream,,40.4620485,-91.5670776
6,10560001,Des Moines River near Keokuk,01/20/2004 10:30:00,AMBIENT,HARD-CARB,"Hardness, carbonate",Total,,340,mg/l,True,1,,,Unknown,UHL001,Actual,SW,Water,,,Lee,07100009,River/Stream,,40.4620485,-91.5670776
6,10560001,Des Moines River near Keokuk,01/20/2004 10:30:00,AMBIENT,7439-97-6,Mercury,Total,,5E-05,mg/l,False,0.00005,,,245.1,UHL001,Actual,SW,Water,,,Lee,07100009,River/Stream,,40.4620485,-91.5670776
6,10560001,Des Moines River near Keokuk,01/20/2004 10:30:00,AMBIENT,NIT-AMM,Ammonia-nitrogen (as N),Total,,0.05,mg/l,False,0.05,,,350.1,UHL001,Actual,SW,Water,,,Lee,07100009,River/Stream,,40.4620485,-91.5670776
6,10560001,Des Moines River near Keokuk,01/20/2004 10:30:00,AMBIENT,NIT-KJELD,Kjeldahl nitrogen (AS N),Total,,1.1,mg/l,True,0.05,,,Unknown,UHL001,Actual,SW,Water,,,Lee,07100009,River/Stream,,40.4620485,-91.5670776
6,10560001,Des Moines River near Keokuk,01/20/2004 10:30:00,AMBIENT,NIT-NO3-NO2,Inorganic nitrogen (nitrate and nitrite) (as N),Total,,2.3,mg/l,True,0.1,,,353.2,UHL001,Actual,SW,Water,,,Lee,07100009,River/Stream,,40.4620485,-91.5670776
6,10560001,Des Moines River near Keokuk,01/20/2004 10:30:00,AMBIENT,603-17-8,Pheophytin a,NonFilt,,6,ug/l,True,1,,,10200H(2),UHL001,Actual,SW,Water,,,Lee,07100009,River/Stream,,40.4620485,-91.5670776
6,10560001,Des Moines River near Keokuk,02/05/2004 10:00:00,AMBIENT,TDS,Total dissolved solids,Dissolved,,480,mg/l,True,1,,,160.1,UHL001,Actual,SW,Water,,,Lee,07100009,River/Stream,,40.4620485,-91.5670776
6,10560001,Des Moines River near Keokuk,02/05/2004 10:00:00,AMBIENT,TSS,Total suspended solids,NonFilt,,20,mg/l,True,1,,,I3765,UHL001,Actual,SW,Water,,,Lee,07100009,River/Stream,,40.4620485,-91.5670776
6,10560001,Des Moines River near Keokuk,02/05/2004 10:00:00,AMBIENT,SPEC-COND,Specific conductance,Total,,790,uS/cm,True,1,,,2510,UHL001,Actual,SW,Water,,,Lee,07100009,River/Stream,,40.4620485,-91.5670776
6,10560001,Des Moines River near Keokuk,02/05/2004 10:00:00,AMBIENT,14808-79-8,Sulfate (as SO4),Total,,92,mg/l,True,1,,,300(A),UHL001,Actual,SW,Water,,,Lee,07100009,River/Stream,,40.4620485,-91.5670776
6,10560001,Des Moines River near Keokuk,02/05/2004 10:00:00,AMBIENT,TURB,Turbidity,Total,,8.7,NTU,True,1,,,180.1,UHL001,Actual,SW,Water,,,Lee,07100009,River/Stream,,40.4620485,-91.5670776
6,10560001,Des Moines River near Keokuk,03/01/2004 07:35:00,AMBIENT,7782-44-7,Dissolved oxygen (DO),Total,,12.5,mg/l,True,0.1,,,4500-O-G,,Actual,SW,Water,,,Lee,07100009,River/Stream,,40.4620485,-91.5670776
6,10560001,Des Moines River near Keokuk,03/01/2004 07:35:00,AMBIENT,FLOW,Flow,Total,,5700,cfs,True,0.1,,,USGS CA8,,Actual,SW,Water,,,Lee,07100009,River/Stream,,40.4620485,-91.5670776
6,10560001,Des Moines River near Keokuk,03/01/2004 07:35:00,AMBIENT,PH,pH,Total,,8,None,True,,,,4500-H,,Actual,SW,Water,,,Lee,07100009,River/Stream,,40.4620485,-91.5670776
6,10560001,Des Moines River near Keokuk,03/01/2004 07:35:00,AMBIENT,TEMP-WATER,"Temperature, water",Total,,7.7,deg C,True,0,,,2550,,Actual,SW,Water,,,Lee,07100009,River/Stream,,40.4620485,-91.5670776
6,10560001,Des Moines River near Keokuk,03/01/2004 07:35:00,AMBIENT,1007-28-9,2-Choro-6-ethylamino-4-amino-s-triazine,Total,,0.05,ug/l,False,0.05,,,507,UHL001,Actual,SW,Water,,,Lee,07100009,River/Stream,,40.4620485,-91.5670776
6,10560001,Des Moines River near Keokuk,03/01/2004 07:35:00,AMBIENT,122-34-9,Simazine,Total,,0.05,ug/l,False,0.05,,,507,UHL001,Actual,SW,Water,,,Lee,07100009,River/Stream,,40.4620485,-91.5670776
6,10560001,Des Moines River near Keokuk,03/01/2004 07:35:00,AMBIENT,139-40-2,Propazine,Total,,0.05,ug/l,False,0.05,,,507,UHL001,Actual,SW,Water,,,Lee,07100009,River/Stream,,40.4620485,-91.5670776
6,10560001,Des Moines River near Keokuk,03/01/2004 07:35:00,AMBIENT,1582-09-8,Trifluralin,Total,,0.05,ug/l,False,0.05,,,507,UHL001,Actual,SW,Water,,,Lee,07100009,River/Stream,,40.4620485,-91.5670776
6,10560001,Des Moines River near Keokuk,03/01/2004 07:35:00,AMBIENT,15972-60-8,Alachlor,Total,,0.05,ug/l,False,0.05,,,507,UHL001,Actual,SW,Water,,,Lee,07100009,River/Stream,,40.4620485,-91.5670776
6,10560001,Des Moines River near Keokuk,03/01/2004 07:35:00,AMBIENT,1610-18-0,Prometon,Total,,0.05,ug/l,False,0.05,,,507,UHL001,Actual,SW,Water,,,Lee,07100009,River/Stream,,40.4620485,-91.5670776
6,10560001,Des Moines River near Keokuk,03/01/2004 07:35:00,AMBIENT,1912-24-9,Atrazine,Total,,0.096,ug/l,True,0.05,,,507,UHL001,Actual,SW,Water,,,Lee,07100009,River/Stream,,40.4620485,-91.5670776
6,10560001,Des Moines River near Keokuk,03/01/2004 07:35:00,AMBIENT,1918-16-7,Propachlor,Total,,0.05,ug/l,False,0.05,,,507,UHL001,Actual,SW,Water,,,Lee,07100009,River/Stream,,40.4620485,-91.5670776
6,10560001,Des Moines River near Keokuk,03/01/2004 07:35:00,AMBIENT,2008-41-5,Butylate,Total,,0.05,ug/l,False,0.05,,,507,UHL001,Actual,SW,Water,,,Lee,07100009,River/Stream,,40.4620485,-91.5670776
6,10560001,Des Moines River near Keokuk,03/01/2004 07:35:00,AMBIENT,21087-64-9,Metribuzin,Total,,0.05,ug/l,False,0.05,,,507,UHL001,Actual,SW,Water,,,Lee,07100009,River/Stream,,40.4620485,-91.5670776
6,10560001,Des Moines River near Keokuk,03/01/2004 07:35:00,AMBIENT,21725-46-2,Cyanazine,Total,,0.05,ug/l,False,0.05,,,507,UHL001,Actual,SW,Water,,,Lee,07100009,River/Stream,,40.4620485,-91.5670776
6,10560001,Des Moines River near Keokuk,03/01/2004 07:35:00,AMBIENT,34256-82-1,Acetochlor,Total,,0.05,ug/l,False,0.05,,,507,UHL001,Actual,SW,Water,,,Lee,07100009,River/Stream,,40.4620485,-91.5670776
6,10560001,Des Moines River near Keokuk,03/01/2004 07:35:00,AMBIENT,51218-45-2,Metolachlor,Total,,0.05,ug/l,False,0.05,,,507,UHL001,Actual,SW,Water,,,Lee,07100009,River/Stream,,40.4620485,-91.5670776
6,10560001,Des Moines River near Keokuk,03/01/2004 07:35:00,AMBIENT,6190-65-4,2-Chloro-4-isopropylamino-6-amino-s-triazine,Total,,0.05,ug/l,False,0.05,,,507,UHL001,Actual,SW,Water,,,Lee,07100009,River/Stream,,40.4620485,-91.5670776
6,10560001,Des Moines River near Keokuk,03/01/2004 07:35:00,AMBIENT,759-94-4,S-Ethyl dipropylthiocarbamate,Total,,0.05,ug/l,False,0.05,,,507,UHL001,Actual,SW,Water,,,Lee,07100009,River/Stream,,40.4620485,-91.5670776
6,10560001,Des Moines River near Keokuk,03/01/2004 07:35:00,AMBIENT,834-12-8,Ametryn,Total,,0.05,ug/l,False,0.05,,,507,UHL001,Actual,SW,Water,,,Lee,07100009,River/Stream,,40.4620485,-91.5670776
6,10560001,Des Moines River near Keokuk,03/01/2004 07:35:00,AMBIENT,87674-68-8,Dimethenamid,Total,,0.05,ug/l,False,0.05,,,507,UHL001,Actual,SW,Water,,,Lee,07100009,River/Stream,,40.4620485,-91.5670776
6,10560001,Des Moines River near Keokuk,03/01/2004 07:35:00,AMBIENT,CBOD-SC,"Carbonaceous biochemical oxygen demand, standard conditions",Total,,2,mg/l,False,2,,,UnknownBOD,UHL001,Actual,SW,Water,,,Lee,07100009,River/Stream,,40.4620485,-91.5670776
6,10560001,Des Moines River near Keokuk,03/01/2004 07:35:00,AMBIENT,7440-44-0,Carbon,Total,,6.9,mg/l,True,0.5,,,415.1,UHL001,Actual,SW,Water,,,Lee,07100009,River/Stream,,40.4620485,-91.5670776
6,10560001,Des Moines River near Keokuk,03/01/2004 07:35:00,AMBIENT,16887-00-6,Chloride,Total,,43,mg/l,True,1,,,325.3,UHL001,Actual,SW,Water,,,Lee,07100009,River/Stream,,40.4620485,-91.5670776
6,10560001,Des Moines River near Keokuk,03/01/2004 07:35:00,AMBIENT,11003-45-5,Chlorophyll c,NonFilt,,1,ug/l,False,1,,,10200-H,UHL001,Actual,SW,Water,,,Lee,07100009,River/Stream,,40.4620485,-91.5670776
6,10560001,Des Moines River near Keokuk,03/01/2004 07:35:00,AMBIENT,479-61-8,Chlorophyll a,NonFilt,,17,ug/l,True,1,,,10200-H,UHL001,Actual,SW,Water,,,Lee,07100009,River/Stream,,40.4620485,-91.5670776
6,10560001,Des Moines River near Keokuk,03/01/2004 07:35:00,AMBIENT,519-62-0,Chlorophyll b,NonFilt,,1,ug/l,False,1,,,10200-H,UHL001,Actual,SW,Water,,,Lee,07100009,River/Stream,,40.4620485,-91.5670776
6,10560001,Des Moines River near Keokuk,03/01/2004 07:35:00,AMBIENT,CLR-A-UCP,"Chlorophyll a, uncorrected for pheophytin",NonFilt,,22,ug/l,True,1,,,10200-H,UHL001,Actual,SW,Water,,,Lee,07100009,River/Stream,,40.4620485,-91.5670776
6,10560001,Des Moines River near Keokuk,03/01/2004 07:35:00,AMBIENT,ENTERO,Enterococcus,Total,,50,MPN/100ml,True,10,,,1600,UHL001,Actual,SW,Water,,,Lee,07100009,River/Stream,,40.4620485,-91.5670776
6,10560001,Des Moines River near Keokuk,03/01/2004 07:35:00,AMBIENT,68583-22-2,Escherichia coli,Total,,10,MPN/100ml,False,10,,,APHA 9222 G,UHL001,Actual,SW,Water,,,Lee,07100009,River/Stream,,40.4620485,-91.5670776
6,10560001,Des Moines River near Keokuk,03/01/2004 07:35:00,AMBIENT,FEC-COL,Fecal Coliform,Total,,10,MPN/100ml,False,10,,,9222-D,UHL001,Actual,SW,Water,,,Lee,07100009,River/Stream,,40.4620485,-91.5670776
6,10560001,Des Moines River near Keokuk,03/01/2004 07:35:00,AMBIENT,HARD-CARB,"Hardness, carbonate",Total,,300,mg/l,True,1,,,Unknown,UHL001,Actual,SW,Water,,,Lee,07100009,River/Stream,,40.4620485,-91.5670776
6,10560001,Des Moines River near Keokuk,03/01/2004 07:35:00,AMBIENT,NIT-AMM,Ammonia-nitrogen (as N),Total,,0.19,mg/l,True,0.05,,,350.1,UHL001,Actual,SW,Water,,,Lee,07100009,River/Stream,,40.4620485,-91.5670776
6,10560001,Des Moines River near Keokuk,03/01/2004 07:35:00,AMBIENT,NIT-KJELD,Kjeldahl nitrogen (AS N),Total,,1.2,mg/l,True,0.05,,,Unknown,UHL001,Actual,SW,Water,,,Lee,07100009,River/Stream,,40.4620485,-91.5670776
6,10560001,Des Moines River near Keokuk,03/01/2004 07:35:00,AMBIENT,NIT-NO3-NO2,Inorganic nitrogen (nitrate and nitrite) (as N),Total,,2.8,mg/l,True,0.05,,,353.2,UHL001,Actual,SW,Water,,,Lee,07100009,River/Stream,,40.4620485,-91.5670776
6,10560001,Des Moines River near Keokuk,03/01/2004 07:35:00,AMBIENT,603-17-8,Pheophytin a,NonFilt,,6,ug/l,True,1,,,10200H(2),UHL001,Actual,SW,Water,,,Lee,07100009,River/Stream,,40.4620485,-91.5670776
6,10560001,Des Moines River near Keokuk,03/01/2004 07:35:00,AMBIENT,PHOSP-PHOSP,Phosphate-phosphorus (as P),Total,,0.37,mg/l,True,0.02,,,365.4,UHL001,Actual,SW,Water,,,Lee,07100009,River/Stream,,40.4620485,-91.5670776
6,10560001,Des Moines River near Keokuk,03/01/2004 07:35:00,AMBIENT,14265-44-2,Orthophosphate (as P),Dissolved,,0.23,mg/l,True,0.02,,,365.1,UHL001,Actual,SW,Water,,,Lee,07100009,River/Stream,,40.4620485,-91.5670776
6,10560001,Des Moines River near Keokuk,04/01/2004 09:00:00,AMBIENT,7439-97-6,Mercury,Total,,5E-05,mg/l,False,0.00005,,,245.1,UHL001,Actual,SW,Water,,,Lee,07100009,River/Stream,,40.4620485,-91.5670776
6,10560001,Des Moines River near Keokuk,04/01/2004 09:00:00,AMBIENT,NIT-AMM,Ammonia-nitrogen (as N),Total,,0.14,mg/l,True,0.05,,,350.1,UHL001,Actual,SW,Water,,,Lee,07100009,River/Stream,,40.4620485,-91.5670776
6,10560001,Des Moines River near Keokuk,04/01/2004 09:00:00,AMBIENT,NIT-KJELD,Kjeldahl nitrogen (AS N),Total,,1.1,mg/l,True,0.05,,,Unknown,UHL001,Actual,SW,Water,,,Lee,07100009,River/Stream,,40.4620485,-91.5670776
6,10560001,Des Moines River near Keokuk,04/01/2004 09:00:00,AMBIENT,NIT-NO3-NO2,Inorganic nitrogen (nitrate and nitrite) (as N),Total,,5.5,mg/l,True,0.05,,,353.2,UHL001,Actual,SW,Water,,,Lee,07100009,River/Stream,,40.4620485,-91.5670776
6,10560001,Des Moines River near Keokuk,04/01/2004 09:00:00,AMBIENT,603-17-8,Pheophytin a,NonFilt,,8,ug/l,True,1,,,10200H(2),UHL001,Actual,SW,Water,,,Lee,07100009,River/Stream,,40.4620485,-91.5670776
6,10560001,Des Moines River near Keokuk,04/01/2004 09:00:00,AMBIENT,PHOSP-PHOSP,Phosphate-phosphorus (as P),Total,,0.44,mg/l,True,0.02,,,365.4,UHL001,Actual,SW,Water,,,Lee,07100009,River/Stream,,40.4620485,-91.5670776
6,10560001,Des Moines River near Keokuk,04/01/2004 09:00:00,AMBIENT,14265-44-2,Orthophosphate (as P),Dissolved,,0.21,mg/l,True,0.02,,,365.1,UHL001,Actual,SW,Water,,,Lee,07100009,River/Stream,,40.4620485,-91.5670776
6,10560001,Des Moines River near Keokuk,04/01/2004 09:00:00,AMBIENT,7631-86-9,Silica,Dissolved,,13,mg/l,True,1,,,370.1,UHL001,Actual,SW,Water,,,Lee,07100009,River/Stream,,40.4620485,-91.5670776
6,10560001,Des Moines River near Keokuk,04/01/2004 09:00:00,AMBIENT,TDS,Total dissolved solids,Dissolved,,340,mg/l,True,1,,,160.1,UHL001,Actual,SW,Water,,,Lee,07100009,River/Stream,,40.4620485,-91.5670776
6,10560001,Des Moines River near Keokuk,04/01/2004 09:00:00,AMBIENT,TSS,Total suspended solids,NonFilt,,220,mg/l,True,1,,,I3765,UHL001,Actual,SW,Water,,,Lee,07100009,River/Stream,,40.4620485,-91.5670776
6,10560001,Des Moines River near Keokuk,04/01/2004 09:00:00,AMBIENT,SPEC-COND,Specific conductance,Total,,500,uS/cm,True,1,,,2510,UHL001,Actual,SW,Water,,,Lee,07100009,River/Stream,,40.4620485,-91.5670776
6,10560001,Des Moines River near Keokuk,04/01/2004 09:00:00,AMBIENT,14808-79-8,Sulfate (as SO4),Total,,43,mg/l,True,5,,,300(A),UHL001,Actual,SW,Water,,,Lee,07100009,River/Stream,,40.4620485,-91.5670776
6,10560001,Des Moines River near Keokuk,04/01/2004 09:00:00,AMBIENT,TURB,Turbidity,Total,,120,NTU,True,1,,,180.1,UHL001,Actual,SW,Water,,,Lee,07100009,River/Stream,,40.4620485,-91.5670776
6,10560001,Des Moines River near Keokuk,05/05/2004 12:00:00,AMBIENT,7782-44-7,Dissolved oxygen (DO),Total,,17.5,mg/l,True,0.1,,,4500-O-G,,Actual,SW,Water,,,Lee,07100009,River/Stream,,40.4620485,-91.5670776
6,10560001,Des Moines River near Keokuk,05/05/2004 12:00:00,AMBIENT,FLOW,Flow,Total,,6000,cfs,True,0.1,,,USGS CA8,,Actual,SW,Water,,,Lee,07100009,River/Stream,,40.4620485,-91.5670776
6,10560001,Des Moines River near Keokuk,05/05/2004 12:00:00,AMBIENT,PH,pH,Total,,8.7,None,True,,,,4500-H,,Actual,SW,Water,,,Lee,07100009,River/Stream,,40.4620485,-91.5670776
6,10560001,Des Moines River near Keokuk,05/05/2004 12:00:00,AMBIENT,TEMP-WATER,"Temperature, water",Total,,16.9,deg C,True,0,,,2550,,Actual,SW,Water,,,Lee,07100009,River/Stream,,40.4620485,-91.5670776
6,10560001,Des Moines River near Keokuk,05/05/2004 12:00:00,AMBIENT,120-36-5,Dichlorprop,Total,,1,ug/l,False,1,,,515.1,UHL001,Actual,SW,Water,,,Lee,07100009,River/Stream,,40.4620485,-91.5670776
6,10560001,Des Moines River near Keokuk,05/05/2004 12:00:00,AMBIENT,133-90-4,Chloramben,Total,,0.5,ug/l,False,0.5,,,515.1,UHL001,Actual,SW,Water,,,Lee,07100009,River/Stream,,40.4620485,-91.5670776
6,10560001,Des Moines River near Keokuk,05/05/2004 12:00:00,AMBIENT,1689-84-5,Bromoxynil,Total,,0.2,ug/l,False,0.2,,,515.1,UHL001,Actual,SW,Water,,,Lee,07100009,River/Stream,,40.4620485,-91.5670776
6,10560001,Des Moines River near Keokuk,05/05/2004 12:00:00,AMBIENT,1861-32-1,Chlorthal-dimethyl,Total,,0.2,ug/l,False,0.2,,,515.1,UHL001,Actual,SW,Water,,,Lee,07100009,River/Stream,,40.4620485,-91.5670776
6,10560001,Des Moines River near Keokuk,05/05/2004 12:00:00,AMBIENT,1918-00-9,Dicamba,Total,,0.5,ug/l,False,0.5,,,515.1,UHL001,Actual,SW,Water,,,Lee,07100009,River/Stream,,40.4620485,-91.5670776
6,10560001,Des Moines River near Keokuk,05/05/2004 12:00:00,AMBIENT,1918-02-01,Picloram,Total,,0.5,ug/l,False,0.5,,,515.1,UHL001,Actual,SW,Water,,,Lee,07100009,River/Stream,,40.4620485,-91.5670776
6,10560001,Des Moines River near Keokuk,05/05/2004 12:00:00,AMBIENT,25057-89-0,Bentazon,Total,,1,ug/l,False,1,,,515.1,UHL001,Actual,SW,Water,,,Lee,07100009,River/Stream,,40.4620485,-91.5670776
6,10560001,Des Moines River near Keokuk,05/05/2004 12:00:00,AMBIENT,50594-66-6,Acifluorfen,Total,,0.2,ug/l,False,0.2,,,515.1,UHL001,Actual,SW,Water,,,Lee,07100009,River/Stream,,40.4620485,-91.5670776
6,10560001,Des Moines River near Keokuk,05/05/2004 12:00:00,AMBIENT,55335-06-3,Triclopyr,Total,,0.2,ug/l,False,0.2,,,515.1,UHL001,Actual,SW,Water,,,Lee,07100009,River/Stream,,40.4620485,-91.5670776
6,10560001,Des Moines River near Keokuk,05/05/2004 12:00:00,AMBIENT,88-85-7,Dinoseb,Total,,0.5,ug/l,False,0.5,,,515.1,UHL001,Actual,SW,Water,,,Lee,07100009,River/Stream,,40.4620485,-91.5670776
6,10560001,Des Moines River near Keokuk,05/05/2004 12:00:00,AMBIENT,93-72-1,Silvex,Total,,0.2,ug/l,False,0.2,,,515.1,UHL001,Actual,SW,Water,,,Lee,07100009,River/Stream,,40.4620485,-91.5670776
6,10560001,Des Moines River near Keokuk,05/05/2004 12:00:00,AMBIENT,93-76-5,"2,4,5-T",Total,,0.2,ug/l,False,0.2,,,515.1,UHL001,Actual,SW,Water,,,Lee,07100009,River/Stream,,40.4620485,-91.5670776
6,10560001,Des Moines River near Keokuk,05/05/2004 12:00:00,AMBIENT,94-75-7,"2,4-D",Total,,1,ug/l,False,1,,,515.1,UHL001,Actual,SW,Water,,,Lee,07100009,River/Stream,,40.4620485,-91.5670776
6,10560001,Des Moines River near Keokuk,05/05/2004 12:00:00,AMBIENT,94-82-6,"2,4-DB",Total,,1,ug/l,False,1,,,515.1,UHL001,Actual,SW,Water,,,Lee,07100009,River/Stream,,40.4620485,-91.5670776
6,10560001,Des Moines River near Keokuk,05/05/2004 12:00:00,AMBIENT,1007-28-9,2-Choro-6-ethylamino-4-amino-s-triazine,Total,,0.05,ug/l,False,0.05,,,507,UHL001,Actual,SW,Water,,,Lee,07100009,River/Stream,,40.4620485,-91.5670776
6,10560001,Des Moines River near Keokuk,05/05/2004 12:00:00,AMBIENT,121-75-5,Malathion,Total,,0.05,ug/l,False,0.05,,,507,UHL001,Actual,SW,Water,,,Lee,07100009,River/Stream,,40.4620485,-91.5670776
6,10560001,Des Moines River near Keokuk,05/05/2004 12:00:00,AMBIENT,122-34-9,Simazine,Total,,0.05,ug/l,False,0.05,,,507,UHL001,Actual,SW,Water,,,Lee,07100009,River/Stream,,40.4620485,-91.5670776
6,10560001,Des Moines River near Keokuk,05/05/2004 12:00:00,AMBIENT,13071-79-9,Terbufos,Total,,0.05,ug/l,False,0.05,,,507,UHL001,Actual,SW,Water,,,Lee,07100009,River/Stream,,40.4620485,-91.5670776
6,10560001,Des Moines River near Keokuk,05/05/2004 12:00:00,AMBIENT,13194-48-4,Ethoprop,Total,,0.05,ug/l,False,0.05,,,507,UHL001,Actual,SW,Water,,,Lee,07100009,River/Stream,,40.4620485,-91.5670776
6,10560001,Des Moines River near Keokuk,05/05/2004 12:00:00,AMBIENT,139-40-2,Propazine,Total,,0.05,ug/l,False,0.05,,,507,UHL001,Actual,SW,Water,,,Lee,07100009,River/Stream,,40.4620485,-91.5670776
6,10560001,Des Moines River near Keokuk,05/05/2004 12:00:00,AMBIENT,1563-66-2,Carbofuran,Total,,0.05,ug/l,False,0.05,,,507,UHL001,Actual,SW,Water,,,Lee,07100009,River/Stream,,40.4620485,-91.5670776
6,10560001,Des Moines River near Keokuk,05/05/2004 12:00:00,AMBIENT,1582-09-8,Trifluralin,Total,,0.05,ug/l,False,0.05,,,507,UHL001,Actual,SW,Water,,,Lee,07100009,River/Stream,,40.4620485,-91.5670776
6,10560001,Des Moines River near Keokuk,05/05/2004 12:00:00,AMBIENT,15972-60-8,Alachlor,Total,,0.05,ug/l,False,0.05,,,507,UHL001,Actual,SW,Water,,,Lee,07100009,River/Stream,,40.4620485,-91.5670776
6,10560001,Des Moines River near Keokuk,05/05/2004 12:00:00,AMBIENT,1610-18-0,Prometon,Total,,0.05,ug/l,False,0.05,,,507,UHL001,Actual,SW,Water,,,Lee,07100009,River/Stream,,40.4620485,-91.5670776
6,10560001,Des Moines River near Keokuk,05/05/2004 12:00:00,AMBIENT,1912-24-9,Atrazine,Total,,0.27,ug/l,True,0.05,,,507,UHL001,Actual,SW,Water,,,Lee,07100009,River/Stream,,40.4620485,-91.5670776
6,10560001,Des Moines River near Keokuk,05/05/2004 12:00:00,AMBIENT,1918-16-7,Propachlor,Total,,0.05,ug/l,False,0.05,,,507,UHL001,Actual,SW,Water,,,Lee,07100009,River/Stream,,40.4620485,-91.5670776
6,10560001,Des Moines River near Keokuk,05/05/2004 12:00:00,AMBIENT,2008-41-5,Butylate,Total,,0.05,ug/l,False,0.05,,,507,UHL001,Actual,SW,Water,,,Lee,07100009,River/Stream,,40.4620485,-91.5670776
6,10560001,Des Moines River near Keokuk,05/05/2004 12:00:00,AMBIENT,21087-64-9,Metribuzin,Total,,0.05,ug/l,False,0.05,,,507,UHL001,Actual,SW,Water,,,Lee,07100009,River/Stream,,40.4620485,-91.5670776
6,10560001,Des Moines River near Keokuk,05/05/2004 12:00:00,AMBIENT,21725-46-2,Cyanazine,Total,,0.05,ug/l,False,0.05,,,507,UHL001,Actual,SW,Water,,,Lee,07100009,River/Stream,,40.4620485,-91.5670776
6,10560001,Des Moines River near Keokuk,05/05/2004 12:00:00,AMBIENT,2303-17-5,Triallate,Total,,0.05,ug/l,False,0.05,,,507,UHL001,Actual,SW,Water,,,Lee,07100009,River/Stream,,40.4620485,-91.5670776
6,10560001,Des Moines River near Keokuk,05/05/2004 12:00:00,AMBIENT,23184-66-9,Butachlor,Total,,0.05,ug/l,False,0.05,,,507,UHL001,Actual,SW,Water,,,Lee,07100009,River/Stream,,40.4620485,-91.5670776
6,10560001,Des Moines River near Keokuk,05/05/2004 12:00:00,AMBIENT,25311-71-1,Isofenphos,Total,,0.05,ug/l,False,0.05,,,507,UHL001,Actual,SW,Water,,,Lee,07100009,River/Stream,,40.4620485,-91.5670776
6,10560001,Des Moines River near Keokuk,05/05/2004 12:00:00,AMBIENT,2921-88-2,Chlorpyrifos,Total,,0.05,ug/l,False,0.05,,,507,UHL001,Actual,SW,Water,,,Lee,07100009,River/Stream,,40.4620485,-91.5670776
6,10560001,Des Moines River near Keokuk,05/05/2004 12:00:00,AMBIENT,298-00-0,Methyl parathion,Total,,0.05,ug/l,False,0.05,,,507,UHL001,Actual,SW,Water,,,Lee,07100009,River/Stream,,40.4620485,-91.5670776
6,10560001,Des Moines River near Keokuk,05/05/2004 12:00:00,AMBIENT,298-02-2,Phorate,Total,,0.05,ug/l,False,0.05,,,507,UHL001,Actual,SW,Water,,,Lee,07100009,River/Stream,,40.4620485,-91.5670776
6,10560001,Des Moines River near Keokuk,05/05/2004 12:00:00,AMBIENT,298-04-4,Disulfoton,Total,,0.05,ug/l,False,0.05,,,507,UHL001,Actual,SW,Water,,,Lee,07100009,River/Stream,,40.4620485,-91.5670776
6,10560001,Des Moines River near Keokuk,05/05/2004 12:00:00,AMBIENT,314-40-9,Bromacil,Total,,0.05,ug/l,False,0.05,,,507,UHL001,Actual,SW,Water,,,Lee,07100009,River/Stream,,40.4620485,-91.5670776
6,10560001,Des Moines River near Keokuk,05/05/2004 12:00:00,AMBIENT,333-41-5,Diazinon,Total,,0.05,ug/l,False,0.05,,,507,UHL001,Actual,SW,Water,,,Lee,07100009,River/Stream,,40.4620485,-91.5670776
6,10560001,Des Moines River near Keokuk,05/05/2004 12:00:00,AMBIENT,34256-82-1,Acetochlor,Total,,0.2,ug/l,True,0.05,,,507,UHL001,Actual,SW,Water,,,Lee,07100009,River/Stream,,40.4620485,-91.5670776
6,10560001,Des Moines River near Keokuk,05/05/2004 12:00:00,AMBIENT,40487-42-1,Pendimethalin,Total,,0.05,ug/l,False,0.05,,,507,UHL001,Actual,SW,Water,,,Lee,07100009,River/Stream,,40.4620485,-91.5670776
6,10560001,Des Moines River near Keokuk,05/05/2004 12:00:00,AMBIENT,51218-45-2,Metolachlor,Total,,0.25,ug/l,True,0.05,,,507,UHL001,Actual,SW,Water,,,Lee,07100009,River/Stream,,40.4620485,-91.5670776
6,10560001,Des Moines River near Keokuk,05/05/2004 12:00:00,AMBIENT,56-38-2,Parathion,Total,,0.05,ug/l,False,0.05,,,507,UHL001,Actual,SW,Water,,,Lee,07100009,River/Stream,,40.4620485,-91.5670776
6,10560001,Des Moines River near Keokuk,05/05/2004 12:00:00,AMBIENT,60-51-5,Dimethoate,Total,,0.05,ug/l,False,0.05,,,507,UHL001,Actual,SW,Water,,,Lee,07100009,River/Stream,,40.4620485,-91.5670776
6,10560001,Des Moines River near Keokuk,05/05/2004 12:00:00,AMBIENT,6190-65-4,2-Chloro-4-isopropylamino-6-amino-s-triazine,Total,,0.05,ug/l,False,0.05,,,507,UHL001,Actual,SW,Water,,,Lee,07100009,River/Stream,,40.4620485,-91.5670776
6,10560001,Des Moines River near Keokuk,05/05/2004 12:00:00,AMBIENT,62-73-7,Dichlorvos,Total,,0.05,ug/l,False,0.05,,,507,UHL001,Actual,SW,Water,,,Lee,07100009,River/Stream,,40.4620485,-91.5670776
6,10560001,Des Moines River near Keokuk,05/05/2004 12:00:00,AMBIENT,63-25-2,Carbaryl,Total,,0.05,ug/l,False,0.05,,,507,UHL001,Actual,SW,Water,,,Lee,07100009,River/Stream,,40.4620485,-91.5670776
6,10560001,Des Moines River near Keokuk,05/05/2004 12:00:00,AMBIENT,759-94-4,S-Ethyl dipropylthiocarbamate,Total,,0.05,ug/l,False,0.05,,,507,UHL001,Actual,SW,Water,,,Lee,07100009,River/Stream,,40.4620485,-91.5670776
6,10560001,Des Moines River near Keokuk,05/05/2004 12:00:00,AMBIENT,81777-89-1,Clomazone,Total,,0.05,ug/l,False,0.05,,,507,UHL001,Actual,SW,Water,,,Lee,07100009,River/Stream,,40.4620485,-91.5670776
6,10560001,Des Moines River near Keokuk,05/05/2004 12:00:00,AMBIENT,834-12-8,Ametryn,Total,,0.05,ug/l,False,0.05,,,507,UHL001,Actual,SW,Water,,,Lee,07100009,River/Stream,,40.4620485,-91.5670776
6,10560001,Des Moines River near Keokuk,05/05/2004 12:00:00,AMBIENT,87674-68-8,Dimethenamid,Total,,0.05,ug/l,False,0.05,,,507,UHL001,Actual,SW,Water,,,Lee,07100009,River/Stream,,40.4620485,-91.5670776
6,10560001,Des Moines River near Keokuk,05/05/2004 12:00:00,AMBIENT,944-22-9,Fonofos,Total,,0.05,ug/l,False,0.05,,,507,UHL001,Actual,SW,Water,,,Lee,07100009,River/Stream,,40.4620485,-91.5670776
6,10560001,Des Moines River near Keokuk,05/05/2004 12:00:00,AMBIENT,CBOD-SC,"Carbonaceous biochemical oxygen demand, standard conditions",Total,,3,mg/l,True,2,,,UnknownBOD,UHL001,Actual,SW,Water,,,Lee,07100009,River/Stream,,40.4620485,-91.5670776
6,10560001,Des Moines River near Keokuk,05/05/2004 12:00:00,AMBIENT,7440-44-0,Carbon,Total,,7.2,mg/l,True,0.5,,,415.1,UHL001,Actual,SW,Water,,,Lee,07100009,River/Stream,,40.4620485,-91.5670776
6,10560001,Des Moines River near Keokuk,05/05/2004 12:00:00,AMBIENT,16887-00-6,Chloride,Total,,29,mg/l,True,1,,,325.3,UHL001,Actual,SW,Water,,,Lee,07100009,River/Stream,,40.4620485,-91.5670776
6,10560001,Des Moines River near Keokuk,05/05/2004 12:00:00,AMBIENT,11003-45-5,Chlorophyll c,NonFilt,,6,ug/l,True,1,,,10200-H,UHL001,Actual,SW,Water,,,Lee,07100009,River/Stream,,40.4620485,-91.5670776
6,10560001,Des Moines River near Keokuk,05/05/2004 12:00:00,AMBIENT,479-61-8,Chlorophyll a,NonFilt,,80,ug/l,True,1,,,10200-H,UHL001,Actual,SW,Water,,,Lee,07100009,River/Stream,,40.4620485,-91.5670776
6,10560001,Des Moines River near Keokuk,05/05/2004 12:00:00,AMBIENT,519-62-0,Chlorophyll b,NonFilt,,1,ug/l,False,1,,,10200-H,UHL001,Actual,SW,Water,,,Lee,07100009,River/Stream,,40.4620485,-91.5670776
6,10560001,Des Moines River near Keokuk,05/05/2004 12:00:00,AMBIENT,CLR-A-UCP,"Chlorophyll a, uncorrected for pheophytin",NonFilt,,85,ug/l,True,1,,,10200-H,UHL001,Actual,SW,Water,,,Lee,07100009,River/Stream,,40.4620485,-91.5670776
6,10560001,Des Moines River near Keokuk,05/05/2004 12:00:00,AMBIENT,ENTERO,Enterococcus,Total,,280,MPN/100ml,True,10,,,1600,UHL001,Actual,SW,Water,,,Lee,07100009,River/Stream,,40.4620485,-91.5670776
6,10560001,Des Moines River near Keokuk,05/05/2004 12:00:00,AMBIENT,68583-22-2,Escherichia coli,Total,,10,MPN/100ml,False,10,,,APHA 9222 G,UHL001,Actual,SW,Water,,,Lee,07100009,River/Stream,,40.4620485,-91.5670776
6,10560001,Des Moines River near Keokuk,05/05/2004 12:00:00,AMBIENT,FEC-COL,Fecal Coliform,Total,,10,MPN/100ml,False,10,,,9222-D,UHL001,Actual,SW,Water,,,Lee,07100009,River/Stream,,40.4620485,-91.5670776
6,10560001,Des Moines River near Keokuk,05/05/2004 12:00:00,AMBIENT,HARD-CARB,"Hardness, carbonate",Total,,280,mg/l,True,1,,,Unknown,UHL001,Actual,SW,Water,,,Lee,07100009,River/Stream,,40.4620485,-91.5670776
6,10560001,Des Moines River near Keokuk,05/05/2004 12:00:00,AMBIENT,NIT-KJELD,Kjeldahl nitrogen (AS N),Total,,1.4,mg/l,True,0.05,,,Unknown,UHL001,Actual,SW,Water,,,Lee,07100009,River/Stream,,40.4620485,-91.5670776
6,10560001,Des Moines River near Keokuk,05/05/2004 12:00:00,AMBIENT,NIT-AMM,Ammonia-nitrogen (as N),Total,,0.05,mg/l,False,0.05,,,350.1,UHL001,Actual,SW,Water,,,Lee,07100009,River/Stream,,40.4620485,-91.5670776
6,10560001,Des Moines River near Keokuk,05/05/2004 12:00:00,AMBIENT,NIT-NO3-NO2,Inorganic nitrogen (nitrate and nitrite) (as N),Total,,6.5,mg/l,True,0.05,,,353.2,UHL001,Actual,SW,Water,,,Lee,07100009,River/Stream,,40.4620485,-91.5670776
6,10560001,Des Moines River near Keokuk,05/05/2004 12:00:00,AMBIENT,87-86-5,Pentachlorophenol,Total,,0.5,ug/l,False,0.5,,,515.3,UHL001,Actual,SW,Water,,,Lee,07100009,River/Stream,,40.4620485,-91.5670776
6,10560001,Des Moines River near Keokuk,06/02/2004 07:15:00,AMBIENT,7782-44-7,Dissolved oxygen (DO),Total,,6.2,mg/l,True,0.1,,,4500-O-G,,Actual,SW,Water,,,Lee,07100009,River/Stream,,40.4620485,-91.5670776
6,10560001,Des Moines River near Keokuk,06/02/2004 07:15:00,AMBIENT,FLOW,Flow,Total,,17000,cfs,True,0.1,,,USGS CA8,,Actual,SW,Water,,,Lee,07100009,River/Stream,,40.4620485,-91.5670776
6,10560001,Des Moines River near Keokuk,06/02/2004 07:15:00,AMBIENT,PH,pH,Total,,7.3,None,True,,,,4500-H,,Actual,SW,Water,,,Lee,07100009,River/Stream,,40.4620485,-91.5670776
6,10560001,Des Moines River near Keokuk,06/02/2004 07:15:00,AMBIENT,SPEC-COND,Specific conductance,Total,,350,uS/cm,True,1,,,2510,UHL001,Actual,SW,Water,,,Lee,07100009,River/Stream,,40.4620485,-91.5670776
6,10560001,Des Moines River near Keokuk,06/02/2004 07:15:00,AMBIENT,14808-79-8,Sulfate (as SO4),Total,,27,mg/l,True,1,,,300(A),UHL001,Actual,SW,Water,,,Lee,07100009,River/Stream,,40.4620485,-91.5670776
6,10560001,Des Moines River near Keokuk,06/02/2004 07:15:00,AMBIENT,TURB,Turbidity,Total,,350,NTU,True,1,,,180.1,UHL001,Actual,SW,Water,,,Lee,07100009,River/Stream,,40.4620485,-91.5670776
6,10560001,Des Moines River near Keokuk,07/01/2004 11:00:00,AMBIENT,7782-44-7,Dissolved oxygen (DO),Total,,8,mg/l,True,0.1,,,4500-O-G,,Actual,SW,Water,,,Lee,07100009,River/Stream,,40.4620485,-91.5670776
6,10560001,Des Moines River near Keokuk,07/01/2004 11:00:00,AMBIENT,FLOW,Flow,Total,,18000,cfs,True,0.1,,,USGS CA8,,Actual,SW,Water,,,Lee,07100009,River/Stream,,40.4620485,-91.5670776
6,10560001,Des Moines River near Keokuk,07/01/2004 11:00:00,AMBIENT,PH,pH,Total,,7.9,None,True,,,,4500-H,,Actual,SW,Water,,,Lee,07100009,River/Stream,,40.4620485,-91.5670776
6,10560001,Des Moines River near Keokuk,07/01/2004 11:00:00,AMBIENT,TEMP-WATER,"Temperature, water",Total,,23.2,deg C,True,0,,,2550,,Actual,SW,Water,,,Lee,07100009,River/Stream,,40.4620485,-91.5670776
6,10560001,Des Moines River near Keokuk,07/01/2004 11:00:00,AMBIENT,14265-44-2,Orthophosphate (as P),Dissolved,,0.16,mg/l,True,0.02,,,365.1,UHL001,Actual,SW,Water,,,Lee,07100009,River/Stream,,40.4620485,-91.5670776
6,10560001,Des Moines River near Keokuk,07/01/2004 11:00:00,AMBIENT,7631-86-9,Silica,Dissolved,,18,mg/l,True,1,,,370.1,UHL001,Actual,SW,Water,,,Lee,07100009,River/Stream,,40.4620485,-91.5670776
6,10560001,Des Moines River near Keokuk,07/01/2004 11:00:00,AMBIENT,TDS,Total dissolved solids,Dissolved,,340,mg/l,True,1,,,160.1,UHL001,Actual,SW,Water,,,Lee,07100009,River/Stream,,40.4620485,-91.5670776
6,10560001,Des Moines River near Keokuk,07/01/2004 11:00:00,AMBIENT,TSS,Total suspended solids,NonFilt,,87,mg/l,True,1,,,I3765,UHL001,Actual,SW,Water,,,Lee,07100009,River/Stream,,40.4620485,-91.5670776
6,10560001,Des Moines River near Keokuk,07/01/2004 11:00:00,AMBIENT,SPEC-COND,Specific conductance,Total,,540,uS/cm,True,1,,,2510,UHL001,Actual,SW,Water,,,Lee,07100009,River/Stream,,40.4620485,-91.5670776
6,10560001,Des Moines River near Keokuk,07/01/2004 11:00:00,AMBIENT,14808-79-8,Sulfate (as SO4),Total,,34,mg/l,True,1,,,300(A),UHL001,Actual,SW,Water,,,Lee,07100009,River/Stream,,40.4620485,-91.5670776
6,10560001,Des Moines River near Keokuk,07/01/2004 11:00:00,AMBIENT,TURB,Turbidity,Total,,34,NTU,True,1,,,180.1,UHL001,Actual,SW,Water,,,Lee,07100009,River/Stream,,40.4620485,-91.5670776
6,10560001,Des Moines River near Keokuk,08/02/2004 08:45:00,AMBIENT,7782-44-7,Dissolved oxygen (DO),Total,,7.8,mg/l,True,0.1,,,4500-O-G,,Actual,SW,Water,,,Lee,07100009,River/Stream,,40.4620485,-91.5670776
6,10560001,Des Moines River near Keokuk,08/02/2004 08:45:00,AMBIENT,FLOW,Flow,Total,,13000,cfs,True,0.1,,,USGS CA8,,Actual,SW,Water,,,Lee,07100009,River/Stream,,40.4620485,-91.5670776
6,10560001,Des Moines River near Keokuk,08/02/2004 08:45:00,AMBIENT,PH,pH,Total,,8.1,None,True,,,,4500-H,,Actual,SW,Water,,,Lee,07100009,River/Stream,,40.4620485,-91.5670776
6,10560001,Des Moines River near Keokuk,08/02/2004 08:45:00,AMBIENT,TEMP-WATER,"Temperature, water",Total,,24,deg C,True,0,,,2550,,Actual,SW,Water,,,Lee,07100009,River/Stream,,40.4620485,-91.5670776
6,10560001,Des Moines River near Keokuk,08/02/2004 08:45:00,AMBIENT,1007-28-9,2-Choro-6-ethylamino-4-amino-s-triazine,Total,,0.05,ug/l,False,0.05,,,507,UHL001,Actual,SW,Water,,,Lee,07100009,River/Stream,,40.4620485,-91.5670776
6,10560001,Des Moines River near Keokuk,08/02/2004 08:45:00,AMBIENT,122-34-9,Simazine,Total,,0.05,ug/l,False,0.05,,,507,UHL001,Actual,SW,Water,,,Lee,07100009,River/Stream,,40.4620485,-91.5670776
6,10560001,Des Moines River near Keokuk,08/02/2004 08:45:00,AMBIENT,139-40-2,Propazine,Total,,0.05,ug/l,False,0.05,,,507,UHL001,Actual,SW,Water,,,Lee,07100009,River/Stream,,40.4620485,-91.5670776
6,10560001,Des Moines River near Keokuk,08/02/2004 08:45:00,AMBIENT,1582-09-8,Trifluralin,Total,,0.05,ug/l,False,0.05,,,507,UHL001,Actual,SW,Water,,,Lee,07100009,River/Stream,,40.4620485,-91.5670776
6,10560001,Des Moines River near Keokuk,08/02/2004 08:45:00,AMBIENT,15972-60-8,Alachlor,Total,,0.05,ug/l,False,0.05,,,507,UHL001,Actual,SW,Water,,,Lee,07100009,River/Stream,,40.4620485,-91.5670776
6,10560001,Des Moines River near Keokuk,08/02/2004 08:45:00,AMBIENT,1610-18-0,Prometon,Total,,0.05,ug/l,False,0.05,,,507,UHL001,Actual,SW,Water,,,Lee,07100009,River/Stream,,40.4620485,-91.5670776
6,10560001,Des Moines River near Keokuk,08/02/2004 08:45:00,AMBIENT,1912-24-9,Atrazine,Total,,0.69,ug/l,True,0.05,,,507,UHL001,Actual,SW,Water,,,Lee,07100009,River/Stream,,40.4620485,-91.5670776
6,10560001,Des Moines River near Keokuk,08/02/2004 08:45:00,AMBIENT,1918-16-7,Propachlor,Total,,0.05,ug/l,False,0.05,,,507,UHL001,Actual,SW,Water,,,Lee,07100009,River/Stream,,40.4620485,-91.5670776
6,10560001,Des Moines River near Keokuk,08/02/2004 08:45:00,AMBIENT,2008-41-5,Butylate,Total,,0.05,ug/l,False,0.05,,,507,UHL001,Actual,SW,Water,,,Lee,07100009,River/Stream,,40.4620485,-91.5670776
6,10560001,Des Moines River near Keokuk,08/02/2004 08:45:00,AMBIENT,21087-64-9,Metribuzin,Total,,0.05,ug/l,False,0.05,,,507,UHL001,Actual,SW,Water,,,Lee,07100009,River/Stream,,40.4620485,-91.5670776
6,10560001,Des Moines River near Keokuk,08/02/2004 08:45:00,AMBIENT,21725-46-2,Cyanazine,Total,,0.05,ug/l,False,0.05,,,507,UHL001,Actual,SW,Water,,,Lee,07100009,River/Stream,,40.4620485,-91.5670776
6,10560001,Des Moines River near Keokuk,08/02/2004 08:45:00,AMBIENT,34256-82-1,Acetochlor,Total,,0.05,ug/l,False,0.05,,,507,UHL001,Actual,SW,Water,,,Lee,07100009,River/Stream,,40.4620485,-91.5670776
6,10560001,Des Moines River near Keokuk,08/02/2004 08:45:00,AMBIENT,51218-45-2,Metolachlor,Total,,0.11,ug/l,True,0.05,,,507,UHL001,Actual,SW,Water,,,Lee,07100009,River/Stream,,40.4620485,-91.5670776
6,10560001,Des Moines River near Keokuk,08/02/2004 08:45:00,AMBIENT,6190-65-4,2-Chloro-4-isopropylamino-6-amino-s-triazine,Total,,0.11,ug/l,True,0.05,,,507,UHL001,Actual,SW,Water,,,Lee,07100009,River/Stream,,40.4620485,-91.5670776
6,10560001,Des Moines River near Keokuk,08/02/2004 08:45:00,AMBIENT,759-94-4,S-Ethyl dipropylthiocarbamate,Total,,0.05,ug/l,False,0.05,,,507,UHL001,Actual,SW,Water,,,Lee,07100009,River/Stream,,40.4620485,-91.5670776
6,10560001,Des Moines River near Keokuk,08/02/2004 08:45:00,AMBIENT,834-12-8,Ametryn,Total,,0.05,ug/l,False,0.05,,,507,UHL001,Actual,SW,Water,,,Lee,07100009,River/Stream,,40.4620485,-91.5670776
6,10560001,Des Moines River near Keokuk,08/02/2004 08:45:00,AMBIENT,87674-68-8,Dimethenamid,Total,,0.05,ug/l,False,0.05,,,507,UHL001,Actual,SW,Water,,,Lee,07100009,River/Stream,,40.4620485,-91.5670776
6,10560001,Des Moines River near Keokuk,08/02/2004 08:45:00,AMBIENT,CBOD-SC,"Carbonaceous biochemical oxygen demand, standard conditions",Total,,2,mg/l,False,2,,,UnknownBOD,UHL001,Actual,SW,Water,,,Lee,07100009,River/Stream,,40.4620485,-91.5670776
6,10560001,Des Moines River near Keokuk,08/02/2004 08:45:00,AMBIENT,7440-44-0,Carbon,Total,,6,mg/l,True,0.5,,,415.1,UHL001,Actual,SW,Water,,,Lee,07100009,River/Stream,,40.4620485,-91.5670776
6,10560001,Des Moines River near Keokuk,08/02/2004 08:45:00,AMBIENT,16887-00-6,Chloride,Total,,23,mg/l,True,1,,,325.3,UHL001,Actual,SW,Water,,,Lee,07100009,River/Stream,,40.4620485,-91.5670776
6,10560001,Des Moines River near Keokuk,08/02/2004 08:45:00,AMBIENT,11003-45-5,Chlorophyll c,NonFilt,,2,ug/l,True,1,,,10200-H,UHL001,Actual,SW,Water,,,Lee,07100009,River/Stream,,40.4620485,-91.5670776
6,10560001,Des Moines River near Keokuk,08/02/2004 08:45:00,AMBIENT,479-61-8,Chlorophyll a,NonFilt,,32,ug/l,True,1,,,10200-H,UHL001,Actual,SW,Water,,,Lee,07100009,River/Stream,,40.4620485,-91.5670776
6,10560001,Des Moines River near Keokuk,08/02/2004 08:45:00,AMBIENT,519-62-0,Chlorophyll b,NonFilt,,1,ug/l,False,1,,,10200-H,UHL001,Actual,SW,Water,,,Lee,07100009,River/Stream,,40.4620485,-91.5670776
6,10560001,Des Moines River near Keokuk,08/02/2004 08:45:00,AMBIENT,CLR-A-UCP,"Chlorophyll a, uncorrected for pheophytin",NonFilt,,37,ug/l,True,1,,,10200-H,UHL001,Actual,SW,Water,,,Lee,07100009,River/Stream,,40.4620485,-91.5670776
6,10560001,Des Moines River near Keokuk,08/02/2004 08:45:00,AMBIENT,68583-22-2,Escherichia coli,Total,,91,MPN/100ml,True,10,,,APHA 9222 G,UHL001,Actual,SW,Water,,,Lee,07100009,River/Stream,,40.4620485,-91.5670776
6,10560001,Des Moines River near Keokuk,08/02/2004 08:45:00,AMBIENT,HARD-CARB,"Hardness, carbonate",Total,,300,mg/l,True,1,,,Unknown,UHL001,Actual,SW,Water,,,Lee,07100009,River/Stream,,40.4620485,-91.5670776
6,10560001,Des Moines River near Keokuk,08/02/2004 08:45:00,AMBIENT,NIT-AMM,Ammonia-nitrogen (as N),Total,,0.05,mg/l,False,0.05,,,350.1,UHL001,Actual,SW,Water,,,Lee,07100009,River/Stream,,40.4620485,-91.5670776
6,10560001,Des Moines River near Keokuk,08/02/2004 08:45:00,AMBIENT,NIT-KJELD,Kjeldahl nitrogen (AS N),Total,,0.91,mg/l,True,0.05,,,Unknown,UHL001,Actual,SW,Water,,,Lee,07100009,River/Stream,,40.4620485,-91.5670776
6,10560001,Des Moines River near Keokuk,08/02/2004 08:45:00,AMBIENT,NIT-NO3-NO2,Inorganic nitrogen (nitrate and nitrite) (as N),Total,,7.9,mg/l,True,0.05,,,353.2,UHL001,Actual,SW,Water,,,Lee,07100009,River/Stream,,40.4620485,-91.5670776
6,10560001,Des Moines River near Keokuk,08/02/2004 08:45:00,AMBIENT,603-17-8,Pheophytin a,NonFilt,,6,ug/l,True,1,,,10200H(2),UHL001,Actual,SW,Water,,,Lee,07100009,River/Stream,,40.4620485,-91.5670776
6,10560001,Des Moines River near Keokuk,08/02/2004 08:45:00,AMBIENT,PHOSP-PHOSP,Phosphate-phosphorus (as P),Total,,0.24,mg/l,True,0.02,,,365.4,UHL001,Actual,SW,Water,,,Lee,07100009,River/Stream,,40.4620485,-91.5670776
6,10560001,Des Moines River near Keokuk,08/02/2004 08:45:00,AMBIENT,14265-44-2,Orthophosphate (as P),Dissolved,,0.1,mg/l,True,0.02,,,365.1,UHL001,Actual,SW,Water,,,Lee,07100009,River/Stream,,40.4620485,-91.5670776
6,10560001,Des Moines River near Keokuk,08/02/2004 08:45:00,AMBIENT,7631-86-9,Silica,Dissolved,,17,mg/l,True,1,,,370.1,UHL001,Actual,SW,Water,,,Lee,07100009,River/Stream,,40.4620485,-91.5670776
6,10560001,Des Moines River near Keokuk,09/01/2004 09:30:00,AMBIENT,NIT-NO3-NO2,Inorganic nitrogen (nitrate and nitrite) (as N),Total,,3.1,mg/l,True,0.05,,,353.2,UHL001,Actual,SW,Water,,,Lee,07100009,River/Stream,,40.4620485,-91.5670776
6,10560001,Des Moines River near Keokuk,09/01/2004 09:30:00,AMBIENT,603-17-8,Pheophytin a,NonFilt,,4,ug/l,True,1,,,10200H(2),UHL001,Actual,SW,Water,,,Lee,07100009,River/Stream,,40.4620485,-91.5670776
6,10560001,Des Moines River near Keokuk,09/01/2004 09:30:00,AMBIENT,PHOSP-PHOSP,Phosphate-phosphorus (as P),Total,,0.46,mg/l,True,0.02,,,365.4,UHL001,Actual,SW,Water,,,Lee,07100009,River/Stream,,40.4620485,-91.5670776
6,10560001,Des Moines River near Keokuk,09/01/2004 09:30:00,AMBIENT,14265-44-2,Orthophosphate (as P),Dissolved,,0.12,mg/l,True,0.02,,,365.1,UHL001,Actual,SW,Water,,,Lee,07100009,River/Stream,,40.4620485,-91.5670776
6,10560001,Des Moines River near Keokuk,09/01/2004 09:30:00,AMBIENT,7631-86-9,Silica,Dissolved,,14,mg/l,True,1,,,370.1,UHL001,Actual,SW,Water,,,Lee,07100009,River/Stream,,40.4620485,-91.5670776
6,10560001,Des Moines River near Keokuk,09/01/2004 09:30:00,AMBIENT,TDS,Total dissolved solids,Dissolved,,310,mg/l,True,1,,,160.1,UHL001,Actual,SW,Water,,,Lee,07100009,River/Stream,,40.4620485,-91.5670776
6,10560001,Des Moines River near Keokuk,09/01/2004 09:30:00,AMBIENT,TSS,Total suspended solids,NonFilt,,310,mg/l,True,1,,,I3765,UHL001,Actual,SW,Water,,,Lee,07100009,River/Stream,,40.4620485,-91.5670776
6,10560001,Des Moines River near Keokuk,09/01/2004 09:30:00,AMBIENT,SPEC-COND,Specific conductance,Total,,470,uS/cm,True,1,,,2510,UHL001,Actual,SW,Water,,,Lee,07100009,River/Stream,,40.4620485,-91.5670776
6,10560001,Des Moines River near Keokuk,09/01/2004 09:30:00,AMBIENT,14808-79-8,Sulfate (as SO4),Total,,43,mg/l,True,1,,,300(A),UHL001,Actual,SW,Water,,,Lee,07100009,River/Stream,,40.4620485,-91.5670776
6,10560001,Des Moines River near Keokuk,09/01/2004 09:30:00,AMBIENT,TURB,Turbidity,Total,,100,NTU,True,1,,,180.1,UHL001,Actual,SW,Water,,,Lee,07100009,River/Stream,,40.4620485,-91.5670776
6,10560001,Des Moines River near Keokuk,10/07/2004 09:15:00,AMBIENT,FLOW,Flow,Total,,920,cfs,True,0.1,,,USGS CA8,,Actual,SW,Water,,,Lee,07100009,River/Stream,,40.4620485,-91.5670776
6,10560001,Des Moines River near Keokuk,10/07/2004 09:15:00,AMBIENT,PH,pH,Total,,7.9,None,True,,,,4500-H,,Actual,SW,Water,,,Lee,07100009,River/Stream,,40.4620485,-91.5670776
6,10560001,Des Moines River near Keokuk,10/07/2004 09:15:00,AMBIENT,TEMP-WATER,"Temperature, water",Total,,15.1,deg C,True,0,,,2550,,Actual,SW,Water,,,Lee,07100009,River/Stream,,40.4620485,-91.5670776
6,10560001,Des Moines River near Keokuk,10/07/2004 09:15:00,AMBIENT,1007-28-9,2-Choro-6-ethylamino-4-amino-s-triazine,Total,,0.05,ug/l,False,0.05,,,507,UHL001,Actual,SW,Water,,,Lee,07100009,River/Stream,,40.4620485,-91.5670776
6,10560001,Des Moines River near Keokuk,10/07/2004 09:15:00,AMBIENT,122-34-9,Simazine,Total,,0.05,ug/l,False,0.05,,,507,UHL001,Actual,SW,Water,,,Lee,07100009,River/Stream,,40.4620485,-91.5670776
6,10560001,Des Moines River near Keokuk,10/07/2004 09:15:00,AMBIENT,139-40-2,Propazine,Total,,0.05,ug/l,False,0.05,,,507,UHL001,Actual,SW,Water,,,Lee,07100009,River/Stream,,40.4620485,-91.5670776
6,10560001,Des Moines River near Keokuk,10/07/2004 09:15:00,AMBIENT,1582-09-8,Trifluralin,Total,,0.05,ug/l,False,0.05,,,507,UHL001,Actual,SW,Water,,,Lee,07100009,River/Stream,,40.4620485,-91.5670776
6,10560001,Des Moines River near Keokuk,10/07/2004 09:15:00,AMBIENT,15972-60-8,Alachlor,Total,,0.05,ug/l,False,0.05,,,507,UHL001,Actual,SW,Water,,,Lee,07100009,River/Stream,,40.4620485,-91.5670776
6,10560001,Des Moines River near Keokuk,10/07/2004 09:15:00,AMBIENT,1610-18-0,Prometon,Total,,0.05,ug/l,False,0.05,,,507,UHL001,Actual,SW,Water,,,Lee,07100009,River/Stream,,40.4620485,-91.5670776
6,10560001,Des Moines River near Keokuk,10/07/2004 09:15:00,AMBIENT,1912-24-9,Atrazine,Total,,0.18,ug/l,True,0.05,,,507,UHL001,Actual,SW,Water,,,Lee,07100009,River/Stream,,40.4620485,-91.5670776
6,10560001,Des Moines River near Keokuk,10/07/2004 09:15:00,AMBIENT,1918-16-7,Propachlor,Total,,0.05,ug/l,False,0.05,,,507,UHL001,Actual,SW,Water,,,Lee,07100009,River/Stream,,40.4620485,-91.5670776
6,10560001,Des Moines River near Keokuk,10/07/2004 09:15:00,AMBIENT,2008-41-5,Butylate,Total,,0.05,ug/l,False,0.05,,,507,UHL001,Actual,SW,Water,,,Lee,07100009,River/Stream,,40.4620485,-91.5670776
6,10560001,Des Moines River near Keokuk,10/07/2004 09:15:00,AMBIENT,21087-64-9,Metribuzin,Total,,0.05,ug/l,False,0.05,,,507,UHL001,Actual,SW,Water,,,Lee,07100009,River/Stream,,40.4620485,-91.5670776
6,10560001,Des Moines River near Keokuk,10/07/2004 09:15:00,AMBIENT,21725-46-2,Cyanazine,Total,,0.05,ug/l,False,0.05,,,507,UHL001,Actual,SW,Water,,,Lee,07100009,River/Stream,,40.4620485,-91.5670776
6,10560001,Des Moines River near Keokuk,10/07/2004 09:15:00,AMBIENT,34256-82-1,Acetochlor,Total,,0.05,ug/l,False,0.05,,,507,UHL001,Actual,SW,Water,,,Lee,07100009,River/Stream,,40.4620485,-91.5670776
6,10560001,Des Moines River near Keokuk,10/07/2004 09:15:00,AMBIENT,51218-45-2,Metolachlor,Total,,0.05,ug/l,False,0.05,,,507,UHL001,Actual,SW,Water,,,Lee,07100009,River/Stream,,40.4620485,-91.5670776
6,10560001,Des Moines River near Keokuk,10/07/2004 09:15:00,AMBIENT,6190-65-4,2-Chloro-4-isopropylamino-6-amino-s-triazine,Total,,0.051,ug/l,True,0.05,,,507,UHL001,Actual,SW,Water,,,Lee,07100009,River/Stream,,40.4620485,-91.5670776
6,10560001,Des Moines River near Keokuk,10/07/2004 09:15:00,AMBIENT,759-94-4,S-Ethyl dipropylthiocarbamate,Total,,0.05,ug/l,False,0.05,,,507,UHL001,Actual,SW,Water,,,Lee,07100009,River/Stream,,40.4620485,-91.5670776
6,10560001,Des Moines River near Keokuk,10/07/2004 09:15:00,AMBIENT,834-12-8,Ametryn,Total,,0.05,ug/l,False,0.05,,,507,UHL001,Actual,SW,Water,,,Lee,07100009,River/Stream,,40.4620485,-91.5670776
6,10560001,Des Moines River near Keokuk,10/07/2004 09:15:00,AMBIENT,87674-68-8,Dimethenamid,Total,,0.05,ug/l,False,0.05,,,507,UHL001,Actual,SW,Water,,,Lee,07100009,River/Stream,,40.4620485,-91.5670776
6,10560001,Des Moines River near Keokuk,10/07/2004 09:15:00,AMBIENT,7440-02-0,Nickel,Total,,50,ug/l,False,50,,,200.8(W),UHL001,Actual,SW,Water,,,Lee,07100009,River/Stream,,40.4620485,-91.5670776
6,10560001,Des Moines River near Keokuk,10/07/2004 09:15:00,AMBIENT,7440-22-4,Silver,Total,,10,ug/l,False,10,,,200.8(W),UHL001,Actual,SW,Water,,,Lee,07100009,River/Stream,,40.4620485,-91.5670776
6,10560001,Des Moines River near Keokuk,10/07/2004 09:15:00,AMBIENT,7440-28-0,Thallium,Total,,0.001,mg/l,False,0.001,,,200.8(W),UHL001,Actual,SW,Water,,,Lee,07100009,River/Stream,,40.4620485,-91.5670776
6,10560001,Des Moines River near Keokuk,10/07/2004 09:15:00,AMBIENT,7440-36-0,Antimony,Total,,0.005,mg/l,False,0.005,,,200.8(W),UHL001,Actual,SW,Water,,,Lee,07100009,River/Stream,,40.4620485,-91.5670776
6,10560001,Des Moines River near Keokuk,10/07/2004 09:15:00,AMBIENT,7440-38-2,Arsenic,Total,,10,ug/l,False,10,,,200.8(W),UHL001,Actual,SW,Water,,,Lee,07100009,River/Stream,,40.4620485,-91.5670776
6,10560001,Des Moines River near Keokuk,10/07/2004 09:15:00,AMBIENT,7440-41-7,Beryllium,Total,,0.02,mg/l,False,0.02,,,200.8(W),UHL001,Actual,SW,Water,,,Lee,07100009,River/Stream,,40.4620485,-91.5670776
6,10560001,Des Moines River near Keokuk,10/07/2004 09:15:00,AMBIENT,7440-66-6,Zinc,Total,,20,ug/l,False,20,,,200.8(W),UHL001,Actual,SW,Water,,,Lee,07100009,River/Stream,,40.4620485,-91.5670776
6,10560001,Des Moines River near Keokuk,10/07/2004 09:15:00,AMBIENT,7782-49-2,Selenium,Total,,10,ug/l,False,10,,,200.8(W),UHL001,Actual,SW,Water,,,Lee,07100009,River/Stream,,40.4620485,-91.5670776
6,10560001,Des Moines River near Keokuk,10/07/2004 09:15:00,AMBIENT,CBOD-SC,"Carbonaceous biochemical oxygen demand, standard conditions",Total,,2,mg/l,False,2,,,UnknownBOD,UHL001,Actual,SW,Water,,,Lee,07100009,River/Stream,,40.4620485,-91.5670776
6,10560001,Des Moines River near Keokuk,10/07/2004 09:15:00,AMBIENT,7439-92-1,Lead,Total,,10,ug/l,False,10,,,3113-B,UHL001,Actual,SW,Water,,,Lee,07100009,River/Stream,,40.4620485,-91.5670776
6,10560001,Des Moines River near Keokuk,10/07/2004 09:15:00,AMBIENT,7440-43-9,Cadmium,Total,,1,ug/l,False,1,,,3113-B,UHL001,Actual,SW,Water,,,Lee,07100009,River/Stream,,40.4620485,-91.5670776
6,10560001,Des Moines River near Keokuk,10/07/2004 09:15:00,AMBIENT,7440-44-0,Carbon,Total,,5.1,mg/l,True,0.5,,,415.1,UHL001,Actual,SW,Water,,,Lee,07100009,River/Stream,,40.4620485,-91.5670776
6,10560001,Des Moines River near Keokuk,10/07/2004 09:15:00,AMBIENT,16887-00-6,Chloride,Total,,32,mg/l,True,1,,,325.3,UHL001,Actual,SW,Water,,,Lee,07100009,River/Stream,,40.4620485,-91.5670776
6,10560001,Des Moines River near Keokuk,10/07/2004 09:15:00,AMBIENT,11003-45-5,Chlorophyll c,NonFilt,,3,ug/l,True,1,,,10200-H,UHL001,Actual,SW,Water,,,Lee,07100009,River/Stream,,40.4620485,-91.5670776
6,10560001,Des Moines River near Keokuk,10/07/2004 09:15:00,AMBIENT,479-61-8,Chlorophyll a,NonFilt,,33,ug/l,True,1,,,10200-H,UHL001,Actual,SW,Water,,,Lee,07100009,River/Stream,,40.4620485,-91.5670776
6,10560001,Des Moines River near Keokuk,10/07/2004 09:15:00,AMBIENT,519-62-0,Chlorophyll b,NonFilt,,1,ug/l,False,1,,,10200-H,UHL001,Actual,SW,Water,,,Lee,07100009,River/Stream,,40.4620485,-91.5670776
6,10560001,Des Moines River near Keokuk,10/07/2004 09:15:00,AMBIENT,CLR-A-UCP,"Chlorophyll a, uncorrected for pheophytin",NonFilt,,35,ug/l,True,1,,,10200-H,UHL001,Actual,SW,Water,,,Lee,07100009,River/Stream,,40.4620485,-91.5670776
6,10560001,Des Moines River near Keokuk,10/07/2004 09:15:00,AMBIENT,7440-47-3,Chromium,Total,,20,ug/l,False,20,,,200.7(W),UHL001,Actual,SW,Water,,,Lee,07100009,River/Stream,,40.4620485,-91.5670776
6,10560001,Des Moines River near Keokuk,10/07/2004 09:15:00,AMBIENT,7440-50-8,Copper,Total,,10,ug/l,False,10,,,200.7(W),UHL001,Actual,SW,Water,,,Lee,07100009,River/Stream,,40.4620485,-91.5670776
6,10560001,Des Moines River near Keokuk,10/07/2004 09:15:00,AMBIENT,57-12-5,Cyanide,Total,,0.01,mg/l,False,0.01,,,335.2,UHL001,Actual,SW,Water,,,Lee,07100009,River/Stream,,40.4620485,-91.5670776
6,10560001,Des Moines River near Keokuk,10/07/2004 09:15:00,AMBIENT,68583-22-2,Escherichia coli,Total,,30,MPN/100ml,True,10,,,APHA 9222 G,UHL001,Actual,SW,Water,,,Lee,07100009,River/Stream,,40.4620485,-91.5670776
6,10560001,Des Moines River near Keokuk,10/07/2004 09:15:00,AMBIENT,HARD-CARB,"Hardness, carbonate",Total,,270,mg/l,True,1,,,Unknown,UHL001,Actual,SW,Water,,,Lee,07100009,River/Stream,,40.4620485,-91.5670776
6,10560001,Des Moines River near Keokuk,10/07/2004 09:15:00,AMBIENT,7439-97-6,Mercury,Total,,5E-05,mg/l,False,0.00005,,,245.1,UHL001,Actual,SW,Water,,,Lee,07100009,River/Stream,,40.4620485,-91.5670776
6,10560001,Des Moines River near Keokuk,10/07/2004 09:15:00,AMBIENT,NIT-AMM,Ammonia-nitrogen (as N),Total,,0.05,mg/l,False,0.05,,,350.1,UHL001,Actual,SW,Water,,,Lee,07100009,River/Stream,,40.4620485,-91.5670776
6,10560001,Des Moines River near Keokuk,10/07/2004 09:15:00,AMBIENT,NIT-KJELD,Kjeldahl nitrogen (AS N),Total,,0.66,mg/l,True,0.05,,,Unknown,UHL001,Actual,SW,Water,,,Lee,07100009,River/Stream,,40.4620485,-91.5670776
6,10560001,Des Moines River near Keokuk,10/07/2004 09:15:00,AMBIENT,NIT-NO3-NO2,Inorganic nitrogen (nitrate and nitrite) (as N),Total,,2.5,mg/l,True,0.05,,,353.2,UHL001,Actual,SW,Water,,,Lee,07100009,River/Stream,,40.4620485,-91.5670776
6,10560001,Des Moines River near Keokuk,10/07/2004 09:15:00,AMBIENT,603-17-8,Pheophytin a,NonFilt,,2,ug/l,True,1,,,10200H(2),UHL001,Actual,SW,Water,,,Lee,07100009,River/Stream,,40.4620485,-91.5670776
6,10560001,Des Moines River near Keokuk,10/07/2004 09:15:00,AMBIENT,PHOSP-PHOSP,Phosphate-phosphorus (as P),Total,,0.18,mg/l,True,0.02,,,365.4,UHL001,Actual,SW,Water,,,Lee,07100009,River/Stream,,40.4620485,-91.5670776
6,10560001,Des Moines River near Keokuk,11/11/2004 12:15:00,AMBIENT,NIT-KJELD,Kjeldahl nitrogen (AS N),Total,,0.68,mg/l,True,0.05,,,Unknown,UHL001,Actual,SW,Water,,,Lee,07100009,River/Stream,,40.4620485,-91.5670776
6,10560001,Des Moines River near Keokuk,11/11/2004 12:15:00,AMBIENT,NIT-NO3-NO2,Inorganic nitrogen (nitrate and nitrite) (as N),Total,,3.2,mg/l,True,0.05,,,353.2,UHL001,Actual,SW,Water,,,Lee,07100009,River/Stream,,40.4620485,-91.5670776
6,10560001,Des Moines River near Keokuk,11/11/2004 12:15:00,AMBIENT,603-17-8,Pheophytin a,NonFilt,,2,ug/l,True,1,,,10200H(2),UHL001,Actual,SW,Water,,,Lee,07100009,River/Stream,,40.4620485,-91.5670776
6,10560001,Des Moines River near Keokuk,11/11/2004 12:15:00,AMBIENT,PHOSP-PHOSP,Phosphate-phosphorus (as P),Total,,0.19,mg/l,True,0.05,,,365.4,UHL001,Actual,SW,Water,,,Lee,07100009,River/Stream,,40.4620485,-91.5670776
6,10560001,Des Moines River near Keokuk,11/11/2004 12:15:00,AMBIENT,14265-44-2,Orthophosphate (as P),Dissolved,,0.17,mg/l,True,0.02,,,365.1,UHL001,Actual,SW,Water,,,Lee,07100009,River/Stream,,40.4620485,-91.5670776
6,10560001,Des Moines River near Keokuk,11/11/2004 12:15:00,AMBIENT,7631-86-9,Silica,Dissolved,,15,mg/l,True,1,,,370.1,UHL001,Actual,SW,Water,,,Lee,07100009,River/Stream,,40.4620485,-91.5670776
6,10560001,Des Moines River near Keokuk,11/11/2004 12:15:00,AMBIENT,TDS,Total dissolved solids,Dissolved,,410,mg/l,True,1,,,160.1,UHL001,Actual,SW,Water,,,Lee,07100009,River/Stream,,40.4620485,-91.5670776
6,10560001,Des Moines River near Keokuk,11/11/2004 12:15:00,AMBIENT,TSS,Total suspended solids,NonFilt,,23,mg/l,True,1,,,I3765,UHL001,Actual,SW,Water,,,Lee,07100009,River/Stream,,40.4620485,-91.5670776
6,10560001,Des Moines River near Keokuk,11/11/2004 12:15:00,AMBIENT,SPEC-COND,Specific conductance,Total,,620,uS/cm,True,1,,,2510,UHL001,Actual,SW,Water,,,Lee,07100009,River/Stream,,40.4620485,-91.5670776
6,10560001,Des Moines River near Keokuk,11/11/2004 12:15:00,AMBIENT,14808-79-8,Sulfate (as SO4),Total,,70,mg/l,True,1,,,300(A),UHL001,Actual,SW,Water,,,Lee,07100009,River/Stream,,40.4620485,-91.5670776
6,10560001,Des Moines River near Keokuk,11/11/2004 12:15:00,AMBIENT,TURB,Turbidity,Total,,16,NTU,True,1,,,180.1,UHL001,Actual,SW,Water,,,Lee,07100009,River/Stream,,40.4620485,-91.5670776
6,10560001,Des Moines River near Keokuk,12/09/2004 09:35:00,AMBIENT,FLOW,Flow,Total,,4600,cfs,True,0.1,,,USGS CA8,,Actual,SW,Water,,,Lee,07100009,River/Stream,,40.4620485,-91.5670776
6,10560001,Des Moines River near Keokuk,12/09/2004 09:35:00,AMBIENT,PH,pH,Total,,8.3,None,True,,,,4500-H,,Actual,SW,Water,,,Lee,07100009,River/Stream,,40.4620485,-91.5670776
6,10560001,Des Moines River near Keokuk,12/09/2004 09:35:00,AMBIENT,TEMP-WATER,"Temperature, water",Total,,7.5,deg C,True,0,,,2550,,Actual,SW,Water,,,Lee,07100009,River/Stream,,40.4620485,-91.5670776
6,10560001,Des Moines River near Keokuk,01/10/2005 12:10:00,AMBIENT,7440-02-0,Nickel,Total,,50,ug/l,False,50,,,200.8(W),UHL001,Actual,SW,Water,,,Lee,07100009,River/Stream,,40.4620485,-91.5670776
6,10560001,Des Moines River near Keokuk,01/10/2005 12:10:00,AMBIENT,7440-22-4,Silver,Total,,10,ug/l,False,10,,,200.8(W),UHL001,Actual,SW,Water,,,Lee,07100009,River/Stream,,40.4620485,-91.5670776
6,10560001,Des Moines River near Keokuk,01/10/2005 12:10:00,AMBIENT,7440-28-0,Thallium,Total,,0.001,mg/l,False,0.001,,,200.8(W),UHL001,Actual,SW,Water,,,Lee,07100009,River/Stream,,40.4620485,-91.5670776
6,10560001,Des Moines River near Keokuk,01/10/2005 12:10:00,AMBIENT,7440-36-0,Antimony,Total,,0.005,mg/l,False,0.005,,,200.8(W),UHL001,Actual,SW,Water,,,Lee,07100009,River/Stream,,40.4620485,-91.5670776
6,10560001,Des Moines River near Keokuk,01/10/2005 12:10:00,AMBIENT,7440-38-2,Arsenic,Total,,10,ug/l,False,10,,,200.8(W),UHL001,Actual,SW,Water,,,Lee,07100009,River/Stream,,40.4620485,-91.5670776
6,10560001,Des Moines River near Keokuk,01/10/2005 12:10:00,AMBIENT,7440-41-7,Beryllium,Total,,0.02,mg/l,False,0.02,,,200.8(W),UHL001,Actual,SW,Water,,,Lee,07100009,River/Stream,,40.4620485,-91.5670776
6,10560001,Des Moines River near Keokuk,01/10/2005 12:10:00,AMBIENT,7440-66-6,Zinc,Total,,20,ug/l,False,20,,,200.8(W),UHL001,Actual,SW,Water,,,Lee,07100009,River/Stream,,40.4620485,-91.5670776
6,10560001,Des Moines River near Keokuk,01/10/2005 12:10:00,AMBIENT,7782-49-2,Selenium,Total,,10,ug/l,False,10,,,200.8(W),UHL001,Actual,SW,Water,,,Lee,07100009,River/Stream,,40.4620485,-91.5670776
6,10560001,Des Moines River near Keokuk,01/10/2005 12:10:00,AMBIENT,CBOD-SC,"Carbonaceous biochemical oxygen demand, standard conditions",Total,,3,mg/l,True,2,,,UnknownBOD,UHL001,Actual,SW,Water,,,Lee,07100009,River/Stream,,40.4620485,-91.5670776
6,10560001,Des Moines River near Keokuk,01/10/2005 12:10:00,AMBIENT,7439-92-1,Lead,Total,,10,ug/l,False,10,,,3113-B,UHL001,Actual,SW,Water,,,Lee,07100009,River/Stream,,40.4620485,-91.5670776
6,10560001,Des Moines River near Keokuk,01/10/2005 12:10:00,AMBIENT,7440-43-9,Cadmium,Total,,1,ug/l,False,1,,,3113-B,UHL001,Actual,SW,Water,,,Lee,07100009,River/Stream,,40.4620485,-91.5670776
6,10560001,Des Moines River near Keokuk,01/10/2005 12:10:00,AMBIENT,7440-44-0,Carbon,Total,,6.7,mg/l,True,0.5,,,415.1,UHL001,Actual,SW,Water,,,Lee,07100009,River/Stream,,40.4620485,-91.5670776
6,10560001,Des Moines River near Keokuk,01/10/2005 12:10:00,AMBIENT,16887-00-6,Chloride,Total,,34,mg/l,True,1,,,325.3,UHL001,Actual,SW,Water,,,Lee,07100009,River/Stream,,40.4620485,-91.5670776
6,10560001,Des Moines River near Keokuk,01/10/2005 12:10:00,AMBIENT,11003-45-5,Chlorophyll c,NonFilt,,9,ug/l,True,1,,,10200-H,UHL001,Actual,SW,Water,,,Lee,07100009,River/Stream,,40.4620485,-91.5670776
6,10560001,Des Moines River near Keokuk,01/10/2005 12:10:00,AMBIENT,479-61-8,Chlorophyll a,NonFilt,,68,ug/l,True,1,,,10200-H,UHL001,Actual,SW,Water,,,Lee,07100009,River/Stream,,40.4620485,-91.5670776
6,10560001,Des Moines River near Keokuk,01/10/2005 12:10:00,AMBIENT,519-62-0,Chlorophyll b,NonFilt,,1,ug/l,False,1,,,10200-H,UHL001,Actual,SW,Water,,,Lee,07100009,River/Stream,,40.4620485,-91.5670776
6,10560001,Des Moines River near Keokuk,01/10/2005 12:10:00,AMBIENT,CLR-A-UCP,"Chlorophyll a, uncorrected for pheophytin",NonFilt,,72,ug/l,True,1,,,10200-H,UHL001,Actual,SW,Water,,,Lee,07100009,River/Stream,,40.4620485,-91.5670776
6,10560001,Des Moines River near Keokuk,01/10/2005 12:10:00,AMBIENT,7440-47-3,Chromium,Total,,20,ug/l,False,20,,,200.7(W),UHL001,Actual,SW,Water,,,Lee,07100009,River/Stream,,40.4620485,-91.5670776
6,10560001,Des Moines River near Keokuk,01/10/2005 12:10:00,AMBIENT,7440-50-8,Copper,Total,,10,ug/l,False,10,,,200.7(W),UHL001,Actual,SW,Water,,,Lee,07100009,River/Stream,,40.4620485,-91.5670776
6,10560001,Des Moines River near Keokuk,01/10/2005 12:10:00,AMBIENT,57-12-5,Cyanide,Total,,0.01,mg/l,False,0.01,,,335.2,UHL001,Actual,SW,Water,,,Lee,07100009,River/Stream,,40.4620485,-91.5670776
6,10560001,Des Moines River near Keokuk,01/10/2005 12:10:00,AMBIENT,68583-22-2,Escherichia coli,Total,,10,MPN/100ml,False,10,,,APHA 9222 G,UHL001,Actual,SW,Water,,,Lee,07100009,River/Stream,,40.4620485,-91.5670776
6,10560001,Des Moines River near Keokuk,01/10/2005 12:10:00,AMBIENT,HARD-CARB,"Hardness, carbonate",Total,,330,mg/l,True,1,,,Unknown,UHL001,Actual,SW,Water,,,Lee,07100009,River/Stream,,40.4620485,-91.5670776
6,10560001,Des Moines River near Keokuk,01/10/2005 12:10:00,AMBIENT,7439-97-6,Mercury,Total,,5E-05,mg/l,False,0.00005,,,245.1,UHL001,Actual,SW,Water,,,Lee,07100009,River/Stream,,40.4620485,-91.5670776
6,10560001,Des Moines River near Keokuk,01/10/2005 12:10:00,AMBIENT,NIT-AMM,Ammonia-nitrogen (as N),Total,,0.05,mg/l,False,0.05,,,350.1,UHL001,Actual,SW,Water,,,Lee,07100009,River/Stream,,40.4620485,-91.5670776
6,10560001,Des Moines River near Keokuk,01/10/2005 12:10:00,AMBIENT,NIT-KJELD,Kjeldahl nitrogen (AS N),Total,,0.91,mg/l,True,0.05,,,Unknown,UHL001,Actual,SW,Water,,,Lee,07100009,River/Stream,,40.4620485,-91.5670776
6,10560001,Des Moines River near Keokuk,01/10/2005 12:10:00,AMBIENT,NIT-NO3-NO2,Inorganic nitrogen (nitrate and nitrite) (as N),Total,,3.9,mg/l,True,0.05,,,353.2,UHL001,Actual,SW,Water,,,Lee,07100009,River/Stream,,40.4620485,-91.5670776
6,10560001,Des Moines River near Keokuk,01/10/2005 12:10:00,AMBIENT,603-17-8,Pheophytin a,NonFilt,,2,ug/l,True,1,,,10200H(2),UHL001,Actual,SW,Water,,,Lee,07100009,River/Stream,,40.4620485,-91.5670776
6,10560001,Des Moines River near Keokuk,01/10/2005 12:10:00,AMBIENT,PHOSP-PHOSP,Phosphate-phosphorus (as P),Total,,0.24,mg/l,True,0.02,,,365.4,UHL001,Actual,SW,Water,,,Lee,07100009,River/Stream,,40.4620485,-91.5670776
6,10560001,Des Moines River near Keokuk,01/10/2005 12:10:00,AMBIENT,14265-44-2,Orthophosphate (as P),Dissolved,,0.12,mg/l,True,0.02,,,365.1,UHL001,Actual,SW,Water,,,Lee,07100009,River/Stream,,40.4620485,-91.5670776
6,10560001,Des Moines River near Keokuk,01/10/2005 12:10:00,AMBIENT,7631-86-9,Silica,Dissolved,,11,mg/l,True,1,,,370.1,UHL001,Actual,SW,Water,,,Lee,07100009,River/Stream,,40.4620485,-91.5670776
6,10560001,Des Moines River near Keokuk,01/10/2005 12:10:00,AMBIENT,TDS,Total dissolved solids,Dissolved,,430,mg/l,True,1,,,160.1,UHL001,Actual,SW,Water,,,Lee,07100009,River/Stream,,40.4620485,-91.5670776
6,10560001,Des Moines River near Keokuk,01/10/2005 12:10:00,AMBIENT,TSS,Total suspended solids,NonFilt,,17,mg/l,True,1,,,I3765,UHL001,Actual,SW,Water,,,Lee,07100009,River/Stream,,40.4620485,-91.5670776
6,10560001,Des Moines River near Keokuk,02/03/2005 11:45:00,AMBIENT,PH,pH,Total,,8.4,None,True,,,,4500-H,,Actual,SW,Water,,,Lee,07100009,River/Stream,,40.4620485,-91.5670776
6,10560001,Des Moines River near Keokuk,02/03/2005 11:45:00,AMBIENT,TEMP-WATER,"Temperature, water",Total,,0.7,deg C,True,0,,,2550,,Actual,SW,Water,,,Lee,07100009,River/Stream,,40.4620485,-91.5670776
6,10560001,Des Moines River near Keokuk,02/03/2005 11:45:00,AMBIENT,1007-28-9,2-Choro-6-ethylamino-4-amino-s-triazine,Total,,0.05,ug/l,False,0.05,,,507,UHL001,Actual,SW,Water,,,Lee,07100009,River/Stream,,40.4620485,-91.5670776
6,10560001,Des Moines River near Keokuk,02/03/2005 11:45:00,AMBIENT,122-34-9,Simazine,Total,,0.05,ug/l,False,0.05,,,507,UHL001,Actual,SW,Water,,,Lee,07100009,River/Stream,,40.4620485,-91.5670776
6,10560001,Des Moines River near Keokuk,02/03/2005 11:45:00,AMBIENT,139-40-2,Propazine,Total,,0.05,ug/l,False,0.05,,,507,UHL001,Actual,SW,Water,,,Lee,07100009,River/Stream,,40.4620485,-91.5670776
6,10560001,Des Moines River near Keokuk,02/03/2005 11:45:00,AMBIENT,1582-09-8,Trifluralin,Total,,0.05,ug/l,False,0.05,,,507,UHL001,Actual,SW,Water,,,Lee,07100009,River/Stream,,40.4620485,-91.5670776
6,10560001,Des Moines River near Keokuk,02/03/2005 11:45:00,AMBIENT,15972-60-8,Alachlor,Total,,0.05,ug/l,False,0.05,,,507,UHL001,Actual,SW,Water,,,Lee,07100009,River/Stream,,40.4620485,-91.5670776
6,10560001,Des Moines River near Keokuk,02/03/2005 11:45:00,AMBIENT,1610-18-0,Prometon,Total,,0.05,ug/l,False,0.05,,,507,UHL001,Actual,SW,Water,,,Lee,07100009,River/Stream,,40.4620485,-91.5670776
6,10560001,Des Moines River near Keokuk,02/03/2005 11:45:00,AMBIENT,1912-24-9,Atrazine,Total,,0.05,ug/l,True,0.05,,,507,UHL001,Actual,SW,Water,,,Lee,07100009,River/Stream,,40.4620485,-91.5670776
6,10560001,Des Moines River near Keokuk,02/03/2005 11:45:00,AMBIENT,1918-16-7,Propachlor,Total,,0.05,ug/l,False,0.05,,,507,UHL001,Actual,SW,Water,,,Lee,07100009,River/Stream,,40.4620485,-91.5670776
6,10560001,Des Moines River near Keokuk,02/03/2005 11:45:00,AMBIENT,2008-41-5,Butylate,Total,,0.05,ug/l,False,0.05,,,507,UHL001,Actual,SW,Water,,,Lee,07100009,River/Stream,,40.4620485,-91.5670776
6,10560001,Des Moines River near Keokuk,02/03/2005 11:45:00,AMBIENT,21087-64-9,Metribuzin,Total,,0.05,ug/l,False,0.05,,,507,UHL001,Actual,SW,Water,,,Lee,07100009,River/Stream,,40.4620485,-91.5670776
6,10560001,Des Moines River near Keokuk,02/03/2005 11:45:00,AMBIENT,21725-46-2,Cyanazine,Total,,0.05,ug/l,False,0.05,,,507,UHL001,Actual,SW,Water,,,Lee,07100009,River/Stream,,40.4620485,-91.5670776
6,10560001,Des Moines River near Keokuk,02/03/2005 11:45:00,AMBIENT,34256-82-1,Acetochlor,Total,,0.05,ug/l,False,0.05,,,507,UHL001,Actual,SW,Water,,,Lee,07100009,River/Stream,,40.4620485,-91.5670776
6,10560001,Des Moines River near Keokuk,02/03/2005 11:45:00,AMBIENT,51218-45-2,Metolachlor,Total,,0.05,ug/l,False,0.05,,,507,UHL001,Actual,SW,Water,,,Lee,07100009,River/Stream,,40.4620485,-91.5670776
6,10560001,Des Moines River near Keokuk,02/03/2005 11:45:00,AMBIENT,6190-65-4,2-Chloro-4-isopropylamino-6-amino-s-triazine,Total,,0.05,ug/l,False,0.05,,,507,UHL001,Actual,SW,Water,,,Lee,07100009,River/Stream,,40.4620485,-91.5670776
6,10560001,Des Moines River near Keokuk,02/03/2005 11:45:00,AMBIENT,759-94-4,S-Ethyl dipropylthiocarbamate,Total,,0.05,ug/l,False,0.05,,,507,UHL001,Actual,SW,Water,,,Lee,07100009,River/Stream,,40.4620485,-91.5670776
6,10560001,Des Moines River near Keokuk,02/03/2005 11:45:00,AMBIENT,834-12-8,Ametryn,Total,,0.05,ug/l,False,0.05,,,507,UHL001,Actual,SW,Water,,,Lee,07100009,River/Stream,,40.4620485,-91.5670776
6,10560001,Des Moines River near Keokuk,02/03/2005 11:45:00,AMBIENT,87674-68-8,Dimethenamid,Total,,0.05,ug/l,False,0.05,,,507,UHL001,Actual,SW,Water,,,Lee,07100009,River/Stream,,40.4620485,-91.5670776
6,10560001,Des Moines River near Keokuk,02/03/2005 11:45:00,AMBIENT,CBOD-SC,"Carbonaceous biochemical oxygen demand, standard conditions",Total,,2,mg/l,False,2,,,UnknownBOD,UHL001,Actual,SW,Water,,,Lee,07100009,River/Stream,,40.4620485,-91.5670776
6,10560001,Des Moines River near Keokuk,02/03/2005 11:45:00,AMBIENT,7440-44-0,Carbon,Total,,5.5,mg/l,True,0.5,,,415.1,UHL001,Actual,SW,Water,,,Lee,07100009,River/Stream,,40.4620485,-91.5670776
6,10560001,Des Moines River near Keokuk,02/03/2005 11:45:00,AMBIENT,16887-00-6,Chloride,Total,,40,mg/l,True,1,,,325.3,UHL001,Actual,SW,Water,,,Lee,07100009,River/Stream,,40.4620485,-91.5670776
6,10560001,Des Moines River near Keokuk,02/03/2005 11:45:00,AMBIENT,11003-45-5,Chlorophyll c,NonFilt,,2,ug/l,True,1,,,10200-H,UHL001,Actual,SW,Water,,,Lee,07100009,River/Stream,,40.4620485,-91.5670776
6,10560001,Des Moines River near Keokuk,02/03/2005 11:45:00,AMBIENT,479-61-8,Chlorophyll a,NonFilt,,16,ug/l,True,1,,,10200-H,UHL001,Actual,SW,Water,,,Lee,07100009,River/Stream,,40.4620485,-91.5670776
6,10560001,Des Moines River near Keokuk,02/03/2005 11:45:00,AMBIENT,519-62-0,Chlorophyll b,NonFilt,,1,ug/l,False,1,,,10200-H,UHL001,Actual,SW,Water,,,Lee,07100009,River/Stream,,40.4620485,-91.5670776
6,10560001,Des Moines River near Keokuk,02/03/2005 11:45:00,AMBIENT,CLR-A-UCP,"Chlorophyll a, uncorrected for pheophytin",NonFilt,,17,ug/l,True,1,,,10200-H,UHL001,Actual,SW,Water,,,Lee,07100009,River/Stream,,40.4620485,-91.5670776
6,10560001,Des Moines River near Keokuk,02/03/2005 11:45:00,AMBIENT,68583-22-2,Escherichia coli,Total,,10,MPN/100ml,False,10,,,APHA 9222 G,UHL001,Actual,SW,Water,,,Lee,07100009,River/Stream,,40.4620485,-91.5670776
6,10560001,Des Moines River near Keokuk,02/03/2005 11:45:00,AMBIENT,HARD-CARB,"Hardness, carbonate",Total,,330,mg/l,True,1,,,Unknown,UHL001,Actual,SW,Water,,,Lee,07100009,River/Stream,,40.4620485,-91.5670776
6,10560001,Des Moines River near Keokuk,02/03/2005 11:45:00,AMBIENT,NIT-AMM,Ammonia-nitrogen (as N),Total,,0.05,mg/l,False,0.05,,,350.1,UHL001,Actual,SW,Water,,,Lee,07100009,River/Stream,,40.4620485,-91.5670776
6,10560001,Des Moines River near Keokuk,02/03/2005 11:45:00,AMBIENT,NIT-KJELD,Kjeldahl nitrogen (AS N),Total,,1,mg/l,True,0.05,,,Unknown,UHL001,Actual,SW,Water,,,Lee,07100009,River/Stream,,40.4620485,-91.5670776
6,10560001,Des Moines River near Keokuk,02/03/2005 11:45:00,AMBIENT,NIT-NO3-NO2,Inorganic nitrogen (nitrate and nitrite) (as N),Total,,4.5,mg/l,True,0.05,,,353.2,UHL001,Actual,SW,Water,,,Lee,07100009,River/Stream,,40.4620485,-91.5670776
6,10560001,Des Moines River near Keokuk,02/03/2005 11:45:00,AMBIENT,603-17-8,Pheophytin a,NonFilt,,2,ug/l,True,1,,,10200H(2),UHL001,Actual,SW,Water,,,Lee,07100009,River/Stream,,40.4620485,-91.5670776
6,10560001,Des Moines River near Keokuk,02/03/2005 11:45:00,AMBIENT,PHOSP-PHOSP,Phosphate-phosphorus (as P),Total,,0.26,mg/l,True,0.02,,,365.4,UHL001,Actual,SW,Water,,,Lee,07100009,River/Stream,,40.4620485,-91.5670776
6,10560001,Des Moines River near Keokuk,02/03/2005 11:45:00,AMBIENT,14265-44-2,Orthophosphate (as P),Dissolved,,0.18,mg/l,True,0.02,,,365.1,UHL001,Actual,SW,Water,,,Lee,07100009,River/Stream,,40.4620485,-91.5670776
6,10560001,Des Moines River near Keokuk,02/03/2005 11:45:00,AMBIENT,7631-86-9,Silica,Dissolved,,10,mg/l,True,1,,,370.1,UHL001,Actual,SW,Water,,,Lee,07100009,River/Stream,,40.4620485,-91.5670776
6,10560001,Des Moines River near Keokuk,02/03/2005 11:45:00,AMBIENT,TDS,Total dissolved solids,Dissolved,,440,mg/l,True,1,,,160.1,UHL001,Actual,SW,Water,,,Lee,07100009,River/Stream,,40.4620485,-91.5670776
6,10560001,Des Moines River near Keokuk,02/03/2005 11:45:00,AMBIENT,TSS,Total suspended solids,NonFilt,,24,mg/l,True,1,,,I3765,UHL001,Actual,SW,Water,,,Lee,07100009,River/Stream,,40.4620485,-91.5670776
6,10560001,Des Moines River near Keokuk,02/03/2005 11:45:00,AMBIENT,SPEC-COND,Specific conductance,Total,,760,uS/cm,True,1,,,2510,UHL001,Actual,SW,Water,,,Lee,07100009,River/Stream,,40.4620485,-91.5670776
6,10560001,Des Moines River near Keokuk,02/03/2005 11:45:00,AMBIENT,14808-79-8,Sulfate (as SO4),Total,,86,mg/l,True,1,,,300(A),UHL001,Actual,SW,Water,,,Lee,07100009,River/Stream,,40.4620485,-91.5670776
6,10560001,Des Moines River near Keokuk,03/03/2005 09:15:00,AMBIENT,PH,pH,Total,,8.4,None,True,,,,4500-H,,Actual,SW,Water,,,Lee,07100009,River/Stream,,40.4620485,-91.5670776
6,10560001,Des Moines River near Keokuk,03/03/2005 09:15:00,AMBIENT,TEMP-WATER,"Temperature, water",Total,,3.3,deg C,True,0,,,2550,,Actual,SW,Water,,,Lee,07100009,River/Stream,,40.4620485,-91.5670776
6,10560001,Des Moines River near Keokuk,03/03/2005 09:15:00,AMBIENT,1007-28-9,2-Choro-6-ethylamino-4-amino-s-triazine,Total,,0.05,ug/l,False,0.05,,,507,UHL001,Actual,SW,Water,,,Lee,07100009,River/Stream,,40.4620485,-91.5670776
6,10560001,Des Moines River near Keokuk,03/03/2005 09:15:00,AMBIENT,122-34-9,Simazine,Total,,0.05,ug/l,False,0.05,,,507,UHL001,Actual,SW,Water,,,Lee,07100009,River/Stream,,40.4620485,-91.5670776
6,10560001,Des Moines River near Keokuk,03/03/2005 09:15:00,AMBIENT,139-40-2,Propazine,Total,,0.05,ug/l,False,0.05,,,507,UHL001,Actual,SW,Water,,,Lee,07100009,River/Stream,,40.4620485,-91.5670776
6,10560001,Des Moines River near Keokuk,03/03/2005 09:15:00,AMBIENT,1582-09-8,Trifluralin,Total,,0.05,ug/l,False,0.05,,,507,UHL001,Actual,SW,Water,,,Lee,07100009,River/Stream,,40.4620485,-91.5670776
6,10560001,Des Moines River near Keokuk,03/03/2005 09:15:00,AMBIENT,15972-60-8,Alachlor,Total,,0.05,ug/l,False,0.05,,,507,UHL001,Actual,SW,Water,,,Lee,07100009,River/Stream,,40.4620485,-91.5670776
6,10560001,Des Moines River near Keokuk,03/03/2005 09:15:00,AMBIENT,1610-18-0,Prometon,Total,,0.05,ug/l,False,0.05,,,507,UHL001,Actual,SW,Water,,,Lee,07100009,River/Stream,,40.4620485,-91.5670776
6,10560001,Des Moines River near Keokuk,03/03/2005 09:15:00,AMBIENT,1912-24-9,Atrazine,Total,,0.05,ug/l,True,0.05,,,507,UHL001,Actual,SW,Water,,,Lee,07100009,River/Stream,,40.4620485,-91.5670776
6,10560001,Des Moines River near Keokuk,03/03/2005 09:15:00,AMBIENT,1918-16-7,Propachlor,Total,,0.05,ug/l,False,0.05,,,507,UHL001,Actual,SW,Water,,,Lee,07100009,River/Stream,,40.4620485,-91.5670776
6,10560001,Des Moines River near Keokuk,03/03/2005 09:15:00,AMBIENT,2008-41-5,Butylate,Total,,0.05,ug/l,False,0.05,,,507,UHL001,Actual,SW,Water,,,Lee,07100009,River/Stream,,40.4620485,-91.5670776
6,10560001,Des Moines River near Keokuk,03/03/2005 09:15:00,AMBIENT,21087-64-9,Metribuzin,Total,,0.05,ug/l,False,0.05,,,507,UHL001,Actual,SW,Water,,,Lee,07100009,River/Stream,,40.4620485,-91.5670776
6,10560001,Des Moines River near Keokuk,03/03/2005 09:15:00,AMBIENT,21725-46-2,Cyanazine,Total,,0.05,ug/l,False,0.05,,,507,UHL001,Actual,SW,Water,,,Lee,07100009,River/Stream,,40.4620485,-91.5670776
6,10560001,Des Moines River near Keokuk,03/03/2005 09:15:00,AMBIENT,34256-82-1,Acetochlor,Total,,0.05,ug/l,False,0.05,,,507,UHL001,Actual,SW,Water,,,Lee,07100009,River/Stream,,40.4620485,-91.5670776
6,10560001,Des Moines River near Keokuk,03/03/2005 09:15:00,AMBIENT,51218-45-2,Metolachlor,Total,,0.75,ug/l,True,0.05,,,507,UHL001,Actual,SW,Water,,,Lee,07100009,River/Stream,,40.4620485,-91.5670776
6,10560001,Des Moines River near Keokuk,03/03/2005 09:15:00,AMBIENT,6190-65-4,2-Chloro-4-isopropylamino-6-amino-s-triazine,Total,,0.05,ug/l,False,0.05,,,507,UHL001,Actual,SW,Water,,,Lee,07100009,River/Stream,,40.4620485,-91.5670776
6,10560001,Des Moines River near Keokuk,03/03/2005 09:15:00,AMBIENT,759-94-4,S-Ethyl dipropylthiocarbamate,Total,,0.05,ug/l,False,0.05,,,507,UHL001,Actual,SW,Water,,,Lee,07100009,River/Stream,,40.4620485,-91.5670776
6,10560001,Des Moines River near Keokuk,03/03/2005 09:15:00,AMBIENT,834-12-8,Ametryn,Total,,0.05,ug/l,False,0.05,,,507,UHL001,Actual,SW,Water,,,Lee,07100009,River/Stream,,40.4620485,-91.5670776
6,10560001,Des Moines River near Keokuk,03/03/2005 09:15:00,AMBIENT,87674-68-8,Dimethenamid,Total,,0.05,ug/l,False,0.05,,,507,UHL001,Actual,SW,Water,,,Lee,07100009,River/Stream,,40.4620485,-91.5670776
6,10560001,Des Moines River near Keokuk,03/03/2005 09:15:00,AMBIENT,CBOD-SC,"Carbonaceous biochemical oxygen demand, standard conditions",Total,,2,mg/l,False,2,,,UnknownBOD,UHL001,Actual,SW,Water,,,Lee,07100009,River/Stream,,40.4620485,-91.5670776
6,10560001,Des Moines River near Keokuk,03/03/2005 09:15:00,AMBIENT,7440-44-0,Carbon,Total,,5.1,mg/l,True,0.5,,,415.1,UHL001,Actual,SW,Water,,,Lee,07100009,River/Stream,,40.4620485,-91.5670776
6,10560001,Des Moines River near Keokuk,03/03/2005 09:15:00,AMBIENT,16887-00-6,Chloride,Total,,32,mg/l,True,1,,,325.3,UHL001,Actual,SW,Water,,,Lee,07100009,River/Stream,,40.4620485,-91.5670776
6,10560001,Des Moines River near Keokuk,03/03/2005 09:15:00,AMBIENT,CLR-A-FREE,"Chlorophyll a, free of pheophytin",NonFilt,,12,ug/l,True,1,,,445,UHL001,Actual,SW,Water,,,Lee,07100009,River/Stream,,40.4620485,-91.5670776
6,10560001,Des Moines River near Keokuk,03/03/2005 09:15:00,AMBIENT,68583-22-2,Escherichia coli,Total,,10,MPN/100ml,False,10,,,APHA 9222 G,UHL001,Actual,SW,Water,,,Lee,07100009,River/Stream,,40.4620485,-91.5670776
6,10560001,Des Moines River near Keokuk,03/03/2005 09:15:00,AMBIENT,HARD-CARB,"Hardness, carbonate",Total,,310,mg/l,True,1,,,Unknown,UHL001,Actual,SW,Water,,,Lee,07100009,River/Stream,,40.4620485,-91.5670776
6,10560001,Des Moines River near Keokuk,03/03/2005 09:15:00,AMBIENT,NIT-AMM,Ammonia-nitrogen (as N),Total,,0.07,mg/l,True,0.05,,,350.1,UHL001,Actual,SW,Water,,,Lee,07100009,River/Stream,,40.4620485,-91.5670776
6,10560001,Des Moines River near Keokuk,03/03/2005 09:15:00,AMBIENT,NIT-KJELD,Kjeldahl nitrogen (AS N),Total,,0.89,mg/l,True,0.05,,,Unknown,UHL001,Actual,SW,Water,,,Lee,07100009,River/Stream,,40.4620485,-91.5670776
6,10560001,Des Moines River near Keokuk,03/03/2005 09:15:00,AMBIENT,NIT-NO3-NO2,Inorganic nitrogen (nitrate and nitrite) (as N),Total,,6.6,mg/l,True,0.05,,,353.2,UHL001,Actual,SW,Water,,,Lee,07100009,River/Stream,,40.4620485,-91.5670776
6,10560001,Des Moines River near Keokuk,03/03/2005 09:15:00,AMBIENT,PHOSP-PHOSP,Phosphate-phosphorus (as P),Total,,0.26,mg/l,True,0.02,,,365.4,UHL001,Actual,SW,Water,,,Lee,07100009,River/Stream,,40.4620485,-91.5670776
6,10560001,Des Moines River near Keokuk,03/03/2005 09:15:00,AMBIENT,14265-44-2,Orthophosphate (as P),Dissolved,,0.19,mg/l,True,0.02,,,365.1,UHL001,Actual,SW,Water,,,Lee,07100009,River/Stream,,40.4620485,-91.5670776
6,10560001,Des Moines River near Keokuk,03/03/2005 09:15:00,AMBIENT,7631-86-9,Silica,Dissolved,,14,mg/l,True,1,,,370.1,UHL001,Actual,SW,Water,,,Lee,07100009,River/Stream,,40.4620485,-91.5670776
6,10560001,Des Moines River near Keokuk,03/03/2005 09:15:00,AMBIENT,TDS,Total dissolved solids,Dissolved,,410,mg/l,True,1,,,160.1,UHL001,Actual,SW,Water,,,Lee,07100009,River/Stream,,40.4620485,-91.5670776
6,10560001,Des Moines River near Keokuk,03/03/2005 09:15:00,AMBIENT,TSS,Total suspended solids,NonFilt,,29,mg/l,True,1,,,I3765,UHL001,Actual,SW,Water,,,Lee,07100009,River/Stream,,40.4620485,-91.5670776
6,10560001,Des Moines River near Keokuk,03/03/2005 09:15:00,AMBIENT,SPEC-COND,Specific conductance,Total,,690,uS/cm,True,1,,,2510,UHL001,Actual,SW,Water,,,Lee,07100009,River/Stream,,40.4620485,-91.5670776
6,10560001,Des Moines River near Keokuk,03/03/2005 09:15:00,AMBIENT,14808-79-8,Sulfate (as SO4),Total,,63,mg/l,True,1,,,300(A),UHL001,Actual,SW,Water,,,Lee,07100009,River/Stream,,40.4620485,-91.5670776
6,10560001,Des Moines River near Keokuk,03/03/2005 09:15:00,AMBIENT,TURB,Turbidity,Total,,22,NTU,True,1,,,180.1,UHL001,Actual,SW,Water,,,Lee,07100009,River/Stream,,40.4620485,-91.5670776
6,10560001,Des Moines River near Keokuk,04/11/2005 08:30:00,AMBIENT,NIT-AMM,Ammonia-nitrogen (as N),Total,,0.05,mg/l,False,0.05,,,350.1,UHL001,Actual,SW,Water,,,Lee,07100009,River/Stream,,40.4620485,-91.5670776
6,10560001,Des Moines River near Keokuk,04/11/2005 08:30:00,AMBIENT,NIT-KJELD,Kjeldahl nitrogen (AS N),Total,,0.66,mg/l,True,0.05,,,351.1,UHL001,Actual,SW,Water,,,Lee,07100009,River/Stream,,40.4620485,-91.5670776
6,10560001,Des Moines River near Keokuk,04/11/2005 08:30:00,AMBIENT,NIT-NO3-NO2,Inorganic nitrogen (nitrate and nitrite) (as N),Total,,6.6,mg/l,True,0.05,,,353.2,UHL001,Actual,SW,Water,,,Lee,07100009,River/Stream,,40.4620485,-91.5670776
6,10560001,Des Moines River near Keokuk,04/11/2005 08:30:00,AMBIENT,PHOSP-PHOSP,Phosphate-phosphorus (as P),Total,,0.42,mg/l,True,0.02,,,365.4,UHL001,Actual,SW,Water,,,Lee,07100009,River/Stream,,40.4620485,-91.5670776
6,10560001,Des Moines River near Keokuk,04/11/2005 08:30:00,AMBIENT,14265-44-2,Orthophosphate (as P),Dissolved,,0.16,mg/l,True,0.02,,,365.1,UHL001,Actual,SW,Water,,,Lee,07100009,River/Stream,,40.4620485,-91.5670776
6,10560001,Des Moines River near Keokuk,04/11/2005 08:30:00,AMBIENT,7631-86-9,Silica,Dissolved,,11,mg/l,True,1,,,370.1,UHL001,Actual,SW,Water,,,Lee,07100009,River/Stream,,40.4620485,-91.5670776
6,10560001,Des Moines River near Keokuk,04/11/2005 08:30:00,AMBIENT,TDS,Total dissolved solids,Dissolved,,400,mg/l,True,1,,,160.1,UHL001,Actual,SW,Water,,,Lee,07100009,River/Stream,,40.4620485,-91.5670776
6,10560001,Des Moines River near Keokuk,04/11/2005 08:30:00,AMBIENT,TFSS,Fixed suspended solids,NonFilt,,163,mg/l,True,1,,,160.4,UHL001,Calculated,SW,Water,,,Lee,07100009,River/Stream,,40.4620485,-91.5670776
6,10560001,Des Moines River near Keokuk,04/11/2005 08:30:00,AMBIENT,TVSS,Volatile Suspended Solids,NonFilt,,17,mg/l,True,1,,,160.4,UHL001,Actual,SW,Water,,,Lee,07100009,River/Stream,,40.4620485,-91.5670776
6,10560001,Des Moines River near Keokuk,04/11/2005 08:30:00,AMBIENT,TSS,Total suspended solids,NonFilt,,180,mg/l,True,1,,,I3765,UHL001,Actual,SW,Water,,,Lee,07100009,River/Stream,,40.4620485,-91.5670776
6,10560001,Des Moines River near Keokuk,04/11/2005 08:30:00,AMBIENT,SPEC-COND,Specific conductance,Total,,640,uS/cm,True,1,,,2510,UHL001,Actual,SW,Water,,,Lee,07100009,River/Stream,,40.4620485,-91.5670776
6,10560001,Des Moines River near Keokuk,04/11/2005 08:30:00,AMBIENT,14808-79-8,Sulfate (as SO4),Total,,57,mg/l,True,1,,,300(A),UHL001,Actual,SW,Water,,,Lee,07100009,River/Stream,,40.4620485,-91.5670776
6,10560001,Des Moines River near Keokuk,04/11/2005 08:30:00,AMBIENT,TURB,Turbidity,Total,,100,NTU,True,1,,,180.1,UHL001,Actual,SW,Water,,,Lee,07100009,River/Stream,,40.4620485,-91.5670776
6,10560001,Des Moines River near Keokuk,05/09/2005 07:30:00,AMBIENT,7782-44-7,Dissolved oxygen (DO),Total,,9.5,mg/l,True,0.1,,,4500-O-G,,Actual,SW,Water,,,Lee,07100009,River/Stream,,40.4620485,-91.5670776
6,10560001,Des Moines River near Keokuk,05/09/2005 07:30:00,AMBIENT,FLOW,Flow,Total,,6700,cfs,True,0.1,,,USGS CA8,,Actual,SW,Water,,,Lee,07100009,River/Stream,,40.4620485,-91.5670776
6,10560001,Des Moines River near Keokuk,05/09/2005 07:30:00,AMBIENT,PH,pH,Total,,8.6,None,True,,,,Unknown,,Actual,SW,Water,,,Lee,07100009,River/Stream,,40.4620485,-91.5670776
6,10560001,Des Moines River near Keokuk,05/09/2005 07:30:00,AMBIENT,TEMP-WATER,"Temperature, water",Total,,18.1,deg C,True,0,,,2550,,Actual,SW,Water,,,Lee,07100009,River/Stream,,40.4620485,-91.5670776
6,10560001,Des Moines River near Keokuk,05/09/2005 07:30:00,AMBIENT,120-36-5,Dichlorprop,Total,,1,ug/l,False,1,,,515.1,UHL001,Actual,SW,Water,,,Lee,07100009,River/Stream,,40.4620485,-91.5670776
6,10560001,Des Moines River near Keokuk,05/09/2005 07:30:00,AMBIENT,133-90-4,Chloramben,Total,,0.5,ug/l,False,0.5,,,515.1,UHL001,Actual,SW,Water,,,Lee,07100009,River/Stream,,40.4620485,-91.5670776
6,10560001,Des Moines River near Keokuk,05/09/2005 07:30:00,AMBIENT,1689-84-5,Bromoxynil,Total,,0.2,ug/l,False,0.2,,,515.1,UHL001,Actual,SW,Water,,,Lee,07100009,River/Stream,,40.4620485,-91.5670776
6,10560001,Des Moines River near Keokuk,05/09/2005 07:30:00,AMBIENT,1861-32-1,Chlorthal-dimethyl,Total,,0.2,ug/l,False,0.2,,,515.1,UHL001,Actual,SW,Water,,,Lee,07100009,River/Stream,,40.4620485,-91.5670776
6,10560001,Des Moines River near Keokuk,05/09/2005 07:30:00,AMBIENT,1918-00-9,Dicamba,Total,,0.5,ug/l,False,0.5,,,515.1,UHL001,Actual,SW,Water,,,Lee,07100009,River/Stream,,40.4620485,-91.5670776
6,10560001,Des Moines River near Keokuk,05/09/2005 07:30:00,AMBIENT,1918-02-01,Picloram,Total,,0.5,ug/l,False,0.5,,,515.1,UHL001,Actual,SW,Water,,,Lee,07100009,River/Stream,,40.4620485,-91.5670776
6,10560001,Des Moines River near Keokuk,05/09/2005 07:30:00,AMBIENT,25057-89-0,Bentazon,Total,,1,ug/l,False,1,,,515.1,UHL001,Actual,SW,Water,,,Lee,07100009,River/Stream,,40.4620485,-91.5670776
6,10560001,Des Moines River near Keokuk,05/09/2005 07:30:00,AMBIENT,50594-66-6,Acifluorfen,Total,,0.2,ug/l,False,0.2,,,515.1,UHL001,Actual,SW,Water,,,Lee,07100009,River/Stream,,40.4620485,-91.5670776
6,10560001,Des Moines River near Keokuk,05/09/2005 07:30:00,AMBIENT,55335-06-3,Triclopyr,Total,,0.2,ug/l,False,0.2,,,515.1,UHL001,Actual,SW,Water,,,Lee,07100009,River/Stream,,40.4620485,-91.5670776
6,10560001,Des Moines River near Keokuk,05/09/2005 07:30:00,AMBIENT,88-85-7,Dinoseb,Total,,0.5,ug/l,False,0.5,,,515.1,UHL001,Actual,SW,Water,,,Lee,07100009,River/Stream,,40.4620485,-91.5670776
6,10560001,Des Moines River near Keokuk,05/09/2005 07:30:00,AMBIENT,93-72-1,Silvex,Total,,0.2,ug/l,False,0.2,,,515.1,UHL001,Actual,SW,Water,,,Lee,07100009,River/Stream,,40.4620485,-91.5670776
6,10560001,Des Moines River near Keokuk,05/09/2005 07:30:00,AMBIENT,93-76-5,"2,4,5-T",Total,,0.2,ug/l,False,0.2,,,515.1,UHL001,Actual,SW,Water,,,Lee,07100009,River/Stream,,40.4620485,-91.5670776
6,10560001,Des Moines River near Keokuk,05/09/2005 07:30:00,AMBIENT,94-75-7,"2,4-D",Total,,1,ug/l,False,1,,,515.1,UHL001,Actual,SW,Water,,,Lee,07100009,River/Stream,,40.4620485,-91.5670776
6,10560001,Des Moines River near Keokuk,05/09/2005 07:30:00,AMBIENT,94-82-6,"2,4-DB",Total,,1,ug/l,False,1,,,515.1,UHL001,Actual,SW,Water,,,Lee,07100009,River/Stream,,40.4620485,-91.5670776
6,10560001,Des Moines River near Keokuk,05/09/2005 07:30:00,AMBIENT,1007-28-9,2-Choro-6-ethylamino-4-amino-s-triazine,Total,,0.05,ug/l,False,0.05,,,507,UHL001,Actual,SW,Water,,,Lee,07100009,River/Stream,,40.4620485,-91.5670776
6,10560001,Des Moines River near Keokuk,05/09/2005 07:30:00,AMBIENT,121-75-5,Malathion,Total,,0.05,ug/l,False,0.05,,,507,UHL001,Actual,SW,Water,,,Lee,07100009,River/Stream,,40.4620485,-91.5670776
6,10560001,Des Moines River near Keokuk,05/09/2005 07:30:00,AMBIENT,122-34-9,Simazine,Total,,0.05,ug/l,False,0.05,,,507,UHL001,Actual,SW,Water,,,Lee,07100009,River/Stream,,40.4620485,-91.5670776
6,10560001,Des Moines River near Keokuk,05/09/2005 07:30:00,AMBIENT,13071-79-9,Terbufos,Total,,0.05,ug/l,False,0.05,,,507,UHL001,Actual,SW,Water,,,Lee,07100009,River/Stream,,40.4620485,-91.5670776
6,10560001,Des Moines River near Keokuk,05/09/2005 07:30:00,AMBIENT,13194-48-4,Ethoprop,Total,,0.05,ug/l,False,0.05,,,507,UHL001,Actual,SW,Water,,,Lee,07100009,River/Stream,,40.4620485,-91.5670776
6,10560001,Des Moines River near Keokuk,05/09/2005 07:30:00,AMBIENT,139-40-2,Propazine,Total,,0.05,ug/l,False,0.05,,,507,UHL001,Actual,SW,Water,,,Lee,07100009,River/Stream,,40.4620485,-91.5670776
6,10560001,Des Moines River near Keokuk,05/09/2005 07:30:00,AMBIENT,1563-66-2,Carbofuran,Total,,0.05,ug/l,False,0.05,,,507,UHL001,Actual,SW,Water,,,Lee,07100009,River/Stream,,40.4620485,-91.5670776
6,10560001,Des Moines River near Keokuk,05/09/2005 07:30:00,AMBIENT,1582-09-8,Trifluralin,Total,,0.05,ug/l,False,0.05,,,507,UHL001,Actual,SW,Water,,,Lee,07100009,River/Stream,,40.4620485,-91.5670776
6,10560001,Des Moines River near Keokuk,05/09/2005 07:30:00,AMBIENT,15972-60-8,Alachlor,Total,,0.05,ug/l,False,0.05,,,507,UHL001,Actual,SW,Water,,,Lee,07100009,River/Stream,,40.4620485,-91.5670776
6,10560001,Des Moines River near Keokuk,05/09/2005 07:30:00,AMBIENT,1610-18-0,Prometon,Total,,0.05,ug/l,False,0.05,,,507,UHL001,Actual,SW,Water,,,Lee,07100009,River/Stream,,40.4620485,-91.5670776
6,10560001,Des Moines River near Keokuk,05/09/2005 07:30:00,AMBIENT,1912-24-9,Atrazine,Total,,0.28,ug/l,True,0.05,,,507,UHL001,Actual,SW,Water,,,Lee,07100009,River/Stream,,40.4620485,-91.5670776
6,10560001,Des Moines River near Keokuk,05/09/2005 07:30:00,AMBIENT,1918-16-7,Propachlor,Total,,0.05,ug/l,False,0.05,,,507,UHL001,Actual,SW,Water,,,Lee,07100009,River/Stream,,40.4620485,-91.5670776
6,10560001,Des Moines River near Keokuk,05/09/2005 07:30:00,AMBIENT,2008-41-5,Butylate,Total,,0.05,ug/l,False,0.05,,,507,UHL001,Actual,SW,Water,,,Lee,07100009,River/Stream,,40.4620485,-91.5670776
6,10560001,Des Moines River near Keokuk,05/09/2005 07:30:00,AMBIENT,21087-64-9,Metribuzin,Total,,0.05,ug/l,False,0.05,,,507,UHL001,Actual,SW,Water,,,Lee,07100009,River/Stream,,40.4620485,-91.5670776
6,10560001,Des Moines River near Keokuk,05/09/2005 07:30:00,AMBIENT,21725-46-2,Cyanazine,Total,,0.05,ug/l,False,0.05,,,507,UHL001,Actual,SW,Water,,,Lee,07100009,River/Stream,,40.4620485,-91.5670776
6,10560001,Des Moines River near Keokuk,05/09/2005 07:30:00,AMBIENT,2303-17-5,Triallate,Total,,0.05,ug/l,False,0.05,,,507,UHL001,Actual,SW,Water,,,Lee,07100009,River/Stream,,40.4620485,-91.5670776
6,10560001,Des Moines River near Keokuk,05/09/2005 07:30:00,AMBIENT,23184-66-9,Butachlor,Total,,0.05,ug/l,False,0.05,,,507,UHL001,Actual,SW,Water,,,Lee,07100009,River/Stream,,40.4620485,-91.5670776
6,10560001,Des Moines River near Keokuk,05/09/2005 07:30:00,AMBIENT,25311-71-1,Isofenphos,Total,,0.05,ug/l,False,0.05,,,507,UHL001,Actual,SW,Water,,,Lee,07100009,River/Stream,,40.4620485,-91.5670776
6,10560001,Des Moines River near Keokuk,05/09/2005 07:30:00,AMBIENT,2921-88-2,Chlorpyrifos,Total,,0.05,ug/l,False,0.05,,,507,UHL001,Actual,SW,Water,,,Lee,07100009,River/Stream,,40.4620485,-91.5670776
6,10560001,Des Moines River near Keokuk,05/09/2005 07:30:00,AMBIENT,298-00-0,Methyl parathion,Total,,0.05,ug/l,False,0.05,,,507,UHL001,Actual,SW,Water,,,Lee,07100009,River/Stream,,40.4620485,-91.5670776
6,10560001,Des Moines River near Keokuk,05/09/2005 07:30:00,AMBIENT,298-02-2,Phorate,Total,,0.05,ug/l,False,0.05,,,507,UHL001,Actual,SW,Water,,,Lee,07100009,River/Stream,,40.4620485,-91.5670776
6,10560001,Des Moines River near Keokuk,05/09/2005 07:30:00,AMBIENT,298-04-4,Disulfoton,Total,,0.05,ug/l,False,0.05,,,507,UHL001,Actual,SW,Water,,,Lee,07100009,River/Stream,,40.4620485,-91.5670776
6,10560001,Des Moines River near Keokuk,05/09/2005 07:30:00,AMBIENT,314-40-9,Bromacil,Total,,0.05,ug/l,False,0.05,,,507,UHL001,Actual,SW,Water,,,Lee,07100009,River/Stream,,40.4620485,-91.5670776
6,10560001,Des Moines River near Keokuk,05/09/2005 07:30:00,AMBIENT,333-41-5,Diazinon,Total,,0.05,ug/l,False,0.05,,,507,UHL001,Actual,SW,Water,,,Lee,07100009,River/Stream,,40.4620485,-91.5670776
6,10560001,Des Moines River near Keokuk,05/09/2005 07:30:00,AMBIENT,34256-82-1,Acetochlor,Total,,0.11,ug/l,True,0.05,,,507,UHL001,Actual,SW,Water,,,Lee,07100009,River/Stream,,40.4620485,-91.5670776
6,10560001,Des Moines River near Keokuk,05/09/2005 07:30:00,AMBIENT,40487-42-1,Pendimethalin,Total,,0.05,ug/l,False,0.05,,,507,UHL001,Actual,SW,Water,,,Lee,07100009,River/Stream,,40.4620485,-91.5670776
6,10560001,Des Moines River near Keokuk,05/09/2005 07:30:00,AMBIENT,51218-45-2,Metolachlor,Total,,0.086,ug/l,True,0.05,,,507,UHL001,Actual,SW,Water,,,Lee,07100009,River/Stream,,40.4620485,-91.5670776
6,10560001,Des Moines River near Keokuk,05/09/2005 07:30:00,AMBIENT,56-38-2,Parathion,Total,,0.05,ug/l,False,0.05,,,507,UHL001,Actual,SW,Water,,,Lee,07100009,River/Stream,,40.4620485,-91.5670776
6,10560001,Des Moines River near Keokuk,05/09/2005 07:30:00,AMBIENT,60-51-5,Dimethoate,Total,,0.05,ug/l,False,0.05,,,507,UHL001,Actual,SW,Water,,,Lee,07100009,River/Stream,,40.4620485,-91.5670776
6,10560001,Des Moines River near Keokuk,05/09/2005 07:30:00,AMBIENT,6190-65-4,2-Chloro-4-isopropylamino-6-amino-s-triazine,Total,,0.05,ug/l,False,0.05,,,507,UHL001,Actual,SW,Water,,,Lee,07100009,River/Stream,,40.4620485,-91.5670776
6,10560001,Des Moines River near Keokuk,05/09/2005 07:30:00,AMBIENT,62-73-7,Dichlorvos,Total,,0.05,ug/l,False,0.05,,,507,UHL001,Actual,SW,Water,,,Lee,07100009,River/Stream,,40.4620485,-91.5670776
6,10560001,Des Moines River near Keokuk,05/09/2005 07:30:00,AMBIENT,63-25-2,Carbaryl,Total,,0.05,ug/l,False,0.05,,,507,UHL001,Actual,SW,Water,,,Lee,07100009,River/Stream,,40.4620485,-91.5670776
6,10560001,Des Moines River near Keokuk,05/09/2005 07:30:00,AMBIENT,759-94-4,S-Ethyl dipropylthiocarbamate,Total,,0.05,ug/l,False,0.05,,,507,UHL001,Actual,SW,Water,,,Lee,07100009,River/Stream,,40.4620485,-91.5670776
6,10560001,Des Moines River near Keokuk,05/09/2005 07:30:00,AMBIENT,81777-89-1,Clomazone,Total,,0.05,ug/l,False,0.05,,,507,UHL001,Actual,SW,Water,,,Lee,07100009,River/Stream,,40.4620485,-91.5670776
6,10560001,Des Moines River near Keokuk,05/09/2005 07:30:00,AMBIENT,834-12-8,Ametryn,Total,,0.05,ug/l,False,0.05,,,507,UHL001,Actual,SW,Water,,,Lee,07100009,River/Stream,,40.4620485,-91.5670776
6,10560001,Des Moines River near Keokuk,05/09/2005 07:30:00,AMBIENT,87674-68-8,Dimethenamid,Total,,0.05,ug/l,False,0.05,,,507,UHL001,Actual,SW,Water,,,Lee,07100009,River/Stream,,40.4620485,-91.5670776
6,10560001,Des Moines River near Keokuk,05/09/2005 07:30:00,AMBIENT,944-22-9,Fonofos,Total,,0.05,ug/l,False,0.05,,,507,UHL001,Actual,SW,Water,,,Lee,07100009,River/Stream,,40.4620485,-91.5670776
6,10560001,Des Moines River near Keokuk,05/09/2005 07:30:00,AMBIENT,CBOD-SC,"Carbonaceous biochemical oxygen demand, standard conditions",Total,,2,mg/l,False,2,,,UnknownBOD,UHL001,Actual,SW,Water,,,Lee,07100009,River/Stream,,40.4620485,-91.5670776
6,10560001,Des Moines River near Keokuk,06/01/2005 07:20:00,AMBIENT,7782-44-7,Dissolved oxygen (DO),Total,,9.6,mg/l,True,0.1,,,4500-O-G,,Actual,SW,Water,,,Lee,07100009,River/Stream,,40.4620485,-91.5670776
6,10560001,Des Moines River near Keokuk,06/01/2005 07:20:00,AMBIENT,FLOW,Flow,Total,,17000,cfs,True,0.1,,,USGS CA8,,Actual,SW,Water,,,Lee,07100009,River/Stream,,40.4620485,-91.5670776
6,10560001,Des Moines River near Keokuk,06/01/2005 07:20:00,AMBIENT,PH,pH,Total,,8.5,None,True,,,,Unknown,,Actual,SW,Water,,,Lee,07100009,River/Stream,,40.4620485,-91.5670776
6,10560001,Des Moines River near Keokuk,06/01/2005 07:20:00,AMBIENT,TEMP-WATER,"Temperature, water",Total,,19.7,deg C,True,0,,,2550,,Actual,SW,Water,,,Lee,07100009,River/Stream,,40.4620485,-91.5670776
6,10560001,Des Moines River near Keokuk,06/01/2005 07:20:00,AMBIENT,120-36-5,Dichlorprop,Total,,1,ug/l,False,1,,,515.1,UHL001,Actual,SW,Water,,,Lee,07100009,River/Stream,,40.4620485,-91.5670776
6,10560001,Des Moines River near Keokuk,06/01/2005 07:20:00,AMBIENT,133-90-4,Chloramben,Total,,0.5,ug/l,False,0.5,,,515.1,UHL001,Actual,SW,Water,,,Lee,07100009,River/Stream,,40.4620485,-91.5670776
6,10560001,Des Moines River near Keokuk,06/01/2005 07:20:00,AMBIENT,1689-84-5,Bromoxynil,Total,,0.2,ug/l,False,0.2,,,515.1,UHL001,Actual,SW,Water,,,Lee,07100009,River/Stream,,40.4620485,-91.5670776
6,10560001,Des Moines River near Keokuk,06/01/2005 07:20:00,AMBIENT,1861-32-1,Chlorthal-dimethyl,Total,,0.2,ug/l,False,0.2,,,515.1,UHL001,Actual,SW,Water,,,Lee,07100009,River/Stream,,40.4620485,-91.5670776
6,10560001,Des Moines River near Keokuk,06/01/2005 07:20:00,AMBIENT,1918-00-9,Dicamba,Total,,0.5,ug/l,False,0.5,,,515.1,UHL001,Actual,SW,Water,,,Lee,07100009,River/Stream,,40.4620485,-91.5670776
6,10560001,Des Moines River near Keokuk,06/01/2005 07:20:00,AMBIENT,1918-02-01,Picloram,Total,,0.5,ug/l,False,0.5,,,515.1,UHL001,Actual,SW,Water,,,Lee,07100009,River/Stream,,40.4620485,-91.5670776
6,10560001,Des Moines River near Keokuk,06/01/2005 07:20:00,AMBIENT,25057-89-0,Bentazon,Total,,1,ug/l,False,1,,,515.1,UHL001,Actual,SW,Water,,,Lee,07100009,River/Stream,,40.4620485,-91.5670776
6,10560001,Des Moines River near Keokuk,06/01/2005 07:20:00,AMBIENT,50594-66-6,Acifluorfen,Total,,0.2,ug/l,False,0.2,,,515.1,UHL001,Actual,SW,Water,,,Lee,07100009,River/Stream,,40.4620485,-91.5670776
6,10560001,Des Moines River near Keokuk,06/01/2005 07:20:00,AMBIENT,55335-06-3,Triclopyr,Total,,0.2,ug/l,False,0.2,,,515.1,UHL001,Actual,SW,Water,,,Lee,07100009,River/Stream,,40.4620485,-91.5670776
6,10560001,Des Moines River near Keokuk,06/01/2005 07:20:00,AMBIENT,88-85-7,Dinoseb,Total,,0.5,ug/l,False,0.5,,,515.1,UHL001,Actual,SW,Water,,,Lee,07100009,River/Stream,,40.4620485,-91.5670776
6,10560001,Des Moines River near Keokuk,06/01/2005 07:20:00,AMBIENT,93-72-1,Silvex,Total,,0.2,ug/l,False,0.2,,,515.1,UHL001,Actual,SW,Water,,,Lee,07100009,River/Stream,,40.4620485,-91.5670776
6,10560001,Des Moines River near Keokuk,06/01/2005 07:20:00,AMBIENT,93-76-5,"2,4,5-T",Total,,0.2,ug/l,False,0.2,,,515.1,UHL001,Actual,SW,Water,,,Lee,07100009,River/Stream,,40.4620485,-91.5670776
6,10560001,Des Moines River near Keokuk,06/01/2005 07:20:00,AMBIENT,94-75-7,"2,4-D",Total,,1,ug/l,False,1,,,515.1,UHL001,Actual,SW,Water,,,Lee,07100009,River/Stream,,40.4620485,-91.5670776
6,10560001,Des Moines River near Keokuk,06/01/2005 07:20:00,AMBIENT,94-82-6,"2,4-DB",Total,,1,ug/l,False,1,,,515.1,UHL001,Actual,SW,Water,,,Lee,07100009,River/Stream,,40.4620485,-91.5670776
6,10560001,Des Moines River near Keokuk,06/01/2005 07:20:00,AMBIENT,1007-28-9,2-Choro-6-ethylamino-4-amino-s-triazine,Total,,0.05,ug/l,False,0.05,,,507,UHL001,Actual,SW,Water,,,Lee,07100009,River/Stream,,40.4620485,-91.5670776
6,10560001,Des Moines River near Keokuk,06/01/2005 07:20:00,AMBIENT,121-75-5,Malathion,Total,,0.05,ug/l,False,0.05,,,507,UHL001,Actual,SW,Water,,,Lee,07100009,River/Stream,,40.4620485,-91.5670776
6,10560001,Des Moines River near Keokuk,06/01/2005 07:20:00,AMBIENT,122-34-9,Simazine,Total,,0.05,ug/l,False,0.05,,,507,UHL001,Actual,SW,Water,,,Lee,07100009,River/Stream,,40.4620485,-91.5670776
6,10560001,Des Moines River near Keokuk,06/01/2005 07:20:00,AMBIENT,13071-79-9,Terbufos,Total,,0.05,ug/l,False,0.05,,,507,UHL001,Actual,SW,Water,,,Lee,07100009,River/Stream,,40.4620485,-91.5670776
6,10560001,Des Moines River near Keokuk,06/01/2005 07:20:00,AMBIENT,13194-48-4,Ethoprop,Total,,0.05,ug/l,False,0.05,,,507,UHL001,Actual,SW,Water,,,Lee,07100009,River/Stream,,40.4620485,-91.5670776
6,10560001,Des Moines River near Keokuk,06/01/2005 07:20:00,AMBIENT,139-40-2,Propazine,Total,,0.05,ug/l,False,0.05,,,507,UHL001,Actual,SW,Water,,,Lee,07100009,River/Stream,,40.4620485,-91.5670776
6,10560001,Des Moines River near Keokuk,06/01/2005 07:20:00,AMBIENT,1563-66-2,Carbofuran,Total,,0.05,ug/l,False,0.05,,,507,UHL001,Actual,SW,Water,,,Lee,07100009,River/Stream,,40.4620485,-91.5670776
6,10560001,Des Moines River near Keokuk,06/01/2005 07:20:00,AMBIENT,1582-09-8,Trifluralin,Total,,0.05,ug/l,False,0.05,,,507,UHL001,Actual,SW,Water,,,Lee,07100009,River/Stream,,40.4620485,-91.5670776
6,10560001,Des Moines River near Keokuk,06/01/2005 07:20:00,AMBIENT,15972-60-8,Alachlor,Total,,0.05,ug/l,False,0.05,,,507,UHL001,Actual,SW,Water,,,Lee,07100009,River/Stream,,40.4620485,-91.5670776
6,10560001,Des Moines River near Keokuk,06/01/2005 07:20:00,AMBIENT,1610-18-0,Prometon,Total,,0.05,ug/l,False,0.05,,,507,UHL001,Actual,SW,Water,,,Lee,07100009,River/Stream,,40.4620485,-91.5670776
6,10560001,Des Moines River near Keokuk,06/01/2005 07:20:00,AMBIENT,1912-24-9,Atrazine,Total,,1.8,ug/l,True,0.05,,,507,UHL001,Actual,SW,Water,,,Lee,07100009,River/Stream,,40.4620485,-91.5670776
6,10560001,Des Moines River near Keokuk,06/01/2005 07:20:00,AMBIENT,1918-16-7,Propachlor,Total,,0.05,ug/l,False,0.05,,,507,UHL001,Actual,SW,Water,,,Lee,07100009,River/Stream,,40.4620485,-91.5670776
6,10560001,Des Moines River near Keokuk,06/01/2005 07:20:00,AMBIENT,2008-41-5,Butylate,Total,,0.05,ug/l,False,0.05,,,507,UHL001,Actual,SW,Water,,,Lee,07100009,River/Stream,,40.4620485,-91.5670776
6,10560001,Des Moines River near Keokuk,06/01/2005 07:20:00,AMBIENT,21087-64-9,Metribuzin,Total,,0.05,ug/l,False,0.05,,,507,UHL001,Actual,SW,Water,,,Lee,07100009,River/Stream,,40.4620485,-91.5670776
6,10560001,Des Moines River near Keokuk,06/01/2005 07:20:00,AMBIENT,21725-46-2,Cyanazine,Total,,0.05,ug/l,False,0.05,,,507,UHL001,Actual,SW,Water,,,Lee,07100009,River/Stream,,40.4620485,-91.5670776
6,10560001,Des Moines River near Keokuk,06/01/2005 07:20:00,AMBIENT,2303-17-5,Triallate,Total,,0.05,ug/l,False,0.05,,,507,UHL001,Actual,SW,Water,,,Lee,07100009,River/Stream,,40.4620485,-91.5670776
6,10560001,Des Moines River near Keokuk,06/01/2005 07:20:00,AMBIENT,23184-66-9,Butachlor,Total,,0.05,ug/l,False,0.05,,,507,UHL001,Actual,SW,Water,,,Lee,07100009,River/Stream,,40.4620485,-91.5670776
6,10560001,Des Moines River near Keokuk,06/01/2005 07:20:00,AMBIENT,25311-71-1,Isofenphos,Total,,0.05,ug/l,False,0.05,,,507,UHL001,Actual,SW,Water,,,Lee,07100009,River/Stream,,40.4620485,-91.5670776
6,10560001,Des Moines River near Keokuk,06/01/2005 07:20:00,AMBIENT,2921-88-2,Chlorpyrifos,Total,,0.05,ug/l,False,0.05,,,507,UHL001,Actual,SW,Water,,,Lee,07100009,River/Stream,,40.4620485,-91.5670776
6,10560001,Des Moines River near Keokuk,06/01/2005 07:20:00,AMBIENT,298-00-0,Methyl parathion,Total,,0.05,ug/l,False,0.05,,,507,UHL001,Actual,SW,Water,,,Lee,07100009,River/Stream,,40.4620485,-91.5670776
6,10560001,Des Moines River near Keokuk,06/01/2005 07:20:00,AMBIENT,298-02-2,Phorate,Total,,0.05,ug/l,False,0.05,,,507,UHL001,Actual,SW,Water,,,Lee,07100009,River/Stream,,40.4620485,-91.5670776
6,10560001,Des Moines River near Keokuk,06/01/2005 07:20:00,AMBIENT,298-04-4,Disulfoton,Total,,0.05,ug/l,False,0.05,,,507,UHL001,Actual,SW,Water,,,Lee,07100009,River/Stream,,40.4620485,-91.5670776
6,10560001,Des Moines River near Keokuk,06/01/2005 07:20:00,AMBIENT,314-40-9,Bromacil,Total,,0.05,ug/l,False,0.05,,,507,UHL001,Actual,SW,Water,,,Lee,07100009,River/Stream,,40.4620485,-91.5670776
6,10560001,Des Moines River near Keokuk,06/01/2005 07:20:00,AMBIENT,333-41-5,Diazinon,Total,,0.05,ug/l,False,0.05,,,507,UHL001,Actual,SW,Water,,,Lee,07100009,River/Stream,,40.4620485,-91.5670776
6,10560001,Des Moines River near Keokuk,06/01/2005 07:20:00,AMBIENT,34256-82-1,Acetochlor,Total,,0.9,ug/l,True,0.05,,,507,UHL001,Actual,SW,Water,,,Lee,07100009,River/Stream,,40.4620485,-91.5670776
6,10560001,Des Moines River near Keokuk,06/01/2005 07:20:00,AMBIENT,40487-42-1,Pendimethalin,Total,,0.05,ug/l,False,0.05,,,507,UHL001,Actual,SW,Water,,,Lee,07100009,River/Stream,,40.4620485,-91.5670776
6,10560001,Des Moines River near Keokuk,06/01/2005 07:20:00,AMBIENT,51218-45-2,Metolachlor,Total,,0.41,ug/l,True,0.05,,,507,UHL001,Actual,SW,Water,,,Lee,07100009,River/Stream,,40.4620485,-91.5670776
6,10560001,Des Moines River near Keokuk,06/01/2005 07:20:00,AMBIENT,56-38-2,Parathion,Total,,0.05,ug/l,False,0.05,,,507,UHL001,Actual,SW,Water,,,Lee,07100009,River/Stream,,40.4620485,-91.5670776
6,10560001,Des Moines River near Keokuk,06/01/2005 07:20:00,AMBIENT,60-51-5,Dimethoate,Total,,0.05,ug/l,False,0.05,,,507,UHL001,Actual,SW,Water,,,Lee,07100009,River/Stream,,40.4620485,-91.5670776
6,10560001,Des Moines River near Keokuk,06/01/2005 07:20:00,AMBIENT,6190-65-4,2-Chloro-4-isopropylamino-6-amino-s-triazine,Total,,0.15,ug/l,True,0.05,,,507,UHL001,Actual,SW,Water,,,Lee,07100009,River/Stream,,40.4620485,-91.5670776
6,10560001,Des Moines River near Keokuk,06/01/2005 07:20:00,AMBIENT,62-73-7,Dichlorvos,Total,,0.05,ug/l,False,0.05,,,507,UHL001,Actual,SW,Water,,,Lee,07100009,River/Stream,,40.4620485,-91.5670776
6,10560001,Des Moines River near Keokuk,06/01/2005 07:20:00,AMBIENT,63-25-2,Carbaryl,Total,,0.05,ug/l,False,0.05,,,507,UHL001,Actual,SW,Water,,,Lee,07100009,River/Stream,,40.4620485,-91.5670776
6,10560001,Des Moines River near Keokuk,06/01/2005 07:20:00,AMBIENT,759-94-4,S-Ethyl dipropylthiocarbamate,Total,,0.05,ug/l,False,0.05,,,507,UHL001,Actual,SW,Water,,,Lee,07100009,River/Stream,,40.4620485,-91.5670776
6,10560001,Des Moines River near Keokuk,06/01/2005 07:20:00,AMBIENT,81777-89-1,Clomazone,Total,,0.05,ug/l,False,0.05,,,507,UHL001,Actual,SW,Water,,,Lee,07100009,River/Stream,,40.4620485,-91.5670776
6,10560001,Des Moines River near Keokuk,06/01/2005 07:20:00,AMBIENT,834-12-8,Ametryn,Total,,0.05,ug/l,False,0.05,,,507,UHL001,Actual,SW,Water,,,Lee,07100009,River/Stream,,40.4620485,-91.5670776
6,10560001,Des Moines River near Keokuk,06/01/2005 07:20:00,AMBIENT,87674-68-8,Dimethenamid,Total,,0.34,ug/l,True,0.05,,,507,UHL001,Actual,SW,Water,,,Lee,07100009,River/Stream,,40.4620485,-91.5670776
6,10560001,Des Moines River near Keokuk,06/01/2005 07:20:00,AMBIENT,944-22-9,Fonofos,Total,,0.05,ug/l,False,0.05,,,507,UHL001,Actual,SW,Water,,,Lee,07100009,River/Stream,,40.4620485,-91.5670776
6,10560001,Des Moines River near Keokuk,06/01/2005 07:20:00,AMBIENT,CBOD-SC,"Carbonaceous biochemical oxygen demand, standard conditions",Total,,2,mg/l,False,2,,,UnknownBOD,UHL001,Actual,SW,Water,,,Lee,07100009,River/Stream,,40.4620485,-91.5670776
6,10560001,Des Moines River near Keokuk,06/01/2005 07:20:00,AMBIENT,7440-44-0,Carbon,Total,,6.9,mg/l,True,0.5,,,415.1,UHL001,Actual,SW,Water,,,Lee,07100009,River/Stream,,40.4620485,-91.5670776
6,10560001,Des Moines River near Keokuk,06/01/2005 07:20:00,AMBIENT,16887-00-6,Chloride,Total,,22,mg/l,True,1,,,325.3,UHL001,Actual,SW,Water,,,Lee,07100009,River/Stream,,40.4620485,-91.5670776
6,10560001,Des Moines River near Keokuk,06/01/2005 07:20:00,AMBIENT,CLR-A-FREE,"Chlorophyll a, free of pheophytin",NonFilt,,49,ug/l,True,1,,,445,UHL001,Actual,SW,Water,,,Lee,07100009,River/Stream,,40.4620485,-91.5670776
6,10560001,Des Moines River near Keokuk,06/01/2005 07:20:00,AMBIENT,68583-22-2,Escherichia coli,Total,,40,MPN/100ml,True,10,,,APHA 9222 G,UHL001,Actual,SW,Water,,,Lee,07100009,River/Stream,,40.4620485,-91.5670776
6,10560001,Des Moines River near Keokuk,06/01/2005 07:20:00,AMBIENT,HARD-CARB,"Hardness, carbonate",Total,,290,mg/l,True,1,,,Unknown,UHL001,Actual,SW,Water,,,Lee,07100009,River/Stream,,40.4620485,-91.5670776
6,10560001,Des Moines River near Keokuk,06/01/2005 07:20:00,AMBIENT,NIT-AMM,Ammonia-nitrogen (as N),Total,,0.05,mg/l,False,0.05,,,350.1,UHL001,Actual,SW,Water,,,Lee,07100009,River/Stream,,40.4620485,-91.5670776
6,10560001,Des Moines River near Keokuk,06/01/2005 07:20:00,AMBIENT,NIT-KJELD,Kjeldahl nitrogen (AS N),Total,,0.84,mg/l,True,0.1,,,351.1,UHL001,Actual,SW,Water,,UHL QC testing has shown that TKN concentrations under 1 mg/L should be reported to 1 decimal place when using method LAC10-107-06-2E.,Lee,07100009,River/Stream,,40.4620485,-91.5670776
6,10560001,Des Moines River near Keokuk,06/01/2005 07:20:00,AMBIENT,NIT-NO3-NO2,Inorganic nitrogen (nitrate and nitrite) (as N),Total,,11,mg/l,True,0.05,,,353.2,UHL001,Actual,SW,Water,,,Lee,07100009,River/Stream,,40.4620485,-91.5670776
6,10560001,Des Moines River near Keokuk,06/01/2005 07:20:00,AMBIENT,87-86-5,Pentachlorophenol,Total,,0.5,ug/l,False,0.5,,,515.3,UHL001,Actual,SW,Water,,,Lee,07100009,River/Stream,,40.4620485,-91.5670776
6,10560001,Des Moines River near Keokuk,06/01/2005 07:20:00,AMBIENT,PHOSP-PHOSP,Phosphate-phosphorus (as P),Total,,0.22,mg/l,True,0.02,,,365.4,UHL001,Actual,SW,Water,,,Lee,07100009,River/Stream,,40.4620485,-91.5670776
6,10560001,Des Moines River near Keokuk,06/01/2005 07:20:00,AMBIENT,14265-44-2,Orthophosphate (as P),Dissolved,,0.12,mg/l,True,0.02,,,365.1,UHL001,Actual,SW,Water,,,Lee,07100009,River/Stream,,40.4620485,-91.5670776
6,10560001,Des Moines River near Keokuk,06/01/2005 07:20:00,AMBIENT,7631-86-9,Silica,Dissolved,,16,mg/l,True,1,,,370.1,UHL001,Actual,SW,Water,,,Lee,07100009,River/Stream,,40.4620485,-91.5670776
6,10560001,Des Moines River near Keokuk,07/05/2005 07:45:00,AMBIENT,7782-44-7,Dissolved oxygen (DO),Total,,7.4,mg/l,True,0.1,,,4500-O-G,,Actual,SW,Water,,,Lee,07100009,River/Stream,,40.4620485,-91.5670776
6,10560001,Des Moines River near Keokuk,07/05/2005 07:45:00,AMBIENT,FLOW,Flow,Total,,19000,cfs,True,0.1,,,USGS CA8,,Actual,SW,Water,,,Lee,07100009,River/Stream,,40.4620485,-91.5670776
6,10560001,Des Moines River near Keokuk,07/05/2005 07:45:00,AMBIENT,PH,pH,Total,,8.3,None,True,,,,4500-H,,Actual,SW,Water,,,Lee,07100009,River/Stream,,40.4620485,-91.5670776
6,10560001,Des Moines River near Keokuk,07/05/2005 07:45:00,AMBIENT,TEMP-WATER,"Temperature, water",Total,,24.8,deg C,True,0,,,2550,,Actual,SW,Water,,,Lee,07100009,River/Stream,,40.4620485,-91.5670776
6,10560001,Des Moines River near Keokuk,07/05/2005 07:45:00,AMBIENT,120-36-5,Dichlorprop,Total,,1,ug/l,False,1,,,515.3,UHL001,Actual,SW,Water,,,Lee,07100009,River/Stream,,40.4620485,-91.5670776
6,10560001,Des Moines River near Keokuk,07/05/2005 07:45:00,AMBIENT,133-90-4,Chloramben,Total,,0.5,ug/l,False,0.5,,,515.3,UHL001,Actual,SW,Water,,,Lee,07100009,River/Stream,,40.4620485,-91.5670776
6,10560001,Des Moines River near Keokuk,07/05/2005 07:45:00,AMBIENT,1689-84-5,Bromoxynil,Total,,0.2,ug/l,False,0.2,,,515.3,UHL001,Actual,SW,Water,,,Lee,07100009,River/Stream,,40.4620485,-91.5670776
6,10560001,Des Moines River near Keokuk,07/05/2005 07:45:00,AMBIENT,1861-32-1,Chlorthal-dimethyl,Total,,0.2,ug/l,False,0.2,,,515.3,UHL001,Actual,SW,Water,,,Lee,07100009,River/Stream,,40.4620485,-91.5670776
6,10560001,Des Moines River near Keokuk,07/05/2005 07:45:00,AMBIENT,1918-00-9,Dicamba,Total,,0.5,ug/l,False,0.5,,,515.3,UHL001,Actual,SW,Water,,,Lee,07100009,River/Stream,,40.4620485,-91.5670776
6,10560001,Des Moines River near Keokuk,07/05/2005 07:45:00,AMBIENT,1918-02-01,Picloram,Total,,0.5,ug/l,False,0.5,,,515.3,UHL001,Actual,SW,Water,,,Lee,07100009,River/Stream,,40.4620485,-91.5670776
6,10560001,Des Moines River near Keokuk,07/05/2005 07:45:00,AMBIENT,25057-89-0,Bentazon,Total,,1,ug/l,False,1,,,515.3,UHL001,Actual,SW,Water,,,Lee,07100009,River/Stream,,40.4620485,-91.5670776
6,10560001,Des Moines River near Keokuk,07/05/2005 07:45:00,AMBIENT,50594-66-6,Acifluorfen,Total,,0.2,ug/l,False,0.2,,,515.3,UHL001,Actual,SW,Water,,,Lee,07100009,River/Stream,,40.4620485,-91.5670776
6,10560001,Des Moines River near Keokuk,07/05/2005 07:45:00,AMBIENT,55335-06-3,Triclopyr,Total,,0.2,ug/l,False,0.2,,,515.3,UHL001,Actual,SW,Water,,,Lee,07100009,River/Stream,,40.4620485,-91.5670776
6,10560001,Des Moines River near Keokuk,07/05/2005 07:45:00,AMBIENT,87-86-5,Pentachlorophenol,Total,,0.5,ug/l,False,0.5,,,515.3,UHL001,Actual,SW,Water,,,Lee,07100009,River/Stream,,40.4620485,-91.5670776
6,10560001,Des Moines River near Keokuk,07/05/2005 07:45:00,AMBIENT,88-85-7,Dinoseb,Total,,0.5,ug/l,False,0.5,,,515.3,UHL001,Actual,SW,Water,,,Lee,07100009,River/Stream,,40.4620485,-91.5670776
6,10560001,Des Moines River near Keokuk,07/05/2005 07:45:00,AMBIENT,93-72-1,Silvex,Total,,0.2,ug/l,False,0.2,,,515.3,UHL001,Actual,SW,Water,,,Lee,07100009,River/Stream,,40.4620485,-91.5670776
6,10560001,Des Moines River near Keokuk,07/05/2005 07:45:00,AMBIENT,93-76-5,"2,4,5-T",Total,,0.2,ug/l,False,0.2,,,515.3,UHL001,Actual,SW,Water,,,Lee,07100009,River/Stream,,40.4620485,-91.5670776
6,10560001,Des Moines River near Keokuk,07/05/2005 07:45:00,AMBIENT,94-75-7,"2,4-D",Total,,1,ug/l,False,1,,,515.3,UHL001,Actual,SW,Water,,,Lee,07100009,River/Stream,,40.4620485,-91.5670776
6,10560001,Des Moines River near Keokuk,07/05/2005 07:45:00,AMBIENT,94-82-6,"2,4-DB",Total,,1,ug/l,False,1,,,515.3,UHL001,Actual,SW,Water,,,Lee,07100009,River/Stream,,40.4620485,-91.5670776
6,10560001,Des Moines River near Keokuk,07/05/2005 07:45:00,AMBIENT,1007-28-9,2-Choro-6-ethylamino-4-amino-s-triazine,Total,,0.05,ug/l,False,0.05,,,507,UHL001,Actual,SW,Water,,,Lee,07100009,River/Stream,,40.4620485,-91.5670776
6,10560001,Des Moines River near Keokuk,07/05/2005 07:45:00,AMBIENT,121-75-5,Malathion,Total,,0.05,ug/l,False,0.05,,,507,UHL001,Actual,SW,Water,,,Lee,07100009,River/Stream,,40.4620485,-91.5670776
6,10560001,Des Moines River near Keokuk,07/05/2005 07:45:00,AMBIENT,122-34-9,Simazine,Total,,0.05,ug/l,False,0.05,,,507,UHL001,Actual,SW,Water,,,Lee,07100009,River/Stream,,40.4620485,-91.5670776
6,10560001,Des Moines River near Keokuk,07/05/2005 07:45:00,AMBIENT,13071-79-9,Terbufos,Total,,0.05,ug/l,False,0.05,,,507,UHL001,Actual,SW,Water,,,Lee,07100009,River/Stream,,40.4620485,-91.5670776
6,10560001,Des Moines River near Keokuk,07/05/2005 07:45:00,AMBIENT,13194-48-4,Ethoprop,Total,,0.05,ug/l,False,0.05,,,507,UHL001,Actual,SW,Water,,,Lee,07100009,River/Stream,,40.4620485,-91.5670776
6,10560001,Des Moines River near Keokuk,07/05/2005 07:45:00,AMBIENT,139-40-2,Propazine,Total,,0.05,ug/l,False,0.05,,,507,UHL001,Actual,SW,Water,,,Lee,07100009,River/Stream,,40.4620485,-91.5670776
6,10560001,Des Moines River near Keokuk,07/05/2005 07:45:00,AMBIENT,1563-66-2,Carbofuran,Total,,0.05,ug/l,False,0.05,,,507,UHL001,Actual,SW,Water,,,Lee,07100009,River/Stream,,40.4620485,-91.5670776
6,10560001,Des Moines River near Keokuk,07/05/2005 07:45:00,AMBIENT,1582-09-8,Trifluralin,Total,,0.05,ug/l,False,0.05,,,507,UHL001,Actual,SW,Water,,,Lee,07100009,River/Stream,,40.4620485,-91.5670776
6,10560001,Des Moines River near Keokuk,07/05/2005 07:45:00,AMBIENT,15972-60-8,Alachlor,Total,,0.05,ug/l,False,0.05,,,507,UHL001,Actual,SW,Water,,,Lee,07100009,River/Stream,,40.4620485,-91.5670776
6,10560001,Des Moines River near Keokuk,07/05/2005 07:45:00,AMBIENT,1610-18-0,Prometon,Total,,0.05,ug/l,False,0.05,,,507,UHL001,Actual,SW,Water,,,Lee,07100009,River/Stream,,40.4620485,-91.5670776
6,10560001,Des Moines River near Keokuk,07/05/2005 07:45:00,AMBIENT,1912-24-9,Atrazine,Total,,0.95,ug/l,True,0.05,,,507,UHL001,Actual,SW,Water,,,Lee,07100009,River/Stream,,40.4620485,-91.5670776
6,10560001,Des Moines River near Keokuk,07/05/2005 07:45:00,AMBIENT,1918-16-7,Propachlor,Total,,0.05,ug/l,False,0.05,,,507,UHL001,Actual,SW,Water,,,Lee,07100009,River/Stream,,40.4620485,-91.5670776
6,10560001,Des Moines River near Keokuk,07/05/2005 07:45:00,AMBIENT,2008-41-5,Butylate,Total,,0.05,ug/l,False,0.05,,,507,UHL001,Actual,SW,Water,,,Lee,07100009,River/Stream,,40.4620485,-91.5670776
6,10560001,Des Moines River near Keokuk,07/05/2005 07:45:00,AMBIENT,21087-64-9,Metribuzin,Total,,0.05,ug/l,False,0.05,,,507,UHL001,Actual,SW,Water,,,Lee,07100009,River/Stream,,40.4620485,-91.5670776
6,10560001,Des Moines River near Keokuk,07/05/2005 07:45:00,AMBIENT,21725-46-2,Cyanazine,Total,,0.05,ug/l,False,0.05,,,507,UHL001,Actual,SW,Water,,,Lee,07100009,River/Stream,,40.4620485,-91.5670776
6,10560001,Des Moines River near Keokuk,07/05/2005 07:45:00,AMBIENT,2303-17-5,Triallate,Total,,0.05,ug/l,False,0.05,,,507,UHL001,Actual,SW,Water,,,Lee,07100009,River/Stream,,40.4620485,-91.5670776
6,10560001,Des Moines River near Keokuk,07/05/2005 07:45:00,AMBIENT,23184-66-9,Butachlor,Total,,0.05,ug/l,False,0.05,,,507,UHL001,Actual,SW,Water,,,Lee,07100009,River/Stream,,40.4620485,-91.5670776
6,10560001,Des Moines River near Keokuk,07/05/2005 07:45:00,AMBIENT,25311-71-1,Isofenphos,Total,,0.05,ug/l,False,0.05,,,507,UHL001,Actual,SW,Water,,,Lee,07100009,River/Stream,,40.4620485,-91.5670776
6,10560001,Des Moines River near Keokuk,07/05/2005 07:45:00,AMBIENT,2921-88-2,Chlorpyrifos,Total,,0.05,ug/l,False,0.05,,,507,UHL001,Actual,SW,Water,,,Lee,07100009,River/Stream,,40.4620485,-91.5670776
6,10560001,Des Moines River near Keokuk,07/05/2005 07:45:00,AMBIENT,298-00-0,Methyl parathion,Total,,0.05,ug/l,False,0.05,,,507,UHL001,Actual,SW,Water,,,Lee,07100009,River/Stream,,40.4620485,-91.5670776
6,10560001,Des Moines River near Keokuk,07/05/2005 07:45:00,AMBIENT,298-02-2,Phorate,Total,,0.05,ug/l,False,0.05,,,507,UHL001,Actual,SW,Water,,,Lee,07100009,River/Stream,,40.4620485,-91.5670776
6,10560001,Des Moines River near Keokuk,07/05/2005 07:45:00,AMBIENT,298-04-4,Disulfoton,Total,,0.05,ug/l,False,0.05,,,507,UHL001,Actual,SW,Water,,,Lee,07100009,River/Stream,,40.4620485,-91.5670776
6,10560001,Des Moines River near Keokuk,07/05/2005 07:45:00,AMBIENT,314-40-9,Bromacil,Total,,0.05,ug/l,False,0.05,,,507,UHL001,Actual,SW,Water,,,Lee,07100009,River/Stream,,40.4620485,-91.5670776
6,10560001,Des Moines River near Keokuk,07/05/2005 07:45:00,AMBIENT,333-41-5,Diazinon,Total,,0.05,ug/l,False,0.05,,,507,UHL001,Actual,SW,Water,,,Lee,07100009,River/Stream,,40.4620485,-91.5670776
6,10560001,Des Moines River near Keokuk,07/05/2005 07:45:00,AMBIENT,34256-82-1,Acetochlor,Total,,0.13,ug/l,True,0.05,,,507,UHL001,Actual,SW,Water,,,Lee,07100009,River/Stream,,40.4620485,-91.5670776
6,10560001,Des Moines River near Keokuk,07/05/2005 07:45:00,AMBIENT,40487-42-1,Pendimethalin,Total,,0.05,ug/l,False,0.05,,,507,UHL001,Actual,SW,Water,,,Lee,07100009,River/Stream,,40.4620485,-91.5670776
6,10560001,Des Moines River near Keokuk,07/05/2005 07:45:00,AMBIENT,51218-45-2,Metolachlor,Total,,0.13,ug/l,True,0.05,,,507,UHL001,Actual,SW,Water,,,Lee,07100009,River/Stream,,40.4620485,-91.5670776
6,10560001,Des Moines River near Keokuk,07/05/2005 07:45:00,AMBIENT,56-38-2,Parathion,Total,,0.05,ug/l,False,0.05,,,507,UHL001,Actual,SW,Water,,,Lee,07100009,River/Stream,,40.4620485,-91.5670776
6,10560001,Des Moines River near Keokuk,07/05/2005 07:45:00,AMBIENT,60-51-5,Dimethoate,Total,,0.05,ug/l,False,0.05,,,507,UHL001,Actual,SW,Water,,,Lee,07100009,River/Stream,,40.4620485,-91.5670776
6,10560001,Des Moines River near Keokuk,07/05/2005 07:45:00,AMBIENT,6190-65-4,2-Chloro-4-isopropylamino-6-amino-s-triazine,Total,,0.11,ug/l,True,0.05,,,507,UHL001,Actual,SW,Water,,,Lee,07100009,River/Stream,,40.4620485,-91.5670776
6,10560001,Des Moines River near Keokuk,07/05/2005 07:45:00,AMBIENT,62-73-7,Dichlorvos,Total,,0.05,ug/l,False,0.05,,,507,UHL001,Actual,SW,Water,,,Lee,07100009,River/Stream,,40.4620485,-91.5670776
6,10560001,Des Moines River near Keokuk,07/05/2005 07:45:00,AMBIENT,63-25-2,Carbaryl,Total,,0.05,ug/l,False,0.05,,,507,UHL001,Actual,SW,Water,,,Lee,07100009,River/Stream,,40.4620485,-91.5670776
6,10560001,Des Moines River near Keokuk,07/05/2005 07:45:00,AMBIENT,759-94-4,S-Ethyl dipropylthiocarbamate,Total,,0.05,ug/l,False,0.05,,,507,UHL001,Actual,SW,Water,,,Lee,07100009,River/Stream,,40.4620485,-91.5670776
6,10560001,Des Moines River near Keokuk,07/05/2005 07:45:00,AMBIENT,81777-89-1,Clomazone,Total,,0.05,ug/l,False,0.05,,,507,UHL001,Actual,SW,Water,,,Lee,07100009,River/Stream,,40.4620485,-91.5670776
6,10560001,Des Moines River near Keokuk,07/05/2005 07:45:00,AMBIENT,834-12-8,Ametryn,Total,,0.05,ug/l,False,0.05,,,507,UHL001,Actual,SW,Water,,,Lee,07100009,River/Stream,,40.4620485,-91.5670776
6,10560001,Des Moines River near Keokuk,07/05/2005 07:45:00,AMBIENT,87674-68-8,Dimethenamid,Total,,0.05,ug/l,False,0.05,,,507,UHL001,Actual,SW,Water,,,Lee,07100009,River/Stream,,40.4620485,-91.5670776
6,10560001,Des Moines River near Keokuk,07/05/2005 07:45:00,AMBIENT,944-22-9,Fonofos,Total,,0.05,ug/l,False,0.05,,,507,UHL001,Actual,SW,Water,,,Lee,07100009,River/Stream,,40.4620485,-91.5670776
6,10560001,Des Moines River near Keokuk,07/05/2005 07:45:00,AMBIENT,7439-92-1,Lead,Total,,10,ug/l,False,10,,,200.8(W),UHL001,Actual,SW,Water,,,Lee,07100009,River/Stream,,40.4620485,-91.5670776
6,10560001,Des Moines River near Keokuk,07/05/2005 07:45:00,AMBIENT,7440-02-0,Nickel,Total,,50,ug/l,False,50,,,200.8(W),UHL001,Actual,SW,Water,,,Lee,07100009,River/Stream,,40.4620485,-91.5670776
6,10560001,Des Moines River near Keokuk,07/05/2005 07:45:00,AMBIENT,7440-22-4,Silver,Total,,10,ug/l,False,10,,,200.8(W),UHL001,Actual,SW,Water,,,Lee,07100009,River/Stream,,40.4620485,-91.5670776
6,10560001,Des Moines River near Keokuk,07/05/2005 07:45:00,AMBIENT,7440-28-0,Thallium,Total,,0.001,mg/l,False,0.001,,,200.8(W),UHL001,Actual,SW,Water,,,Lee,07100009,River/Stream,,40.4620485,-91.5670776
6,10560001,Des Moines River near Keokuk,07/05/2005 07:45:00,AMBIENT,7440-36-0,Antimony,Total,,0.005,mg/l,False,0.005,,,200.8(W),UHL001,Actual,SW,Water,,,Lee,07100009,River/Stream,,40.4620485,-91.5670776
6,10560001,Des Moines River near Keokuk,07/05/2005 07:45:00,AMBIENT,7440-38-2,Arsenic,Total,,10,ug/l,False,10,,,200.8(W),UHL001,Actual,SW,Water,,,Lee,07100009,River/Stream,,40.4620485,-91.5670776
6,10560001,Des Moines River near Keokuk,07/05/2005 07:45:00,AMBIENT,7440-41-7,Beryllium,Total,,0.02,mg/l,False,0.02,,,200.8(W),UHL001,Actual,SW,Water,,,Lee,07100009,River/Stream,,40.4620485,-91.5670776
6,10560001,Des Moines River near Keokuk,07/05/2005 07:45:00,AMBIENT,7440-43-9,Cadmium,Total,,1,ug/l,False,1,,,200.8(W),UHL001,Actual,SW,Water,,,Lee,07100009,River/Stream,,40.4620485,-91.5670776
6,10560001,Des Moines River near Keokuk,07/05/2005 07:45:00,AMBIENT,7440-47-3,Chromium,Total,,20,ug/l,False,20,,,200.8(W),UHL001,Actual,SW,Water,,,Lee,07100009,River/Stream,,40.4620485,-91.5670776
6,10560001,Des Moines River near Keokuk,07/05/2005 07:45:00,AMBIENT,7440-50-8,Copper,Total,,10,ug/l,False,10,,,200.8(W),UHL001,Actual,SW,Water,,,Lee,07100009,River/Stream,,40.4620485,-91.5670776
6,10560001,Des Moines River near Keokuk,07/05/2005 07:45:00,AMBIENT,7440-66-6,Zinc,Total,,20,ug/l,False,20,,,200.8(W),UHL001,Actual,SW,Water,,,Lee,07100009,River/Stream,,40.4620485,-91.5670776
6,10560001,Des Moines River near Keokuk,07/05/2005 07:45:00,AMBIENT,7782-49-2,Selenium,Total,,10,ug/l,False,10,,,200.8(W),UHL001,Actual,SW,Water,,,Lee,07100009,River/Stream,,40.4620485,-91.5670776
6,10560001,Des Moines River near Keokuk,07/05/2005 07:45:00,AMBIENT,CBOD-SC,"Carbonaceous biochemical oxygen demand, standard conditions",Total,,2,mg/l,False,2,,,5210-B,UHL001,Actual,SW,Water,,,Lee,07100009,River/Stream,,40.4620485,-91.5670776
6,10560001,Des Moines River near Keokuk,07/05/2005 07:45:00,AMBIENT,7440-44-0,Carbon,Total,,3.4,mg/l,True,0.5,,,415.1,UHL001,Actual,SW,Water,,,Lee,07100009,River/Stream,,40.4620485,-91.5670776
6,10560001,Des Moines River near Keokuk,07/05/2005 07:45:00,AMBIENT,16887-00-6,Chloride,Total,,23,mg/l,True,1,,,300(A),UHL001,Actual,SW,Water,,,Lee,07100009,River/Stream,,40.4620485,-91.5670776
6,10560001,Des Moines River near Keokuk,07/05/2005 07:45:00,AMBIENT,CLR-A-FREE,"Chlorophyll a, free of pheophytin",NonFilt,,12,ug/l,True,1,,,445,UHL001,Actual,SW,Water,,,Lee,07100009,River/Stream,,40.4620485,-91.5670776
6,10560001,Des Moines River near Keokuk,07/05/2005 07:45:00,AMBIENT,57-12-5,Cyanide,Total,,0.01,mg/l,False,0.01,,,335.2,UHL001,Actual,SW,Water,,,Lee,07100009,River/Stream,,40.4620485,-91.5670776
6,10560001,Des Moines River near Keokuk,07/05/2005 07:45:00,AMBIENT,68583-22-2,Escherichia coli,Total,,91,MPN/100ml,True,10,,,1603,UHL001,Actual,SW,Water,,,Lee,07100009,River/Stream,,40.4620485,-91.5670776
6,10560001,Des Moines River near Keokuk,07/05/2005 07:45:00,AMBIENT,HARD-CARB,"Hardness, carbonate",Total,,300,mg/l,True,1,,,130.2,UHL001,Actual,SW,Water,,,Lee,07100009,River/Stream,,40.4620485,-91.5670776
6,10560001,Des Moines River near Keokuk,07/05/2005 07:45:00,AMBIENT,7439-97-6,Mercury,Total,,5E-05,mg/l,False,0.00005,,,245.2,UHL001,Actual,SW,Water,,,Lee,07100009,River/Stream,,40.4620485,-91.5670776
6,10560001,Des Moines River near Keokuk,07/05/2005 07:45:00,AMBIENT,NIT-AMM,Ammonia-nitrogen (as N),Total,,0.05,mg/l,False,0.05,,,350.1,UHL001,Actual,SW,Water,,,Lee,07100009,River/Stream,,40.4620485,-91.5670776
6,10560001,Des Moines River near Keokuk,07/05/2005 07:45:00,AMBIENT,NIT-KJELD,Kjeldahl nitrogen (AS N),Total,,0.88,mg/l,True,0.1,,,351.2,UHL001,Actual,SW,Water,,UHL QC testing has shown that TKN concentrations under 1 mg/L should be reported to 1 decimal place when using method LAC10-107-06-2E.,Lee,07100009,River/Stream,,40.4620485,-91.5670776
6,10560001,Des Moines River near Keokuk,07/05/2005 07:45:00,AMBIENT,NIT-NO3-NO2,Inorganic nitrogen (nitrate and nitrite) (as N),Total,,10,mg/l,True,0.05,,,353.2,UHL001,Actual,SW,Water,,,Lee,07100009,River/Stream,,40.4620485,-91.5670776
6,10560001,Des Moines River near Keokuk,08/01/2005 08:30:00,AMBIENT,NIT-NO3-NO2,Inorganic nitrogen (nitrate and nitrite) (as N),Total,,5.5,mg/l,True,0.05,,,353.2,UHL001,Actual,SW,Water,,,Lee,07100009,River/Stream,,40.4620485,-91.5670776
6,10560001,Des Moines River near Keokuk,08/01/2005 08:30:00,AMBIENT,PHOSP-PHOSP,Phosphate-phosphorus (as P),Total,,0.15,mg/l,True,0.02,,,365.4,UHL001,Actual,SW,Water,,,Lee,07100009,River/Stream,,40.4620485,-91.5670776
6,10560001,Des Moines River near Keokuk,08/01/2005 08:30:00,AMBIENT,14265-44-2,Orthophosphate (as P),Dissolved,,0.02,mg/l,False,0.02,,,365.1,UHL001,Actual,SW,Water,,,Lee,07100009,River/Stream,,40.4620485,-91.5670776
6,10560001,Des Moines River near Keokuk,08/01/2005 08:30:00,AMBIENT,7631-86-9,Silica,Dissolved,,13,mg/l,True,1,,,370.1,UHL001,Actual,SW,Water,,,Lee,07100009,River/Stream,,40.4620485,-91.5670776
6,10560001,Des Moines River near Keokuk,08/01/2005 08:30:00,AMBIENT,TDS,Total dissolved solids,Dissolved,,310,mg/l,True,1,,,160.1,UHL001,Actual,SW,Water,,,Lee,07100009,River/Stream,,40.4620485,-91.5670776
6,10560001,Des Moines River near Keokuk,08/01/2005 08:30:00,AMBIENT,TFSS,Fixed suspended solids,NonFilt,,55,mg/l,True,1,,,160.4,UHL001,Calculated,SW,Water,,,Lee,07100009,River/Stream,,40.4620485,-91.5670776
6,10560001,Des Moines River near Keokuk,08/01/2005 08:30:00,AMBIENT,TVSS,Volatile Suspended Solids,NonFilt,,14,mg/l,True,1,,,160.4,UHL001,Actual,SW,Water,,,Lee,07100009,River/Stream,,40.4620485,-91.5670776
6,10560001,Des Moines River near Keokuk,08/01/2005 08:30:00,AMBIENT,TSS,Total suspended solids,NonFilt,,69,mg/l,True,1,,,I3765,UHL001,Actual,SW,Water,,,Lee,07100009,River/Stream,,40.4620485,-91.5670776
6,10560001,Des Moines River near Keokuk,08/01/2005 08:30:00,AMBIENT,SPEC-COND,Specific conductance,Total,,500,uS/cm,True,1,,,2510,UHL001,Actual,SW,Water,,,Lee,07100009,River/Stream,,40.4620485,-91.5670776
6,10560001,Des Moines River near Keokuk,08/01/2005 08:30:00,AMBIENT,TURB,Turbidity,Total,,32,NTU,True,1,,,180.1,UHL001,Actual,SW,Water,,,Lee,07100009,River/Stream,,40.4620485,-91.5670776
6,10560001,Des Moines River near Keokuk,09/01/2005 13:20:00,AMBIENT,7782-44-7,Dissolved oxygen (DO),Total,,9,mg/l,True,0.1,,,4500-O-G,,Actual,SW,Water,,,Lee,07100009,River/Stream,,40.4620485,-91.5670776
6,10560001,Des Moines River near Keokuk,09/01/2005 13:20:00,AMBIENT,FLOW,Flow,Total,,1100,cfs,True,0.1,,,USGS CA8,,Actual,SW,Water,,,Lee,07100009,River/Stream,,40.4620485,-91.5670776
6,10560001,Des Moines River near Keokuk,09/01/2005 13:20:00,AMBIENT,PH,pH,Total,,8.9,None,True,,,,4500-H,,Actual,SW,Water,,,Lee,07100009,River/Stream,,40.4620485,-91.5670776
6,10560001,Des Moines River near Keokuk,09/01/2005 13:20:00,AMBIENT,TEMP-WATER,"Temperature, water",Total,,27.2,deg C,True,0,,,2550,,Actual,SW,Water,,,Lee,07100009,River/Stream,,40.4620485,-91.5670776
6,10560001,Des Moines River near Keokuk,09/01/2005 13:20:00,AMBIENT,1007-28-9,2-Choro-6-ethylamino-4-amino-s-triazine,Total,,0.05,ug/l,False,0.05,,,507,UHL001,Actual,SW,Water,,,Lee,07100009,River/Stream,,40.4620485,-91.5670776
6,10560001,Des Moines River near Keokuk,09/01/2005 13:20:00,AMBIENT,122-34-9,Simazine,Total,,0.05,ug/l,False,0.05,,,507,UHL001,Actual,SW,Water,,,Lee,07100009,River/Stream,,40.4620485,-91.5670776
6,10560001,Des Moines River near Keokuk,09/01/2005 13:20:00,AMBIENT,139-40-2,Propazine,Total,,0.05,ug/l,False,0.05,,,507,UHL001,Actual,SW,Water,,,Lee,07100009,River/Stream,,40.4620485,-91.5670776
6,10560001,Des Moines River near Keokuk,09/01/2005 13:20:00,AMBIENT,1582-09-8,Trifluralin,Total,,0.05,ug/l,False,0.05,,,507,UHL001,Actual,SW,Water,,,Lee,07100009,River/Stream,,40.4620485,-91.5670776
6,10560001,Des Moines River near Keokuk,09/01/2005 13:20:00,AMBIENT,15972-60-8,Alachlor,Total,,0.05,ug/l,False,0.05,,,507,UHL001,Actual,SW,Water,,,Lee,07100009,River/Stream,,40.4620485,-91.5670776
6,10560001,Des Moines River near Keokuk,09/01/2005 13:20:00,AMBIENT,1610-18-0,Prometon,Total,,0.05,ug/l,False,0.05,,,507,UHL001,Actual,SW,Water,,,Lee,07100009,River/Stream,,40.4620485,-91.5670776
6,10560001,Des Moines River near Keokuk,09/01/2005 13:20:00,AMBIENT,1912-24-9,Atrazine,Total,,0.38,ug/l,True,0.05,,,507,UHL001,Actual,SW,Water,,,Lee,07100009,River/Stream,,40.4620485,-91.5670776
6,10560001,Des Moines River near Keokuk,09/01/2005 13:20:00,AMBIENT,1918-16-7,Propachlor,Total,,0.05,ug/l,False,0.05,,,507,UHL001,Actual,SW,Water,,,Lee,07100009,River/Stream,,40.4620485,-91.5670776
6,10560001,Des Moines River near Keokuk,09/01/2005 13:20:00,AMBIENT,2008-41-5,Butylate,Total,,0.05,ug/l,False,0.05,,,507,UHL001,Actual,SW,Water,,,Lee,07100009,River/Stream,,40.4620485,-91.5670776
6,10560001,Des Moines River near Keokuk,09/01/2005 13:20:00,AMBIENT,21087-64-9,Metribuzin,Total,,0.05,ug/l,False,0.05,,,507,UHL001,Actual,SW,Water,,,Lee,07100009,River/Stream,,40.4620485,-91.5670776
6,10560001,Des Moines River near Keokuk,09/01/2005 13:20:00,AMBIENT,21725-46-2,Cyanazine,Total,,0.05,ug/l,False,0.05,,,507,UHL001,Actual,SW,Water,,,Lee,07100009,River/Stream,,40.4620485,-91.5670776
6,10560001,Des Moines River near Keokuk,09/01/2005 13:20:00,AMBIENT,34256-82-1,Acetochlor,Total,,0.05,ug/l,False,0.05,,,507,UHL001,Actual,SW,Water,,,Lee,07100009,River/Stream,,40.4620485,-91.5670776
6,10560001,Des Moines River near Keokuk,09/01/2005 13:20:00,AMBIENT,51218-45-2,Metolachlor,Total,,0.05,ug/l,False,0.05,,,507,UHL001,Actual,SW,Water,,,Lee,07100009,River/Stream,,40.4620485,-91.5670776
6,10560001,Des Moines River near Keokuk,09/01/2005 13:20:00,AMBIENT,6190-65-4,2-Chloro-4-isopropylamino-6-amino-s-triazine,Total,,0.11,ug/l,True,0.05,,,507,UHL001,Actual,SW,Water,,,Lee,07100009,River/Stream,,40.4620485,-91.5670776
6,10560001,Des Moines River near Keokuk,09/01/2005 13:20:00,AMBIENT,759-94-4,S-Ethyl dipropylthiocarbamate,Total,,0.05,ug/l,False,0.05,,,507,UHL001,Actual,SW,Water,,,Lee,07100009,River/Stream,,40.4620485,-91.5670776
6,10560001,Des Moines River near Keokuk,09/01/2005 13:20:00,AMBIENT,834-12-8,Ametryn,Total,,0.05,ug/l,False,0.05,,,507,UHL001,Actual,SW,Water,,,Lee,07100009,River/Stream,,40.4620485,-91.5670776
6,10560001,Des Moines River near Keokuk,09/01/2005 13:20:00,AMBIENT,87674-68-8,Dimethenamid,Total,,0.05,ug/l,False,0.05,,,507,UHL001,Actual,SW,Water,,,Lee,07100009,River/Stream,,40.4620485,-91.5670776
6,10560001,Des Moines River near Keokuk,09/01/2005 13:20:00,AMBIENT,CBOD-SC,"Carbonaceous biochemical oxygen demand, standard conditions",Total,,7,mg/l,True,2,,,5210-B,UHL001,Actual,SW,Water,,,Lee,07100009,River/Stream,,40.4620485,-91.5670776
6,10560001,Des Moines River near Keokuk,09/01/2005 13:20:00,AMBIENT,7440-44-0,Carbon,Total,,8.7,mg/l,True,0.5,,,415.1,UHL001,Actual,SW,Water,,,Lee,07100009,River/Stream,,40.4620485,-91.5670776
6,10560001,Des Moines River near Keokuk,09/01/2005 13:20:00,AMBIENT,14808-79-8,Sulfate (as SO4),Total,,65,mg/l,True,1,,,300(A),UHL001,Actual,SW,Water,,,Lee,07100009,River/Stream,,40.4620485,-91.5670776
6,10560001,Des Moines River near Keokuk,09/01/2005 13:20:00,AMBIENT,16887-00-6,Chloride,Total,,39,mg/l,True,1,,,300(A),UHL001,Actual,SW,Water,,,Lee,07100009,River/Stream,,40.4620485,-91.5670776
6,10560001,Des Moines River near Keokuk,09/01/2005 13:20:00,AMBIENT,CLR-A-FREE,"Chlorophyll a, free of pheophytin",NonFilt,,120,ug/l,True,1,,,445,UHL001,Actual,SW,Water,,,Lee,07100009,River/Stream,,40.4620485,-91.5670776
6,10560001,Des Moines River near Keokuk,09/01/2005 13:20:00,AMBIENT,68583-22-2,Escherichia coli,Total,,73,MPN/100ml,True,10,,,1603,UHL001,Actual,SW,Water,,,Lee,07100009,River/Stream,,40.4620485,-91.5670776
6,10560001,Des Moines River near Keokuk,10/04/2005 08:45:00,AMBIENT,PH,pH,Total,,7.9,None,True,,,,4500-H,,Actual,SW,Water,,,Lee,07100009,River/Stream,,40.4620485,-91.5670776
6,10560001,Des Moines River near Keokuk,10/04/2005 08:45:00,AMBIENT,TEMP-WATER,"Temperature, water",Total,,22.6,deg C,True,0,,,2550,,Actual,SW,Water,,,Lee,07100009,River/Stream,,40.4620485,-91.5670776
6,10560001,Des Moines River near Keokuk,10/04/2005 08:45:00,AMBIENT,1007-28-9,2-Choro-6-ethylamino-4-amino-s-triazine,Total,,0.05,ug/l,False,0.05,,,507,UHL001,Actual,SW,Water,,,Lee,07100009,River/Stream,,40.4620485,-91.5670776
6,10560001,Des Moines River near Keokuk,10/04/2005 08:45:00,AMBIENT,122-34-9,Simazine,Total,,0.05,ug/l,False,0.05,,,507,UHL001,Actual,SW,Water,,,Lee,07100009,River/Stream,,40.4620485,-91.5670776
6,10560001,Des Moines River near Keokuk,10/04/2005 08:45:00,AMBIENT,139-40-2,Propazine,Total,,0.05,ug/l,False,0.05,,,507,UHL001,Actual,SW,Water,,,Lee,07100009,River/Stream,,40.4620485,-91.5670776
6,10560001,Des Moines River near Keokuk,10/04/2005 08:45:00,AMBIENT,1582-09-8,Trifluralin,Total,,0.05,ug/l,False,0.05,,,507,UHL001,Actual,SW,Water,,,Lee,07100009,River/Stream,,40.4620485,-91.5670776
6,10560001,Des Moines River near Keokuk,10/04/2005 08:45:00,AMBIENT,15972-60-8,Alachlor,Total,,0.05,ug/l,False,0.05,,,507,UHL001,Actual,SW,Water,,,Lee,07100009,River/Stream,,40.4620485,-91.5670776
6,10560001,Des Moines River near Keokuk,10/04/2005 08:45:00,AMBIENT,1610-18-0,Prometon,Total,,0.05,ug/l,False,0.05,,,507,UHL001,Actual,SW,Water,,,Lee,07100009,River/Stream,,40.4620485,-91.5670776
6,10560001,Des Moines River near Keokuk,10/04/2005 08:45:00,AMBIENT,1912-24-9,Atrazine,Total,,0.26,ug/l,True,0.05,,,507,UHL001,Actual,SW,Water,,,Lee,07100009,River/Stream,,40.4620485,-91.5670776
6,10560001,Des Moines River near Keokuk,10/04/2005 08:45:00,AMBIENT,1918-16-7,Propachlor,Total,,0.05,ug/l,False,0.05,,,507,UHL001,Actual,SW,Water,,,Lee,07100009,River/Stream,,40.4620485,-91.5670776
6,10560001,Des Moines River near Keokuk,10/04/2005 08:45:00,AMBIENT,2008-41-5,Butylate,Total,,0.05,ug/l,False,0.05,,,507,UHL001,Actual,SW,Water,,,Lee,07100009,River/Stream,,40.4620485,-91.5670776
6,10560001,Des Moines River near Keokuk,10/04/2005 08:45:00,AMBIENT,21087-64-9,Metribuzin,Total,,0.05,ug/l,False,0.05,,,507,UHL001,Actual,SW,Water,,,Lee,07100009,River/Stream,,40.4620485,-91.5670776
6,10560001,Des Moines River near Keokuk,10/04/2005 08:45:00,AMBIENT,21725-46-2,Cyanazine,Total,,0.05,ug/l,False,0.05,,,507,UHL001,Actual,SW,Water,,,Lee,07100009,River/Stream,,40.4620485,-91.5670776
6,10560001,Des Moines River near Keokuk,10/04/2005 08:45:00,AMBIENT,34256-82-1,Acetochlor,Total,,0.05,ug/l,False,0.05,,,507,UHL001,Actual,SW,Water,,,Lee,07100009,River/Stream,,40.4620485,-91.5670776
6,10560001,Des Moines River near Keokuk,10/04/2005 08:45:00,AMBIENT,51218-45-2,Metolachlor,Total,,0.05,ug/l,False,0.05,,,507,UHL001,Actual,SW,Water,,,Lee,07100009,River/Stream,,40.4620485,-91.5670776
6,10560001,Des Moines River near Keokuk,10/04/2005 08:45:00,AMBIENT,6190-65-4,2-Chloro-4-isopropylamino-6-amino-s-triazine,Total,,0.079,ug/l,True,0.05,,,507,UHL001,Actual,SW,Water,,,Lee,07100009,River/Stream,,40.4620485,-91.5670776
6,10560001,Des Moines River near Keokuk,10/04/2005 08:45:00,AMBIENT,759-94-4,S-Ethyl dipropylthiocarbamate,Total,,0.05,ug/l,False,0.05,,,507,UHL001,Actual,SW,Water,,,Lee,07100009,River/Stream,,40.4620485,-91.5670776
6,10560001,Des Moines River near Keokuk,10/04/2005 08:45:00,AMBIENT,834-12-8,Ametryn,Total,,0.05,ug/l,False,0.05,,,507,UHL001,Actual,SW,Water,,,Lee,07100009,River/Stream,,40.4620485,-91.5670776
6,10560001,Des Moines River near Keokuk,10/04/2005 08:45:00,AMBIENT,87674-68-8,Dimethenamid,Total,,0.05,ug/l,False,0.05,,,507,UHL001,Actual,SW,Water,,,Lee,07100009,River/Stream,,40.4620485,-91.5670776
6,10560001,Des Moines River near Keokuk,10/04/2005 08:45:00,AMBIENT,7439-92-1,Lead,Total,,10,ug/l,False,10,,,200.8(W),UHL001,Actual,SW,Water,,,Lee,07100009,River/Stream,,40.4620485,-91.5670776
6,10560001,Des Moines River near Keokuk,10/04/2005 08:45:00,AMBIENT,7440-02-0,Nickel,Total,,50,ug/l,False,50,,,200.8(W),UHL001,Actual,SW,Water,,,Lee,07100009,River/Stream,,40.4620485,-91.5670776
6,10560001,Des Moines River near Keokuk,10/04/2005 08:45:00,AMBIENT,7440-22-4,Silver,Total,,10,ug/l,False,10,,,200.8(W),UHL001,Actual,SW,Water,,,Lee,07100009,River/Stream,,40.4620485,-91.5670776
6,10560001,Des Moines River near Keokuk,10/04/2005 08:45:00,AMBIENT,7440-28-0,Thallium,Total,,0.001,mg/l,False,0.001,,,200.8(W),UHL001,Actual,SW,Water,,,Lee,07100009,River/Stream,,40.4620485,-91.5670776
6,10560001,Des Moines River near Keokuk,10/04/2005 08:45:00,AMBIENT,7440-36-0,Antimony,Total,,0.005,mg/l,False,0.005,,,200.8(W),UHL001,Actual,SW,Water,,,Lee,07100009,River/Stream,,40.4620485,-91.5670776
6,10560001,Des Moines River near Keokuk,10/04/2005 08:45:00,AMBIENT,7440-38-2,Arsenic,Total,,10,ug/l,False,10,,,200.8(W),UHL001,Actual,SW,Water,,,Lee,07100009,River/Stream,,40.4620485,-91.5670776
6,10560001,Des Moines River near Keokuk,10/04/2005 08:45:00,AMBIENT,7440-41-7,Beryllium,Total,,0.02,mg/l,False,0.02,,,200.8(W),UHL001,Actual,SW,Water,,,Lee,07100009,River/Stream,,40.4620485,-91.5670776
6,10560001,Des Moines River near Keokuk,10/04/2005 08:45:00,AMBIENT,7440-43-9,Cadmium,Total,,1,ug/l,False,1,,,200.8(W),UHL001,Actual,SW,Water,,,Lee,07100009,River/Stream,,40.4620485,-91.5670776
6,10560001,Des Moines River near Keokuk,10/04/2005 08:45:00,AMBIENT,7440-47-3,Chromium,Total,,20,ug/l,False,20,,,200.8(W),UHL001,Actual,SW,Water,,,Lee,07100009,River/Stream,,40.4620485,-91.5670776
6,10560001,Des Moines River near Keokuk,10/04/2005 08:45:00,AMBIENT,7440-50-8,Copper,Total,,10,ug/l,False,10,,,200.8(W),UHL001,Actual,SW,Water,,,Lee,07100009,River/Stream,,40.4620485,-91.5670776
6,10560001,Des Moines River near Keokuk,10/04/2005 08:45:00,AMBIENT,7440-66-6,Zinc,Total,,20,ug/l,False,20,,,200.8(W),UHL001,Actual,SW,Water,,,Lee,07100009,River/Stream,,40.4620485,-91.5670776
6,10560001,Des Moines River near Keokuk,10/04/2005 08:45:00,AMBIENT,7782-49-2,Selenium,Total,,10,ug/l,False,10,,,200.8(W),UHL001,Actual,SW,Water,,,Lee,07100009,River/Stream,,40.4620485,-91.5670776
6,10560001,Des Moines River near Keokuk,10/04/2005 08:45:00,AMBIENT,CBOD-SC,"Carbonaceous biochemical oxygen demand, standard conditions",Total,,2,mg/l,False,2,,,5210-B,UHL001,Actual,SW,Water,,,Lee,07100009,River/Stream,,40.4620485,-91.5670776
6,10560001,Des Moines River near Keokuk,10/04/2005 08:45:00,AMBIENT,7440-44-0,Carbon,Total,,8.3,mg/l,True,0.5,,,415.1,UHL001,Actual,SW,Water,,,Lee,07100009,River/Stream,,40.4620485,-91.5670776
6,10560001,Des Moines River near Keokuk,10/04/2005 08:45:00,AMBIENT,14808-79-8,Sulfate (as SO4),Total,,61,mg/l,True,1,,,300(A),UHL001,Actual,SW,Water,,,Lee,07100009,River/Stream,,40.4620485,-91.5670776
6,10560001,Des Moines River near Keokuk,10/04/2005 08:45:00,AMBIENT,16887-00-6,Chloride,Total,,34,mg/l,True,1,,,300(A),UHL001,Actual,SW,Water,,,Lee,07100009,River/Stream,,40.4620485,-91.5670776
6,10560001,Des Moines River near Keokuk,10/04/2005 08:45:00,AMBIENT,CLR-A-FREE,"Chlorophyll a, free of pheophytin",NonFilt,,27,ug/l,True,1,,,445,UHL001,Actual,SW,Water,,,Lee,07100009,River/Stream,,40.4620485,-91.5670776
6,10560001,Des Moines River near Keokuk,10/04/2005 08:45:00,AMBIENT,57-12-5,Cyanide,Total,,0.01,mg/l,False,0.01,,,335.2,UHL001,Actual,SW,Water,,,Lee,07100009,River/Stream,,40.4620485,-91.5670776
6,10560001,Des Moines River near Keokuk,10/04/2005 08:45:00,AMBIENT,68583-22-2,Escherichia coli,Total,,220,MPN/100ml,True,10,,,1603,UHL001,Actual,SW,Water,,,Lee,07100009,River/Stream,,40.4620485,-91.5670776
6,10560001,Des Moines River near Keokuk,10/04/2005 08:45:00,AMBIENT,HARD-CARB,"Hardness, carbonate",Total,,270,mg/l,True,1,,,130.2,UHL001,Actual,SW,Water,,,Lee,07100009,River/Stream,,40.4620485,-91.5670776
6,10560001,Des Moines River near Keokuk,10/04/2005 08:45:00,AMBIENT,7439-97-6,Mercury,Total,,5E-05,mg/l,False,0.00005,,,245.2,UHL001,Actual,SW,Water,,,Lee,07100009,River/Stream,,40.4620485,-91.5670776
6,10560001,Des Moines River near Keokuk,10/04/2005 08:45:00,AMBIENT,NIT-AMM,Ammonia-nitrogen (as N),Total,,0.05,mg/l,False,0.05,,,350.1,UHL001,Actual,SW,Water,,,Lee,07100009,River/Stream,,40.4620485,-91.5670776
6,10560001,Des Moines River near Keokuk,10/04/2005 08:45:00,AMBIENT,NIT-KJELD,Kjeldahl nitrogen (AS N),Total,,0.9,mg/l,True,0.1,,,351.2,UHL001,Actual,SW,Water,,,Lee,07100009,River/Stream,,40.4620485,-91.5670776
6,10560001,Des Moines River near Keokuk,10/04/2005 08:45:00,AMBIENT,NIT-NO3-NO2,Inorganic nitrogen (nitrate and nitrite) (as N),Total,,2.3,mg/l,True,0.05,,,353.2,UHL001,Actual,SW,Water,,,Lee,07100009,River/Stream,,40.4620485,-91.5670776
6,10560001,Des Moines River near Keokuk,10/04/2005 08:45:00,AMBIENT,PHOSP-PHOSP,Phosphate-phosphorus (as P),Total,,0.47,mg/l,True,0.02,,,365.4,UHL001,Actual,SW,Water,,,Lee,07100009,River/Stream,,40.4620485,-91.5670776
6,10560001,Des Moines River near Keokuk,10/04/2005 08:45:00,AMBIENT,14265-44-2,Orthophosphate (as P),Dissolved,,0.19,mg/l,True,0.02,,,365.1,UHL001,Actual,SW,Water,,,Lee,07100009,River/Stream,,40.4620485,-91.5670776
6,10560001,Des Moines River near Keokuk,10/04/2005 08:45:00,AMBIENT,7631-86-9,Silica,Dissolved,,14,mg/l,True,1,,,370.1,UHL001,Actual,SW,Water,,,Lee,07100009,River/Stream,,40.4620485,-91.5670776
6,10560001,Des Moines River near Keokuk,10/04/2005 08:45:00,AMBIENT,TDS,Total dissolved solids,Dissolved,,320,mg/l,True,1,,,160.1,UHL001,Actual,SW,Water,,,Lee,07100009,River/Stream,,40.4620485,-91.5670776
6,10560001,Des Moines River near Keokuk,10/04/2005 08:45:00,AMBIENT,TFSS,Fixed suspended solids,NonFilt,,220,mg/l,True,1,,,160.4,UHL001,Calculated,SW,Water,,,Lee,07100009,River/Stream,,40.4620485,-91.5670776
6,10560001,Des Moines River near Keokuk,10/04/2005 08:45:00,AMBIENT,TVSS,Volatile Suspended Solids,NonFilt,,24,mg/l,True,1,,,160.4,UHL001,Actual,SW,Water,,,Lee,07100009,River/Stream,,40.4620485,-91.5670776
6,10560001,Des Moines River near Keokuk,11/02/2005 09:15:00,AMBIENT,7782-44-7,Dissolved oxygen (DO),Total,,10.9,mg/l,True,0.1,,,4500-O-G,,Actual,SW,Water,,,Lee,07100009,River/Stream,,40.4620485,-91.5670776
6,10560001,Des Moines River near Keokuk,11/02/2005 09:15:00,AMBIENT,FLOW,Flow,Total,,3000,cfs,True,0.1,,,USGS CA8,,Actual,SW,Water,,,Lee,07100009,River/Stream,,40.4620485,-91.5670776
6,10560001,Des Moines River near Keokuk,11/02/2005 09:15:00,AMBIENT,PH,pH,Total,,8.6,None,True,,,,4500-H,,Actual,SW,Water,,,Lee,07100009,River/Stream,,40.4620485,-91.5670776
6,10560001,Des Moines River near Keokuk,11/02/2005 09:15:00,AMBIENT,TEMP-WATER,"Temperature, water",Total,,11.8,deg C,True,0,,,2550,,Actual,SW,Water,,,Lee,07100009,River/Stream,,40.4620485,-91.5670776
6,10560001,Des Moines River near Keokuk,11/02/2005 09:15:00,AMBIENT,1007-28-9,2-Choro-6-ethylamino-4-amino-s-triazine,Total,,0.05,ug/l,False,0.05,,,507,UHL001,Actual,SW,Water,,,Lee,07100009,River/Stream,,40.4620485,-91.5670776
6,10560001,Des Moines River near Keokuk,11/02/2005 09:15:00,AMBIENT,122-34-9,Simazine,Total,,0.05,ug/l,False,0.05,,,507,UHL001,Actual,SW,Water,,,Lee,07100009,River/Stream,,40.4620485,-91.5670776
6,10560001,Des Moines River near Keokuk,11/02/2005 09:15:00,AMBIENT,139-40-2,Propazine,Total,,0.05,ug/l,False,0.05,,,507,UHL001,Actual,SW,Water,,,Lee,07100009,River/Stream,,40.4620485,-91.5670776
6,10560001,Des Moines River near Keokuk,11/02/2005 09:15:00,AMBIENT,1582-09-8,Trifluralin,Total,,0.05,ug/l,False,0.05,,,507,UHL001,Actual,SW,Water,,,Lee,07100009,River/Stream,,40.4620485,-91.5670776
6,10560001,Des Moines River near Keokuk,11/02/2005 09:15:00,AMBIENT,15972-60-8,Alachlor,Total,,0.05,ug/l,False,0.05,,,507,UHL001,Actual,SW,Water,,,Lee,07100009,River/Stream,,40.4620485,-91.5670776
6,10560001,Des Moines River near Keokuk,11/02/2005 09:15:00,AMBIENT,1610-18-0,Prometon,Total,,0.05,ug/l,False,0.05,,,507,UHL001,Actual,SW,Water,,,Lee,07100009,River/Stream,,40.4620485,-91.5670776
6,10560001,Des Moines River near Keokuk,11/02/2005 09:15:00,AMBIENT,1912-24-9,Atrazine,Total,,0.11,ug/l,True,0.05,,,507,UHL001,Actual,SW,Water,,,Lee,07100009,River/Stream,,40.4620485,-91.5670776
6,10560001,Des Moines River near Keokuk,11/02/2005 09:15:00,AMBIENT,1918-16-7,Propachlor,Total,,0.05,ug/l,False,0.05,,,507,UHL001,Actual,SW,Water,,,Lee,07100009,River/Stream,,40.4620485,-91.5670776
6,10560001,Des Moines River near Keokuk,11/02/2005 09:15:00,AMBIENT,2008-41-5,Butylate,Total,,0.05,ug/l,False,0.05,,,507,UHL001,Actual,SW,Water,,,Lee,07100009,River/Stream,,40.4620485,-91.5670776
6,10560001,Des Moines River near Keokuk,11/02/2005 09:15:00,AMBIENT,21087-64-9,Metribuzin,Total,,0.05,ug/l,False,0.05,,,507,UHL001,Actual,SW,Water,,,Lee,07100009,River/Stream,,40.4620485,-91.5670776
6,10560001,Des Moines River near Keokuk,11/02/2005 09:15:00,AMBIENT,21725-46-2,Cyanazine,Total,,0.05,ug/l,False,0.05,,,507,UHL001,Actual,SW,Water,,,Lee,07100009,River/Stream,,40.4620485,-91.5670776
6,10560001,Des Moines River near Keokuk,11/02/2005 09:15:00,AMBIENT,34256-82-1,Acetochlor,Total,,0.05,ug/l,False,0.05,,,507,UHL001,Actual,SW,Water,,,Lee,07100009,River/Stream,,40.4620485,-91.5670776
6,10560001,Des Moines River near Keokuk,11/02/2005 09:15:00,AMBIENT,51218-45-2,Metolachlor,Total,,0.05,ug/l,False,0.05,,,507,UHL001,Actual,SW,Water,,,Lee,07100009,River/Stream,,40.4620485,-91.5670776
6,10560001,Des Moines River near Keokuk,11/02/2005 09:15:00,AMBIENT,6190-65-4,2-Chloro-4-isopropylamino-6-amino-s-triazine,Total,,0.05,ug/l,True,0.05,,,507,UHL001,Actual,SW,Water,,,Lee,07100009,River/Stream,,40.4620485,-91.5670776
6,10560001,Des Moines River near Keokuk,11/02/2005 09:15:00,AMBIENT,759-94-4,S-Ethyl dipropylthiocarbamate,Total,,0.05,ug/l,False,0.05,,,507,UHL001,Actual,SW,Water,,,Lee,07100009,River/Stream,,40.4620485,-91.5670776
6,10560001,Des Moines River near Keokuk,11/02/2005 09:15:00,AMBIENT,834-12-8,Ametryn,Total,,0.05,ug/l,False,0.05,,,507,UHL001,Actual,SW,Water,,,Lee,07100009,River/Stream,,40.4620485,-91.5670776
6,10560001,Des Moines River near Keokuk,11/02/2005 09:15:00,AMBIENT,87674-68-8,Dimethenamid,Total,,0.05,ug/l,False,0.05,,,507,UHL001,Actual,SW,Water,,,Lee,07100009,River/Stream,,40.4620485,-91.5670776
6,10560001,Des Moines River near Keokuk,11/02/2005 09:15:00,AMBIENT,CBOD-SC,"Carbonaceous biochemical oxygen demand, standard conditions",Total,,2,mg/l,False,2,,,5210-B,UHL001,Actual,SW,Water,,,Lee,07100009,River/Stream,,40.4620485,-91.5670776
6,10560001,Des Moines River near Keokuk,11/02/2005 09:15:00,AMBIENT,7440-44-0,Carbon,Total,,6.9,mg/l,True,0.5,,,415.1,UHL001,Actual,SW,Water,,,Lee,07100009,River/Stream,,40.4620485,-91.5670776
6,10560001,Des Moines River near Keokuk,11/02/2005 09:15:00,AMBIENT,14808-79-8,Sulfate (as SO4),Total,,72,mg/l,True,1,,,300(A),UHL001,Actual,SW,Water,,,Lee,07100009,River/Stream,,40.4620485,-91.5670776
6,10560001,Des Moines River near Keokuk,11/02/2005 09:15:00,AMBIENT,16887-00-6,Chloride,Total,,32,mg/l,True,1,,,300(A),UHL001,Actual,SW,Water,,,Lee,07100009,River/Stream,,40.4620485,-91.5670776
6,10560001,Des Moines River near Keokuk,11/02/2005 09:15:00,AMBIENT,CLR-A-FREE,"Chlorophyll a, free of pheophytin",NonFilt,,19,ug/l,True,1,,,445,UHL001,Actual,SW,Water,,,Lee,07100009,River/Stream,,40.4620485,-91.5670776
6,10560001,Des Moines River near Keokuk,11/02/2005 09:15:00,AMBIENT,68583-22-2,Escherichia coli,Total,,10,MPN/100ml,False,10,,,1603,UHL001,Actual,SW,Water,,,Lee,07100009,River/Stream,,40.4620485,-91.5670776
6,10560001,Des Moines River near Keokuk,11/02/2005 09:15:00,AMBIENT,HARD-CARB,"Hardness, carbonate",Total,,310,mg/l,True,1,,,130.2,UHL001,Actual,SW,Water,,,Lee,07100009,River/Stream,,40.4620485,-91.5670776
6,10560001,Des Moines River near Keokuk,11/02/2005 09:15:00,AMBIENT,NIT-AMM,Ammonia-nitrogen (as N),Total,,0.05,mg/l,False,0.05,,,350.1,UHL001,Actual,SW,Water,,,Lee,07100009,River/Stream,,40.4620485,-91.5670776
6,10560001,Des Moines River near Keokuk,11/02/2005 09:15:00,AMBIENT,NIT-KJELD,Kjeldahl nitrogen (AS N),Total,,1,mg/l,True,0.1,,,351.2,UHL001,Actual,SW,Water,,,Lee,07100009,River/Stream,,40.4620485,-91.5670776
6,10560001,Des Moines River near Keokuk,11/02/2005 09:15:00,AMBIENT,NIT-NO3-NO2,Inorganic nitrogen (nitrate and nitrite) (as N),Total,,4.1,mg/l,True,0.05,,,353.2,UHL001,Actual,SW,Water,,,Lee,07100009,River/Stream,,40.4620485,-91.5670776
6,10560001,Des Moines River near Keokuk,11/02/2005 09:15:00,AMBIENT,PHOSP-PHOSP,Phosphate-phosphorus (as P),Total,,0.4,mg/l,True,0.02,,,365.4,UHL001,Actual,SW,Water,,,Lee,07100009,River/Stream,,40.4620485,-91.5670776
6,10560001,Des Moines River near Keokuk,11/02/2005 09:15:00,AMBIENT,14265-44-2,Orthophosphate (as P),Dissolved,,0.22,mg/l,True,0.02,,,365.1,UHL001,Actual,SW,Water,,,Lee,07100009,River/Stream,,40.4620485,-91.5670776
6,10560001,Des Moines River near Keokuk,11/02/2005 09:15:00,AMBIENT,7631-86-9,Silica,Dissolved,,18,mg/l,True,1,,,370.1,UHL001,Actual,SW,Water,,,Lee,07100009,River/Stream,,40.4620485,-91.5670776
6,10560001,Des Moines River near Keokuk,12/01/2005 09:45:00,AMBIENT,NIT-AMM,Ammonia-nitrogen (as N),Total,,0.05,mg/l,False,0.05,,,350.1,UHL001,Actual,SW,Water,,,Lee,07100009,River/Stream,,40.4620485,-91.5670776
6,10560001,Des Moines River near Keokuk,12/01/2005 09:45:00,AMBIENT,NIT-KJELD,Kjeldahl nitrogen (AS N),Total,,0.6,mg/l,True,0.1,,,351.2,UHL001,Actual,SW,Water,,,Lee,07100009,River/Stream,,40.4620485,-91.5670776
6,10560001,Des Moines River near Keokuk,12/01/2005 09:45:00,AMBIENT,NIT-NO3-NO2,Inorganic nitrogen (nitrate and nitrite) (as N),Total,,4,mg/l,True,0.05,,,353.2,UHL001,Actual,SW,Water,,,Lee,07100009,River/Stream,,40.4620485,-91.5670776
6,10560001,Des Moines River near Keokuk,12/01/2005 09:45:00,AMBIENT,PHOSP-PHOSP,Phosphate-phosphorus (as P),Total,,2.6,mg/l,True,0.05,,,365.4,UHL001,Actual,SW,Water,,,Lee,07100009,River/Stream,,40.4620485,-91.5670776
6,10560001,Des Moines River near Keokuk,12/01/2005 09:45:00,AMBIENT,14265-44-2,Orthophosphate (as P),Dissolved,,0.18,mg/l,True,0.02,,,365.1,UHL001,Actual,SW,Water,,,Lee,07100009,River/Stream,,40.4620485,-91.5670776
6,10560001,Des Moines River near Keokuk,12/01/2005 09:45:00,AMBIENT,7631-86-9,Silica,Dissolved,,13,mg/l,True,1,,,370.1,UHL001,Actual,SW,Water,,,Lee,07100009,River/Stream,,40.4620485,-91.5670776
6,10560001,Des Moines River near Keokuk,12/01/2005 09:45:00,AMBIENT,TDS,Total dissolved solids,Dissolved,,390,mg/l,True,1,,,160.1,UHL001,Actual,SW,Water,,,Lee,07100009,River/Stream,,40.4620485,-91.5670776
6,10560001,Des Moines River near Keokuk,12/01/2005 09:45:00,AMBIENT,TFSS,Fixed suspended solids,NonFilt,,4,mg/l,True,1,,,160.4,UHL001,Calculated,SW,Water,,,Lee,07100009,River/Stream,,40.4620485,-91.5670776
6,10560001,Des Moines River near Keokuk,12/01/2005 09:45:00,AMBIENT,TVSS,Volatile Suspended Solids,NonFilt,,1,mg/l,True,1,,,160.4,UHL001,Actual,SW,Water,,,Lee,07100009,River/Stream,,40.4620485,-91.5670776
6,10560001,Des Moines River near Keokuk,12/01/2005 09:45:00,AMBIENT,TSS,Total suspended solids,NonFilt,,5,mg/l,True,1,,,I3765,UHL001,Actual,SW,Water,,,Lee,07100009,River/Stream,,40.4620485,-91.5670776
6,10560001,Des Moines River near Keokuk,12/01/2005 09:45:00,AMBIENT,SPEC-COND,Specific conductance,Total,,750,uS/cm,True,1,,,2510,UHL001,Actual,SW,Water,,,Lee,07100009,River/Stream,,40.4620485,-91.5670776
6,10560001,Des Moines River near Keokuk,12/01/2005 09:45:00,AMBIENT,TURB,Turbidity,Total,,4.5,NTU,True,1,,,180.1,UHL001,Actual,SW,Water,,,Lee,07100009,River/Stream,,40.4620485,-91.5670776
6,10560001,Des Moines River near Keokuk,01/05/2006 09:25:00,AMBIENT,7782-44-7,Dissolved oxygen (DO),Total,,13.3,mg/l,True,0.1,,,4500-O-G,,Actual,SW,Water,,,Lee,07100009,River/Stream,,40.4620485,-91.5670776
6,10560001,Des Moines River near Keokuk,01/05/2006 09:25:00,AMBIENT,FLOW,Flow,Total,,2600,cfs,True,0.1,,,USGS CA8,,Actual,SW,Water,,,Lee,07100009,River/Stream,,40.4620485,-91.5670776
6,10560001,Des Moines River near Keokuk,01/05/2006 09:25:00,AMBIENT,PH,pH,Total,,8.7,None,True,,,,4500-H,,Actual,SW,Water,,,Lee,07100009,River/Stream,,40.4620485,-91.5670776
6,10560001,Des Moines River near Keokuk,01/05/2006 09:25:00,AMBIENT,TEMP-WATER,"Temperature, water",Total,,3.7,deg C,True,0,,,2550,,Actual,SW,Water,,,Lee,07100009,River/Stream,,40.4620485,-91.5670776
6,10560001,Des Moines River near Keokuk,01/05/2006 09:25:00,AMBIENT,1007-28-9,2-Choro-6-ethylamino-4-amino-s-triazine,Total,,0.05,ug/l,False,0.05,,,507,UHL001,Actual,SW,Water,,,Lee,07100009,River/Stream,,40.4620485,-91.5670776
6,10560001,Des Moines River near Keokuk,01/05/2006 09:25:00,AMBIENT,122-34-9,Simazine,Total,,0.05,ug/l,False,0.05,,,507,UHL001,Actual,SW,Water,,,Lee,07100009,River/Stream,,40.4620485,-91.5670776
6,10560001,Des Moines River near Keokuk,01/05/2006 09:25:00,AMBIENT,139-40-2,Propazine,Total,,0.05,ug/l,False,0.05,,,507,UHL001,Actual,SW,Water,,,Lee,07100009,River/Stream,,40.4620485,-91.5670776
6,10560001,Des Moines River near Keokuk,01/05/2006 09:25:00,AMBIENT,1582-09-8,Trifluralin,Total,,0.05,ug/l,False,0.05,,,507,UHL001,Actual,SW,Water,,,Lee,07100009,River/Stream,,40.4620485,-91.5670776
6,10560001,Des Moines River near Keokuk,01/05/2006 09:25:00,AMBIENT,15972-60-8,Alachlor,Total,,0.05,ug/l,False,0.05,,,507,UHL001,Actual,SW,Water,,,Lee,07100009,River/Stream,,40.4620485,-91.5670776
6,10560001,Des Moines River near Keokuk,01/05/2006 09:25:00,AMBIENT,1610-18-0,Prometon,Total,,0.05,ug/l,False,0.05,,,507,UHL001,Actual,SW,Water,,,Lee,07100009,River/Stream,,40.4620485,-91.5670776
6,10560001,Des Moines River near Keokuk,01/05/2006 09:25:00,AMBIENT,1912-24-9,Atrazine,Total,,0.061,ug/l,True,0.05,,,507,UHL001,Actual,SW,Water,,,Lee,07100009,River/Stream,,40.4620485,-91.5670776
6,10560001,Des Moines River near Keokuk,01/05/2006 09:25:00,AMBIENT,1918-16-7,Propachlor,Total,,0.05,ug/l,False,0.05,,,507,UHL001,Actual,SW,Water,,,Lee,07100009,River/Stream,,40.4620485,-91.5670776
6,10560001,Des Moines River near Keokuk,01/05/2006 09:25:00,AMBIENT,2008-41-5,Butylate,Total,,0.05,ug/l,False,0.05,,,507,UHL001,Actual,SW,Water,,,Lee,07100009,River/Stream,,40.4620485,-91.5670776
6,10560001,Des Moines River near Keokuk,01/05/2006 09:25:00,AMBIENT,21087-64-9,Metribuzin,Total,,0.05,ug/l,False,0.05,,,507,UHL001,Actual,SW,Water,,,Lee,07100009,River/Stream,,40.4620485,-91.5670776
6,10560001,Des Moines River near Keokuk,01/05/2006 09:25:00,AMBIENT,21725-46-2,Cyanazine,Total,,0.05,ug/l,False,0.05,,,507,UHL001,Actual,SW,Water,,,Lee,07100009,River/Stream,,40.4620485,-91.5670776
6,10560001,Des Moines River near Keokuk,01/05/2006 09:25:00,AMBIENT,34256-82-1,Acetochlor,Total,,0.05,ug/l,False,0.05,,,507,UHL001,Actual,SW,Water,,,Lee,07100009,River/Stream,,40.4620485,-91.5670776
6,10560001,Des Moines River near Keokuk,01/05/2006 09:25:00,AMBIENT,51218-45-2,Metolachlor,Total,,0.05,ug/l,False,0.05,,,507,UHL001,Actual,SW,Water,,,Lee,07100009,River/Stream,,40.4620485,-91.5670776
6,10560001,Des Moines River near Keokuk,01/05/2006 09:25:00,AMBIENT,6190-65-4,2-Chloro-4-isopropylamino-6-amino-s-triazine,Total,,0.05,ug/l,False,0.05,,,507,UHL001,Actual,SW,Water,,,Lee,07100009,River/Stream,,40.4620485,-91.5670776
6,10560001,Des Moines River near Keokuk,01/05/2006 09:25:00,AMBIENT,759-94-4,S-Ethyl dipropylthiocarbamate,Total,,0.05,ug/l,False,0.05,,,507,UHL001,Actual,SW,Water,,,Lee,07100009,River/Stream,,40.4620485,-91.5670776
6,10560001,Des Moines River near Keokuk,01/05/2006 09:25:00,AMBIENT,834-12-8,Ametryn,Total,,0.05,ug/l,False,0.05,,,507,UHL001,Actual,SW,Water,,,Lee,07100009,River/Stream,,40.4620485,-91.5670776
6,10560001,Des Moines River near Keokuk,01/05/2006 09:25:00,AMBIENT,87674-68-8,Dimethenamid,Total,,0.05,ug/l,False,0.05,,,507,UHL001,Actual,SW,Water,,,Lee,07100009,River/Stream,,40.4620485,-91.5670776
6,10560001,Des Moines River near Keokuk,01/05/2006 09:25:00,AMBIENT,7439-92-1,Lead,Total,,10,ug/l,False,10,,,200.8(W),UHL001,Actual,SW,Water,,,Lee,07100009,River/Stream,,40.4620485,-91.5670776
6,10560001,Des Moines River near Keokuk,01/05/2006 09:25:00,AMBIENT,7440-02-0,Nickel,Total,,50,ug/l,False,50,,,200.8(W),UHL001,Actual,SW,Water,,,Lee,07100009,River/Stream,,40.4620485,-91.5670776
6,10560001,Des Moines River near Keokuk,01/05/2006 09:25:00,AMBIENT,7440-22-4,Silver,Total,,10,ug/l,False,10,,,200.8(W),UHL001,Actual,SW,Water,,,Lee,07100009,River/Stream,,40.4620485,-91.5670776
6,10560001,Des Moines River near Keokuk,01/05/2006 09:25:00,AMBIENT,7440-28-0,Thallium,Total,,0.001,mg/l,False,0.001,,,200.8(W),UHL001,Actual,SW,Water,,,Lee,07100009,River/Stream,,40.4620485,-91.5670776
6,10560001,Des Moines River near Keokuk,01/05/2006 09:25:00,AMBIENT,7440-36-0,Antimony,Total,,0.005,mg/l,False,0.005,,,200.8(W),UHL001,Actual,SW,Water,,,Lee,07100009,River/Stream,,40.4620485,-91.5670776
6,10560001,Des Moines River near Keokuk,01/05/2006 09:25:00,AMBIENT,7440-38-2,Arsenic,Total,,10,ug/l,False,10,,,200.8(W),UHL001,Actual,SW,Water,,,Lee,07100009,River/Stream,,40.4620485,-91.5670776
6,10560001,Des Moines River near Keokuk,01/05/2006 09:25:00,AMBIENT,7440-41-7,Beryllium,Total,,0.02,mg/l,False,0.02,,,200.8(W),UHL001,Actual,SW,Water,,,Lee,07100009,River/Stream,,40.4620485,-91.5670776
6,10560001,Des Moines River near Keokuk,01/05/2006 09:25:00,AMBIENT,7440-43-9,Cadmium,Total,,1,ug/l,False,1,,,200.8(W),UHL001,Actual,SW,Water,,,Lee,07100009,River/Stream,,40.4620485,-91.5670776
6,10560001,Des Moines River near Keokuk,01/05/2006 09:25:00,AMBIENT,7440-47-3,Chromium,Total,,20,ug/l,False,20,,,200.8(W),UHL001,Actual,SW,Water,,,Lee,07100009,River/Stream,,40.4620485,-91.5670776
6,10560001,Des Moines River near Keokuk,01/05/2006 09:25:00,AMBIENT,7440-50-8,Copper,Total,,10,ug/l,False,10,,,200.8(W),UHL001,Actual,SW,Water,,,Lee,07100009,River/Stream,,40.4620485,-91.5670776
6,10560001,Des Moines River near Keokuk,01/05/2006 09:25:00,AMBIENT,7440-66-6,Zinc,Total,,20,ug/l,False,20,,,200.8(W),UHL001,Actual,SW,Water,,,Lee,07100009,River/Stream,,40.4620485,-91.5670776
6,10560001,Des Moines River near Keokuk,01/05/2006 09:25:00,AMBIENT,7782-49-2,Selenium,Total,,10,ug/l,False,10,,,200.8(W),UHL001,Actual,SW,Water,,,Lee,07100009,River/Stream,,40.4620485,-91.5670776
6,10560001,Des Moines River near Keokuk,01/05/2006 09:25:00,AMBIENT,CBOD-SC,"Carbonaceous biochemical oxygen demand, standard conditions",Total,,2,mg/l,False,2,,,5210-B,UHL001,Actual,SW,Water,,,Lee,07100009,River/Stream,,40.4620485,-91.5670776
6,10560001,Des Moines River near Keokuk,01/05/2006 09:25:00,AMBIENT,7440-44-0,Carbon,Total,,6,mg/l,True,0.5,,,415.1,UHL001,Actual,SW,Water,,,Lee,07100009,River/Stream,,40.4620485,-91.5670776
6,10560001,Des Moines River near Keokuk,01/05/2006 09:25:00,AMBIENT,14808-79-8,Sulfate (as SO4),Total,,100,mg/l,True,1,,,300(A),UHL001,Actual,SW,Water,,,Lee,07100009,River/Stream,,40.4620485,-91.5670776
6,10560001,Des Moines River near Keokuk,01/05/2006 09:25:00,AMBIENT,16887-00-6,Chloride,Total,,46,mg/l,True,1,,,300(A),UHL001,Actual,SW,Water,,,Lee,07100009,River/Stream,,40.4620485,-91.5670776
6,10560001,Des Moines River near Keokuk,01/05/2006 09:25:00,AMBIENT,CLR-A-FREE,"Chlorophyll a, free of pheophytin",NonFilt,,39,ug/l,True,1,,,445,UHL001,Actual,SW,Water,,,Lee,07100009,River/Stream,,40.4620485,-91.5670776
6,10560001,Des Moines River near Keokuk,01/05/2006 09:25:00,AMBIENT,57-12-5,Cyanide,Total,,0.01,mg/l,False,0.01,,,335.2,UHL001,Actual,SW,Water,,,Lee,07100009,River/Stream,,40.4620485,-91.5670776
6,10560001,Des Moines River near Keokuk,01/05/2006 09:25:00,AMBIENT,68583-22-2,Escherichia coli,Total,,20,MPN/100ml,True,10,,,1603,UHL001,Actual,SW,Water,,,Lee,07100009,River/Stream,,40.4620485,-91.5670776
6,10560001,Des Moines River near Keokuk,01/05/2006 09:25:00,AMBIENT,HARD-CARB,"Hardness, carbonate",Total,,430,mg/l,True,1,,,130.2,UHL001,Actual,SW,Water,,,Lee,07100009,River/Stream,,40.4620485,-91.5670776
6,10560001,Des Moines River near Keokuk,01/05/2006 09:25:00,AMBIENT,7439-97-6,Mercury,Total,,5E-05,mg/l,False,0.00005,,,245.2,UHL001,Actual,SW,Water,,,Lee,07100009,River/Stream,,40.4620485,-91.5670776
6,10560001,Des Moines River near Keokuk,01/05/2006 09:25:00,AMBIENT,NIT-AMM,Ammonia-nitrogen (as N),Total,,0.05,mg/l,False,0.05,,,350.1,UHL001,Actual,SW,Water,,,Lee,07100009,River/Stream,,40.4620485,-91.5670776
6,10560001,Des Moines River near Keokuk,01/05/2006 09:25:00,AMBIENT,NIT-KJELD,Kjeldahl nitrogen (AS N),Total,,1,mg/l,True,0.1,,,351.2,UHL001,Actual,SW,Water,,,Lee,07100009,River/Stream,,40.4620485,-91.5670776
6,10560001,Des Moines River near Keokuk,02/01/2006 12:35:00,AMBIENT,TSS,Total suspended solids,NonFilt,,74,mg/l,True,1,,,I3765,UHL001,Actual,SW,Water,,,Lee,07100009,River/Stream,,40.4620485,-91.5670776
6,10560001,Des Moines River near Keokuk,02/01/2006 12:35:00,AMBIENT,SPEC-COND,Specific conductance,Total,,730,uS/cm,True,1,,,2510,UHL001,Actual,SW,Water,,,Lee,07100009,River/Stream,,40.4620485,-91.5670776
6,10560001,Des Moines River near Keokuk,02/01/2006 12:35:00,AMBIENT,TURB,Turbidity,Total,,32,NTU,True,1,,,180.1,UHL001,Actual,SW,Water,,,Lee,07100009,River/Stream,,40.4620485,-91.5670776
6,10560001,Des Moines River near Keokuk,03/01/2006 08:30:00,AMBIENT,CBOD-SC,"Carbonaceous biochemical oxygen demand, standard conditions",Total,,2,mg/l,True,2,,,5210-B,UHL001,Actual,SW,Water,,,Lee,07100009,River/Stream,,40.4620485,-91.5670776
6,10560001,Des Moines River near Keokuk,03/01/2006 08:30:00,AMBIENT,7440-44-0,Carbon,Total,,4.9,mg/l,True,0.5,,,415.1,UHL001,Actual,SW,Water,,,Lee,07100009,River/Stream,,40.4620485,-91.5670776
6,10560001,Des Moines River near Keokuk,03/01/2006 08:30:00,AMBIENT,14808-79-8,Sulfate (as SO4),Total,,95,mg/l,True,1,,,300(A),UHL001,Actual,SW,Water,,,Lee,07100009,River/Stream,,40.4620485,-91.5670776
6,10560001,Des Moines River near Keokuk,03/01/2006 08:30:00,AMBIENT,16887-00-6,Chloride,Total,,41,mg/l,True,1,,,300(A),UHL001,Actual,SW,Water,,,Lee,07100009,River/Stream,,40.4620485,-91.5670776
6,10560001,Des Moines River near Keokuk,03/01/2006 08:30:00,AMBIENT,CLR-A-FREE,"Chlorophyll a, free of pheophytin",NonFilt,,25,ug/l,True,1,,,445,UHL001,Actual,SW,Water,,,Lee,07100009,River/Stream,,40.4620485,-91.5670776
6,10560001,Des Moines River near Keokuk,03/01/2006 08:30:00,AMBIENT,68583-22-2,Escherichia coli,Total,,10,MPN/100ml,False,10,,,1603,UHL001,Actual,SW,Water,,,Lee,07100009,River/Stream,,40.4620485,-91.5670776
6,10560001,Des Moines River near Keokuk,03/01/2006 08:30:00,AMBIENT,HARD-CARB,"Hardness, carbonate",Total,,410,mg/l,True,1,,,130.2,UHL001,Actual,SW,Water,,,Lee,07100009,River/Stream,,40.4620485,-91.5670776
6,10560001,Des Moines River near Keokuk,03/01/2006 08:30:00,AMBIENT,NIT-AMM,Ammonia-nitrogen (as N),Total,,0.1,mg/l,True,0.05,,,350.1,UHL001,Actual,SW,Water,,,Lee,07100009,River/Stream,,40.4620485,-91.5670776
6,10560001,Des Moines River near Keokuk,03/01/2006 08:30:00,AMBIENT,NIT-KJELD,Kjeldahl nitrogen (AS N),Total,,1.2,mg/l,True,0.1,,,351.2,UHL001,Actual,SW,Water,,,Lee,07100009,River/Stream,,40.4620485,-91.5670776
6,10560001,Des Moines River near Keokuk,03/01/2006 08:30:00,AMBIENT,NIT-NO3-NO2,Inorganic nitrogen (nitrate and nitrite) (as N),Total,,7.2,mg/l,True,0.05,,,353.2,UHL001,Actual,SW,Water,,,Lee,07100009,River/Stream,,40.4620485,-91.5670776
6,10560001,Des Moines River near Keokuk,03/01/2006 08:30:00,AMBIENT,PHOSP-PHOSP,Phosphate-phosphorus (as P),Total,,0.23,mg/l,True,0.02,,,365.4,UHL001,Actual,SW,Water,,,Lee,07100009,River/Stream,,40.4620485,-91.5670776
6,10560001,Des Moines River near Keokuk,03/01/2006 08:30:00,AMBIENT,14265-44-2,Orthophosphate (as P),Dissolved,,0.14,mg/l,True,0.02,,,365.1,UHL001,Actual,SW,Water,,,Lee,07100009,River/Stream,,40.4620485,-91.5670776
6,10560001,Des Moines River near Keokuk,03/01/2006 08:30:00,AMBIENT,7631-86-9,Silica,Dissolved,,13,mg/l,True,1,,,370.1,UHL001,Actual,SW,Water,,,Lee,07100009,River/Stream,,40.4620485,-91.5670776
6,10560001,Des Moines River near Keokuk,03/01/2006 08:30:00,AMBIENT,TDS,Total dissolved solids,Dissolved,,520,mg/l,True,1,,,160.1,UHL001,Actual,SW,Water,,,Lee,07100009,River/Stream,,40.4620485,-91.5670776
6,10560001,Des Moines River near Keokuk,03/01/2006 08:30:00,AMBIENT,TFSS,Fixed suspended solids,NonFilt,,22,mg/l,True,1,,,160.4,UHL001,Calculated,SW,Water,,,Lee,07100009,River/Stream,,40.4620485,-91.5670776
6,10560001,Des Moines River near Keokuk,03/01/2006 08:30:00,AMBIENT,TVSS,Volatile Suspended Solids,NonFilt,,6,mg/l,True,1,,,160.4,UHL001,Actual,SW,Water,,,Lee,07100009,River/Stream,,40.4620485,-91.5670776
6,10560001,Des Moines River near Keokuk,03/01/2006 08:30:00,AMBIENT,TSS,Total suspended solids,NonFilt,,28,mg/l,True,1,,,I3765,UHL001,Actual,SW,Water,,,Lee,07100009,River/Stream,,40.4620485,-91.5670776
6,10560001,Des Moines River near Keokuk,03/01/2006 08:30:00,AMBIENT,SPEC-COND,Specific conductance,Total,,830,uS/cm,True,1,,,2510,UHL001,Actual,SW,Water,,,Lee,07100009,River/Stream,,40.4620485,-91.5670776
6,10560001,Des Moines River near Keokuk,03/01/2006 08:30:00,AMBIENT,TURB,Turbidity,Total,,11,NTU,True,1,,,180.1,UHL001,Actual,SW,Water,,,Lee,07100009,River/Stream,,40.4620485,-91.5670776
6,10560001,Des Moines River near Keokuk,04/04/2006 09:25:00,AMBIENT,7782-44-7,Dissolved oxygen (DO),Total,,10.4,mg/l,True,0.1,,,4500-O-G,,Actual,SW,Water,,,Lee,07100009,River/Stream,,40.4620485,-91.5670776
6,10560001,Des Moines River near Keokuk,04/04/2006 09:25:00,AMBIENT,FLOW,Flow,Total,,9900,cfs,True,0.1,,,USGS CA8,,Actual,SW,Water,,,Lee,07100009,River/Stream,,40.4620485,-91.5670776
6,10560001,Des Moines River near Keokuk,04/04/2006 09:25:00,AMBIENT,PH,pH,Total,,8.6,None,True,,,,4500-H,,Actual,SW,Water,,,Lee,07100009,River/Stream,,40.4620485,-91.5670776
6,10560001,Des Moines River near Keokuk,04/04/2006 09:25:00,AMBIENT,TEMP-WATER,"Temperature, water",Total,,9.8,deg C,True,0,,,2550,,Actual,SW,Water,,,Lee,07100009,River/Stream,,40.4620485,-91.5670776
6,10560001,Des Moines River near Keokuk,04/04/2006 09:25:00,AMBIENT,1007-28-9,2-Choro-6-ethylamino-4-amino-s-triazine,Total,,0.05,ug/l,False,0.05,,,507,UHL001,Actual,SW,Water,,,Lee,07100009,River/Stream,,40.4620485,-91.5670776
6,10560001,Des Moines River near Keokuk,04/04/2006 09:25:00,AMBIENT,122-34-9,Simazine,Total,,0.05,ug/l,False,0.05,,,507,UHL001,Actual,SW,Water,,,Lee,07100009,River/Stream,,40.4620485,-91.5670776
6,10560001,Des Moines River near Keokuk,04/04/2006 09:25:00,AMBIENT,139-40-2,Propazine,Total,,0.05,ug/l,False,0.05,,,507,UHL001,Actual,SW,Water,,,Lee,07100009,River/Stream,,40.4620485,-91.5670776
6,10560001,Des Moines River near Keokuk,04/04/2006 09:25:00,AMBIENT,1582-09-8,Trifluralin,Total,,0.05,ug/l,False,0.05,,,507,UHL001,Actual,SW,Water,,,Lee,07100009,River/Stream,,40.4620485,-91.5670776
6,10560001,Des Moines River near Keokuk,04/04/2006 09:25:00,AMBIENT,15972-60-8,Alachlor,Total,,0.05,ug/l,False,0.05,,,507,UHL001,Actual,SW,Water,,,Lee,07100009,River/Stream,,40.4620485,-91.5670776
6,10560001,Des Moines River near Keokuk,04/04/2006 09:25:00,AMBIENT,1610-18-0,Prometon,Total,,0.05,ug/l,False,0.05,,,507,UHL001,Actual,SW,Water,,,Lee,07100009,River/Stream,,40.4620485,-91.5670776
6,10560001,Des Moines River near Keokuk,04/04/2006 09:25:00,AMBIENT,1912-24-9,Atrazine,Total,,0.065,ug/l,True,0.05,,,507,UHL001,Actual,SW,Water,,,Lee,07100009,River/Stream,,40.4620485,-91.5670776
6,10560001,Des Moines River near Keokuk,04/04/2006 09:25:00,AMBIENT,1918-16-7,Propachlor,Total,,0.05,ug/l,False,0.05,,,507,UHL001,Actual,SW,Water,,,Lee,07100009,River/Stream,,40.4620485,-91.5670776
6,10560001,Des Moines River near Keokuk,04/04/2006 09:25:00,AMBIENT,2008-41-5,Butylate,Total,,0.05,ug/l,False,0.05,,,507,UHL001,Actual,SW,Water,,,Lee,07100009,River/Stream,,40.4620485,-91.5670776
6,10560001,Des Moines River near Keokuk,04/04/2006 09:25:00,AMBIENT,21087-64-9,Metribuzin,Total,,0.05,ug/l,False,0.05,,,507,UHL001,Actual,SW,Water,,,Lee,07100009,River/Stream,,40.4620485,-91.5670776
6,10560001,Des Moines River near Keokuk,04/04/2006 09:25:00,AMBIENT,21725-46-2,Cyanazine,Total,,0.05,ug/l,False,0.05,,,507,UHL001,Actual,SW,Water,,,Lee,07100009,River/Stream,,40.4620485,-91.5670776
6,10560001,Des Moines River near Keokuk,04/04/2006 09:25:00,AMBIENT,34256-82-1,Acetochlor,Total,,0.05,ug/l,False,0.05,,,507,UHL001,Actual,SW,Water,,,Lee,07100009,River/Stream,,40.4620485,-91.5670776
6,10560001,Des Moines River near Keokuk,04/04/2006 09:25:00,AMBIENT,51218-45-2,Metolachlor,Total,,0.05,ug/l,False,0.05,,,507,UHL001,Actual,SW,Water,,,Lee,07100009,River/Stream,,40.4620485,-91.5670776
6,10560001,Des Moines River near Keokuk,04/04/2006 09:25:00,AMBIENT,6190-65-4,2-Chloro-4-isopropylamino-6-amino-s-triazine,Total,,0.05,ug/l,False,0.05,,,507,UHL001,Actual,SW,Water,,,Lee,07100009,River/Stream,,40.4620485,-91.5670776
6,10560001,Des Moines River near Keokuk,04/04/2006 09:25:00,AMBIENT,759-94-4,S-Ethyl dipropylthiocarbamate,Total,,0.05,ug/l,False,0.05,,,507,UHL001,Actual,SW,Water,,,Lee,07100009,River/Stream,,40.4620485,-91.5670776
6,10560001,Des Moines River near Keokuk,04/04/2006 09:25:00,AMBIENT,834-12-8,Ametryn,Total,,0.05,ug/l,False,0.05,,,507,UHL001,Actual,SW,Water,,,Lee,07100009,River/Stream,,40.4620485,-91.5670776
6,10560001,Des Moines River near Keokuk,04/04/2006 09:25:00,AMBIENT,87674-68-8,Dimethenamid,Total,,0.05,ug/l,False,0.05,,,507,UHL001,Actual,SW,Water,,,Lee,07100009,River/Stream,,40.4620485,-91.5670776
6,10560001,Des Moines River near Keokuk,04/04/2006 09:25:00,AMBIENT,7439-92-1,Lead,Total,,10,ug/l,False,10,,,200.8(W),UHL001,Actual,SW,Water,,,Lee,07100009,River/Stream,,40.4620485,-91.5670776
6,10560001,Des Moines River near Keokuk,04/04/2006 09:25:00,AMBIENT,7440-02-0,Nickel,Total,,50,ug/l,False,50,,,200.8(W),UHL001,Actual,SW,Water,,,Lee,07100009,River/Stream,,40.4620485,-91.5670776
6,10560001,Des Moines River near Keokuk,04/04/2006 09:25:00,AMBIENT,7440-22-4,Silver,Total,,10,ug/l,False,10,,,200.8(W),UHL001,Actual,SW,Water,,,Lee,07100009,River/Stream,,40.4620485,-91.5670776
6,10560001,Des Moines River near Keokuk,04/04/2006 09:25:00,AMBIENT,7440-28-0,Thallium,Total,,0.001,mg/l,False,0.001,,,200.8(W),UHL001,Actual,SW,Water,,,Lee,07100009,River/Stream,,40.4620485,-91.5670776
6,10560001,Des Moines River near Keokuk,04/04/2006 09:25:00,AMBIENT,7440-36-0,Antimony,Total,,0.005,mg/l,False,0.005,,,200.8(W),UHL001,Actual,SW,Water,,,Lee,07100009,River/Stream,,40.4620485,-91.5670776
6,10560001,Des Moines River near Keokuk,04/04/2006 09:25:00,AMBIENT,7440-38-2,Arsenic,Total,,10,ug/l,False,10,,,200.8(W),UHL001,Actual,SW,Water,,,Lee,07100009,River/Stream,,40.4620485,-91.5670776
6,10560001,Des Moines River near Keokuk,04/04/2006 09:25:00,AMBIENT,7440-41-7,Beryllium,Total,,0.02,mg/l,False,0.02,,,200.8(W),UHL001,Actual,SW,Water,,,Lee,07100009,River/Stream,,40.4620485,-91.5670776
6,10560001,Des Moines River near Keokuk,04/04/2006 09:25:00,AMBIENT,7440-43-9,Cadmium,Total,,1,ug/l,False,1,,,200.8(W),UHL001,Actual,SW,Water,,,Lee,07100009,River/Stream,,40.4620485,-91.5670776
6,10560001,Des Moines River near Keokuk,04/04/2006 09:25:00,AMBIENT,7440-47-3,Chromium,Total,,20,ug/l,False,20,,,200.8(W),UHL001,Actual,SW,Water,,,Lee,07100009,River/Stream,,40.4620485,-91.5670776
6,10560001,Des Moines River near Keokuk,04/04/2006 09:25:00,AMBIENT,7440-50-8,Copper,Total,,10,ug/l,False,10,,,200.8(W),UHL001,Actual,SW,Water,,,Lee,07100009,River/Stream,,40.4620485,-91.5670776
6,10560001,Des Moines River near Keokuk,04/04/2006 09:25:00,AMBIENT,7440-66-6,Zinc,Total,,20,ug/l,False,20,,,200.8(W),UHL001,Actual,SW,Water,,,Lee,07100009,River/Stream,,40.4620485,-91.5670776
6,10560001,Des Moines River near Keokuk,04/04/2006 09:25:00,AMBIENT,7782-49-2,Selenium,Total,,10,ug/l,False,10,,,200.8(W),UHL001,Actual,SW,Water,,,Lee,07100009,River/Stream,,40.4620485,-91.5670776
6,10560001,Des Moines River near Keokuk,04/04/2006 09:25:00,AMBIENT,CBOD-SC,"Carbonaceous biochemical oxygen demand, standard conditions",Total,,3,mg/l,True,2,,,5210-B,UHL001,Actual,SW,Water,,,Lee,07100009,River/Stream,,40.4620485,-91.5670776
6,10560001,Des Moines River near Keokuk,04/04/2006 09:25:00,AMBIENT,7440-44-0,Carbon,Total,,6.8,mg/l,True,0.5,,,415.1,UHL001,Actual,SW,Water,,,Lee,07100009,River/Stream,,40.4620485,-91.5670776
6,10560001,Des Moines River near Keokuk,04/04/2006 09:25:00,AMBIENT,14808-79-8,Sulfate (as SO4),Total,,80,mg/l,True,1,,,300(A),UHL001,Actual,SW,Water,,,Lee,07100009,River/Stream,,40.4620485,-91.5670776
6,10560001,Des Moines River near Keokuk,04/04/2006 09:25:00,AMBIENT,16887-00-6,Chloride,Total,,29,mg/l,True,1,,,300(A),UHL001,Actual,SW,Water,,,Lee,07100009,River/Stream,,40.4620485,-91.5670776
6,10560001,Des Moines River near Keokuk,04/04/2006 09:25:00,AMBIENT,CLR-A-FREE,"Chlorophyll a, free of pheophytin",NonFilt,,89,ug/l,True,1,,,445,UHL001,Actual,SW,Water,,,Lee,07100009,River/Stream,,40.4620485,-91.5670776
6,10560001,Des Moines River near Keokuk,04/04/2006 09:25:00,AMBIENT,57-12-5,Cyanide,Total,,0.01,mg/l,False,0.01,,,335.2,UHL001,Actual,SW,Water,,,Lee,07100009,River/Stream,,40.4620485,-91.5670776
6,10560001,Des Moines River near Keokuk,05/03/2006 09:20:00,AMBIENT,7782-44-7,Dissolved oxygen (DO),Total,,9.1,mg/l,True,0.1,,,4500-O-G,,Actual,SW,Water,,,Lee,07100009,River/Stream,,40.4620485,-91.5670776
6,10560001,Des Moines River near Keokuk,05/03/2006 09:20:00,AMBIENT,FLOW,Flow,Total,,12000,cfs,True,0.1,,,USGS CA8,,Actual,SW,Water,,,Lee,07100009,River/Stream,,40.4620485,-91.5670776
6,10560001,Des Moines River near Keokuk,05/03/2006 09:20:00,AMBIENT,PH,pH,Total,,8.2,None,True,,,,4500-H,,Actual,SW,Water,,,Lee,07100009,River/Stream,,40.4620485,-91.5670776
6,10560001,Des Moines River near Keokuk,05/03/2006 09:20:00,AMBIENT,TEMP-WATER,"Temperature, water",Total,,16.5,deg C,True,0,,,2550,,Actual,SW,Water,,,Lee,07100009,River/Stream,,40.4620485,-91.5670776
6,10560001,Des Moines River near Keokuk,05/03/2006 09:20:00,AMBIENT,1007-28-9,2-Choro-6-ethylamino-4-amino-s-triazine,Total,,0.05,ug/l,False,0.05,,,507,UHL001,Actual,SW,Water,,,Lee,07100009,River/Stream,,40.4620485,-91.5670776
6,10560001,Des Moines River near Keokuk,05/03/2006 09:20:00,AMBIENT,121-75-5,Malathion,Total,,0.05,ug/l,False,0.05,,,507,UHL001,Actual,SW,Water,,,Lee,07100009,River/Stream,,40.4620485,-91.5670776
6,10560001,Des Moines River near Keokuk,05/03/2006 09:20:00,AMBIENT,122-34-9,Simazine,Total,,0.05,ug/l,False,0.05,,,507,UHL001,Actual,SW,Water,,,Lee,07100009,River/Stream,,40.4620485,-91.5670776
6,10560001,Des Moines River near Keokuk,05/03/2006 09:20:00,AMBIENT,13071-79-9,Terbufos,Total,,0.05,ug/l,False,0.05,,,507,UHL001,Actual,SW,Water,,,Lee,07100009,River/Stream,,40.4620485,-91.5670776
6,10560001,Des Moines River near Keokuk,05/03/2006 09:20:00,AMBIENT,13194-48-4,Ethoprop,Total,,0.05,ug/l,False,0.05,,,507,UHL001,Actual,SW,Water,,,Lee,07100009,River/Stream,,40.4620485,-91.5670776
6,10560001,Des Moines River near Keokuk,05/03/2006 09:20:00,AMBIENT,139-40-2,Propazine,Total,,0.05,ug/l,False,0.05,,,507,UHL001,Actual,SW,Water,,,Lee,07100009,River/Stream,,40.4620485,-91.5670776
6,10560001,Des Moines River near Keokuk,05/03/2006 09:20:00,AMBIENT,1563-66-2,Carbofuran,Total,,0.05,ug/l,False,0.05,,,507,UHL001,Actual,SW,Water,,,Lee,07100009,River/Stream,,40.4620485,-91.5670776
6,10560001,Des Moines River near Keokuk,05/03/2006 09:20:00,AMBIENT,1582-09-8,Trifluralin,Total,,0.05,ug/l,False,0.05,,,507,UHL001,Actual,SW,Water,,,Lee,07100009,River/Stream,,40.4620485,-91.5670776
6,10560001,Des Moines River near Keokuk,05/03/2006 09:20:00,AMBIENT,15972-60-8,Alachlor,Total,,0.05,ug/l,False,0.05,,,507,UHL001,Actual,SW,Water,,,Lee,07100009,River/Stream,,40.4620485,-91.5670776
6,10560001,Des Moines River near Keokuk,05/03/2006 09:20:00,AMBIENT,1610-18-0,Prometon,Total,,0.05,ug/l,False,0.05,,,507,UHL001,Actual,SW,Water,,,Lee,07100009,River/Stream,,40.4620485,-91.5670776
6,10560001,Des Moines River near Keokuk,05/03/2006 09:20:00,AMBIENT,1912-24-9,Atrazine,Total,,0.48,ug/l,True,0.05,,,507,UHL001,Actual,SW,Water,,,Lee,07100009,River/Stream,,40.4620485,-91.5670776
6,10560001,Des Moines River near Keokuk,05/03/2006 09:20:00,AMBIENT,1918-16-7,Propachlor,Total,,0.05,ug/l,False,0.05,,,507,UHL001,Actual,SW,Water,,,Lee,07100009,River/Stream,,40.4620485,-91.5670776
6,10560001,Des Moines River near Keokuk,05/03/2006 09:20:00,AMBIENT,2008-41-5,Butylate,Total,,0.05,ug/l,False,0.05,,,507,UHL001,Actual,SW,Water,,,Lee,07100009,River/Stream,,40.4620485,-91.5670776
6,10560001,Des Moines River near Keokuk,05/03/2006 09:20:00,AMBIENT,21087-64-9,Metribuzin,Total,,0.05,ug/l,False,0.05,,,507,UHL001,Actual,SW,Water,,,Lee,07100009,River/Stream,,40.4620485,-91.5670776
6,10560001,Des Moines River near Keokuk,05/03/2006 09:20:00,AMBIENT,21725-46-2,Cyanazine,Total,,0.05,ug/l,False,0.05,,,507,UHL001,Actual,SW,Water,,,Lee,07100009,River/Stream,,40.4620485,-91.5670776
6,10560001,Des Moines River near Keokuk,05/03/2006 09:20:00,AMBIENT,2303-17-5,Triallate,Total,,0.05,ug/l,False,0.05,,,507,UHL001,Actual,SW,Water,,,Lee,07100009,River/Stream,,40.4620485,-91.5670776
6,10560001,Des Moines River near Keokuk,05/03/2006 09:20:00,AMBIENT,23184-66-9,Butachlor,Total,,0.05,ug/l,False,0.05,,,507,UHL001,Actual,SW,Water,,,Lee,07100009,River/Stream,,40.4620485,-91.5670776
6,10560001,Des Moines River near Keokuk,05/03/2006 09:20:00,AMBIENT,25311-71-1,Isofenphos,Total,,0.05,ug/l,False,0.05,,,507,UHL001,Actual,SW,Water,,,Lee,07100009,River/Stream,,40.4620485,-91.5670776
6,10560001,Des Moines River near Keokuk,05/03/2006 09:20:00,AMBIENT,2921-88-2,Chlorpyrifos,Total,,0.05,ug/l,False,0.05,,,507,UHL001,Actual,SW,Water,,,Lee,07100009,River/Stream,,40.4620485,-91.5670776
6,10560001,Des Moines River near Keokuk,05/03/2006 09:20:00,AMBIENT,298-00-0,Methyl parathion,Total,,0.05,ug/l,False,0.05,,,507,UHL001,Actual,SW,Water,,,Lee,07100009,River/Stream,,40.4620485,-91.5670776
6,10560001,Des Moines River near Keokuk,05/03/2006 09:20:00,AMBIENT,298-02-2,Phorate,Total,,0.05,ug/l,False,0.05,,,507,UHL001,Actual,SW,Water,,,Lee,07100009,River/Stream,,40.4620485,-91.5670776
6,10560001,Des Moines River near Keokuk,05/03/2006 09:20:00,AMBIENT,298-04-4,Disulfoton,Total,,0.05,ug/l,False,0.05,,,507,UHL001,Actual,SW,Water,,,Lee,07100009,River/Stream,,40.4620485,-91.5670776
6,10560001,Des Moines River near Keokuk,05/03/2006 09:20:00,AMBIENT,314-40-9,Bromacil,Total,,0.05,ug/l,False,0.05,,,507,UHL001,Actual,SW,Water,,,Lee,07100009,River/Stream,,40.4620485,-91.5670776
6,10560001,Des Moines River near Keokuk,05/03/2006 09:20:00,AMBIENT,333-41-5,Diazinon,Total,,0.05,ug/l,False,0.05,,,507,UHL001,Actual,SW,Water,,,Lee,07100009,River/Stream,,40.4620485,-91.5670776
6,10560001,Des Moines River near Keokuk,05/03/2006 09:20:00,AMBIENT,34256-82-1,Acetochlor,Total,,0.12,ug/l,True,0.05,,,507,UHL001,Actual,SW,Water,,,Lee,07100009,River/Stream,,40.4620485,-91.5670776
6,10560001,Des Moines River near Keokuk,05/03/2006 09:20:00,AMBIENT,40487-42-1,Pendimethalin,Total,,0.05,ug/l,False,0.05,,,507,UHL001,Actual,SW,Water,,,Lee,07100009,River/Stream,,40.4620485,-91.5670776
6,10560001,Des Moines River near Keokuk,05/03/2006 09:20:00,AMBIENT,51218-45-2,Metolachlor,Total,,0.1,ug/l,True,0.05,,,507,UHL001,Actual,SW,Water,,,Lee,07100009,River/Stream,,40.4620485,-91.5670776
6,10560001,Des Moines River near Keokuk,05/03/2006 09:20:00,AMBIENT,56-38-2,Parathion,Total,,0.05,ug/l,False,0.05,,,507,UHL001,Actual,SW,Water,,,Lee,07100009,River/Stream,,40.4620485,-91.5670776
6,10560001,Des Moines River near Keokuk,05/03/2006 09:20:00,AMBIENT,60-51-5,Dimethoate,Total,,0.05,ug/l,False,0.05,,,507,UHL001,Actual,SW,Water,,,Lee,07100009,River/Stream,,40.4620485,-91.5670776
6,10560001,Des Moines River near Keokuk,05/03/2006 09:20:00,AMBIENT,6190-65-4,2-Chloro-4-isopropylamino-6-amino-s-triazine,Total,,0.05,ug/l,False,0.05,,,507,UHL001,Actual,SW,Water,,,Lee,07100009,River/Stream,,40.4620485,-91.5670776
6,10560001,Des Moines River near Keokuk,05/03/2006 09:20:00,AMBIENT,62-73-7,Dichlorvos,Total,,0.05,ug/l,False,0.05,,,507,UHL001,Actual,SW,Water,,,Lee,07100009,River/Stream,,40.4620485,-91.5670776
6,10560001,Des Moines River near Keokuk,05/03/2006 09:20:00,AMBIENT,63-25-2,Carbaryl,Total,,0.05,ug/l,False,0.05,,,507,UHL001,Actual,SW,Water,,,Lee,07100009,River/Stream,,40.4620485,-91.5670776
6,10560001,Des Moines River near Keokuk,05/03/2006 09:20:00,AMBIENT,759-94-4,S-Ethyl dipropylthiocarbamate,Total,,0.05,ug/l,False,0.05,,,507,UHL001,Actual,SW,Water,,,Lee,07100009,River/Stream,,40.4620485,-91.5670776
6,10560001,Des Moines River near Keokuk,05/03/2006 09:20:00,AMBIENT,81777-89-1,Clomazone,Total,,0.05,ug/l,False,0.05,,,507,UHL001,Actual,SW,Water,,,Lee,07100009,River/Stream,,40.4620485,-91.5670776
6,10560001,Des Moines River near Keokuk,05/03/2006 09:20:00,AMBIENT,834-12-8,Ametryn,Total,,0.05,ug/l,False,0.05,,,507,UHL001,Actual,SW,Water,,,Lee,07100009,River/Stream,,40.4620485,-91.5670776
6,10560001,Des Moines River near Keokuk,05/03/2006 09:20:00,AMBIENT,87674-68-8,Dimethenamid,Total,,0.07,ug/l,True,0.05,,,507,UHL001,Actual,SW,Water,,,Lee,07100009,River/Stream,,40.4620485,-91.5670776
6,10560001,Des Moines River near Keokuk,05/03/2006 09:20:00,AMBIENT,944-22-9,Fonofos,Total,,0.05,ug/l,False,0.05,,,507,UHL001,Actual,SW,Water,,,Lee,07100009,River/Stream,,40.4620485,-91.5670776
6,10560001,Des Moines River near Keokuk,05/03/2006 09:20:00,AMBIENT,CBOD-SC,"Carbonaceous biochemical oxygen demand, standard conditions",Total,,2,mg/l,False,2,,,5210-B,UHL001,Actual,SW,Water,,,Lee,07100009,River/Stream,,40.4620485,-91.5670776
6,10560001,Des Moines River near Keokuk,05/03/2006 09:20:00,AMBIENT,7440-44-0,Carbon,Total,,8.4,mg/l,True,0.5,,,415.1,UHL001,Actual,SW,Water,,,Lee,07100009,River/Stream,,40.4620485,-91.5670776
6,10560001,Des Moines River near Keokuk,05/03/2006 09:20:00,AMBIENT,14808-79-8,Sulfate (as SO4),Total,,80,mg/l,True,1,,,300(A),UHL001,Actual,SW,Water,,,Lee,07100009,River/Stream,,40.4620485,-91.5670776
6,10560001,Des Moines River near Keokuk,05/03/2006 09:20:00,AMBIENT,16887-00-6,Chloride,Total,,26,mg/l,True,1,,,300(A),UHL001,Actual,SW,Water,,,Lee,07100009,River/Stream,,40.4620485,-91.5670776
6,10560001,Des Moines River near Keokuk,05/03/2006 09:20:00,AMBIENT,CLR-A-FREE,"Chlorophyll a, free of pheophytin",NonFilt,,24,ug/l,True,1,,,445,UHL001,Actual,SW,Water,,,Lee,07100009,River/Stream,,40.4620485,-91.5670776
6,10560001,Des Moines River near Keokuk,05/03/2006 09:20:00,AMBIENT,68583-22-2,Escherichia coli,Total,,320,MPN/100ml,True,10,,,1603,UHL001,Actual,SW,Water,,,Lee,07100009,River/Stream,,40.4620485,-91.5670776
6,10560001,Des Moines River near Keokuk,05/03/2006 09:20:00,AMBIENT,HARD-CARB,"Hardness, carbonate",Total,,360,mg/l,True,1,,,130.2,UHL001,Actual,SW,Water,,,Lee,07100009,River/Stream,,40.4620485,-91.5670776
6,10560001,Des Moines River near Keokuk,05/03/2006 09:20:00,AMBIENT,NIT-AMM,Ammonia-nitrogen (as N),Total,,0.05,mg/l,False,0.05,,,350.1,UHL001,Actual,SW,Water,,,Lee,07100009,River/Stream,,40.4620485,-91.5670776
6,10560001,Des Moines River near Keokuk,05/03/2006 09:20:00,AMBIENT,NIT-KJELD,Kjeldahl nitrogen (AS N),Total,,0.9,mg/l,True,0.1,,,351.2,UHL001,Actual,SW,Water,,,Lee,07100009,River/Stream,,40.4620485,-91.5670776
6,10560001,Des Moines River near Keokuk,05/03/2006 09:20:00,AMBIENT,NIT-NO3-NO2,Inorganic nitrogen (nitrate and nitrite) (as N),Total,,9.2,mg/l,True,0.05,,,353.2,UHL001,Actual,SW,Water,,,Lee,07100009,River/Stream,,40.4620485,-91.5670776
6,10560001,Des Moines River near Keokuk,05/03/2006 09:20:00,AMBIENT,PHOSP-PHOSP,Phosphate-phosphorus (as P),Total,,0.28,mg/l,True,0.02,,,365.4,UHL001,Actual,SW,Water,,,Lee,07100009,River/Stream,,40.4620485,-91.5670776
6,10560001,Des Moines River near Keokuk,06/06/2006 10:10:00,AMBIENT,PH,pH,Total,,8.4,None,True,,,,4500-H,,Actual,SW,Water,,,Lee,07100009,River/Stream,,40.4620485,-91.5670776
6,10560001,Des Moines River near Keokuk,06/06/2006 10:10:00,AMBIENT,TEMP-WATER,"Temperature, water",Total,,24,deg C,True,0,,,2550,,Actual,SW,Water,,,Lee,07100009,River/Stream,,40.4620485,-91.5670776
6,10560001,Des Moines River near Keokuk,06/06/2006 10:10:00,AMBIENT,1007-28-9,2-Choro-6-ethylamino-4-amino-s-triazine,Total,,0.05,ug/l,False,0.05,,,507,UHL001,Actual,SW,Water,,,Lee,07100009,River/Stream,,40.4620485,-91.5670776
6,10560001,Des Moines River near Keokuk,06/06/2006 10:10:00,AMBIENT,122-34-9,Simazine,Total,,0.05,ug/l,False,0.05,,,507,UHL001,Actual,SW,Water,,,Lee,07100009,River/Stream,,40.4620485,-91.5670776
6,10560001,Des Moines River near Keokuk,06/06/2006 10:10:00,AMBIENT,139-40-2,Propazine,Total,,0.05,ug/l,False,0.05,,,507,UHL001,Actual,SW,Water,,,Lee,07100009,River/Stream,,40.4620485,-91.5670776
6,10560001,Des Moines River near Keokuk,06/06/2006 10:10:00,AMBIENT,1582-09-8,Trifluralin,Total,,0.05,ug/l,False,0.05,,,507,UHL001,Actual,SW,Water,,,Lee,07100009,River/Stream,,40.4620485,-91.5670776
6,10560001,Des Moines River near Keokuk,06/06/2006 10:10:00,AMBIENT,15972-60-8,Alachlor,Total,,0.05,ug/l,False,0.05,,,507,UHL001,Actual,SW,Water,,,Lee,07100009,River/Stream,,40.4620485,-91.5670776
6,10560001,Des Moines River near Keokuk,06/06/2006 10:10:00,AMBIENT,1610-18-0,Prometon,Total,,0.05,ug/l,False,0.05,,,507,UHL001,Actual,SW,Water,,,Lee,07100009,River/Stream,,40.4620485,-91.5670776
6,10560001,Des Moines River near Keokuk,06/06/2006 10:10:00,AMBIENT,1912-24-9,Atrazine,Total,,0.27,ug/l,True,0.05,,,507,UHL001,Actual,SW,Water,,,Lee,07100009,River/Stream,,40.4620485,-91.5670776
6,10560001,Des Moines River near Keokuk,06/06/2006 10:10:00,AMBIENT,1918-16-7,Propachlor,Total,,0.05,ug/l,False,0.05,,,507,UHL001,Actual,SW,Water,,,Lee,07100009,River/Stream,,40.4620485,-91.5670776
6,10560001,Des Moines River near Keokuk,06/06/2006 10:10:00,AMBIENT,2008-41-5,Butylate,Total,,0.05,ug/l,False,0.05,,,507,UHL001,Actual,SW,Water,,,Lee,07100009,River/Stream,,40.4620485,-91.5670776
6,10560001,Des Moines River near Keokuk,06/06/2006 10:10:00,AMBIENT,21087-64-9,Metribuzin,Total,,0.05,ug/l,False,0.05,,,507,UHL001,Actual,SW,Water,,,Lee,07100009,River/Stream,,40.4620485,-91.5670776
6,10560001,Des Moines River near Keokuk,06/06/2006 10:10:00,AMBIENT,21725-46-2,Cyanazine,Total,,0.05,ug/l,False,0.05,,,507,UHL001,Actual,SW,Water,,,Lee,07100009,River/Stream,,40.4620485,-91.5670776
6,10560001,Des Moines River near Keokuk,06/06/2006 10:10:00,AMBIENT,34256-82-1,Acetochlor,Total,,0.12,ug/l,True,0.05,,,507,UHL001,Actual,SW,Water,,,Lee,07100009,River/Stream,,40.4620485,-91.5670776
6,10560001,Des Moines River near Keokuk,06/06/2006 10:10:00,AMBIENT,51218-45-2,Metolachlor,Total,,0.064,ug/l,True,0.05,,,507,UHL001,Actual,SW,Water,,,Lee,07100009,River/Stream,,40.4620485,-91.5670776
6,10560001,Des Moines River near Keokuk,06/06/2006 10:10:00,AMBIENT,6190-65-4,2-Chloro-4-isopropylamino-6-amino-s-triazine,Total,,0.05,ug/l,True,0.05,,,507,UHL001,Actual,SW,Water,,,Lee,07100009,River/Stream,,40.4620485,-91.5670776
6,10560001,Des Moines River near Keokuk,06/06/2006 10:10:00,AMBIENT,759-94-4,S-Ethyl dipropylthiocarbamate,Total,,0.05,ug/l,False,0.05,,,507,UHL001,Actual,SW,Water,,,Lee,07100009,River/Stream,,40.4620485,-91.5670776
6,10560001,Des Moines River near Keokuk,06/06/2006 10:10:00,AMBIENT,834-12-8,Ametryn,Total,,0.05,ug/l,False,0.05,,,507,UHL001,Actual,SW,Water,,,Lee,07100009,River/Stream,,40.4620485,-91.5670776
6,10560001,Des Moines River near Keokuk,06/06/2006 10:10:00,AMBIENT,87674-68-8,Dimethenamid,Total,,0.05,ug/l,False,0.05,,,507,UHL001,Actual,SW,Water,,,Lee,07100009,River/Stream,,40.4620485,-91.5670776
6,10560001,Des Moines River near Keokuk,06/06/2006 10:10:00,AMBIENT,CBOD-SC,"Carbonaceous biochemical oxygen demand, standard conditions",Total,,5,mg/l,True,2,,,5210-B,UHL001,Actual,SW,Water,,,Lee,07100009,River/Stream,,40.4620485,-91.5670776
6,10560001,Des Moines River near Keokuk,06/06/2006 10:10:00,AMBIENT,7440-44-0,Carbon,Total,,8.6,mg/l,True,0.5,,,415.1,UHL001,Actual,SW,Water,,,Lee,07100009,River/Stream,,40.4620485,-91.5670776
6,10560001,Des Moines River near Keokuk,06/06/2006 10:10:00,AMBIENT,14808-79-8,Sulfate (as SO4),Total,,64,mg/l,True,1,,,300(A),UHL001,Actual,SW,Water,,,Lee,07100009,River/Stream,,40.4620485,-91.5670776
6,10560001,Des Moines River near Keokuk,06/06/2006 10:10:00,AMBIENT,16887-00-6,Chloride,Total,,28,mg/l,True,1,,,300(A),UHL001,Actual,SW,Water,,,Lee,07100009,River/Stream,,40.4620485,-91.5670776
6,10560001,Des Moines River near Keokuk,06/06/2006 10:10:00,AMBIENT,CLR-A-FREE,"Chlorophyll a, free of pheophytin",NonFilt,,160,ug/l,True,1,,,445,UHL001,Actual,SW,Water,,,Lee,07100009,River/Stream,,40.4620485,-91.5670776
6,10560001,Des Moines River near Keokuk,06/06/2006 10:10:00,AMBIENT,68583-22-2,Escherichia coli,Total,,36,MPN/100ml,True,10,,,1603,UHL001,Actual,SW,Water,,,Lee,07100009,River/Stream,,40.4620485,-91.5670776
6,10560001,Des Moines River near Keokuk,06/06/2006 10:10:00,AMBIENT,HARD-CARB,"Hardness, carbonate",Total,,280,mg/l,True,1,,,130.2,UHL001,Actual,SW,Water,,,Lee,07100009,River/Stream,,40.4620485,-91.5670776
6,10560001,Des Moines River near Keokuk,06/06/2006 10:10:00,AMBIENT,NIT-AMM,Ammonia-nitrogen (as N),Total,,0.05,mg/l,False,0.05,,,350.1,UHL001,Actual,SW,Water,,,Lee,07100009,River/Stream,,40.4620485,-91.5670776
6,10560001,Des Moines River near Keokuk,06/06/2006 10:10:00,AMBIENT,NIT-KJELD,Kjeldahl nitrogen (AS N),Total,,1.6,mg/l,True,0.1,,,351.2,UHL001,Actual,SW,Water,,,Lee,07100009,River/Stream,,40.4620485,-91.5670776
6,10560001,Des Moines River near Keokuk,06/06/2006 10:10:00,AMBIENT,NIT-NO3-NO2,Inorganic nitrogen (nitrate and nitrite) (as N),Total,,7.9,mg/l,True,0.05,,,353.2,UHL001,Actual,SW,Water,,,Lee,07100009,River/Stream,,40.4620485,-91.5670776
6,10560001,Des Moines River near Keokuk,06/06/2006 10:10:00,AMBIENT,PHOSP-PHOSP,Phosphate-phosphorus (as P),Total,,0.19,mg/l,True,0.02,,,365.4,UHL001,Actual,SW,Water,,,Lee,07100009,River/Stream,,40.4620485,-91.5670776
6,10560001,Des Moines River near Keokuk,06/06/2006 10:10:00,AMBIENT,14265-44-2,Orthophosphate (as P),Dissolved,,0.02,mg/l,False,0.02,,,365.1,UHL001,Actual,SW,Water,,,Lee,07100009,River/Stream,,40.4620485,-91.5670776
6,10560001,Des Moines River near Keokuk,06/06/2006 10:10:00,AMBIENT,7631-86-9,Silica,Dissolved,,6.4,mg/l,True,1,,,370.1,UHL001,Actual,SW,Water,,,Lee,07100009,River/Stream,,40.4620485,-91.5670776
6,10560001,Des Moines River near Keokuk,06/06/2006 10:10:00,AMBIENT,TDS,Total dissolved solids,Dissolved,,330,mg/l,True,1,,,160.1,UHL001,Actual,SW,Water,,,Lee,07100009,River/Stream,,40.4620485,-91.5670776
6,10560001,Des Moines River near Keokuk,06/06/2006 10:10:00,AMBIENT,TFSS,Fixed suspended solids,NonFilt,,78,mg/l,True,1,,,160.4,UHL001,Calculated,SW,Water,,,Lee,07100009,River/Stream,,40.4620485,-91.5670776
6,10560001,Des Moines River near Keokuk,06/06/2006 10:10:00,AMBIENT,TVSS,Volatile Suspended Solids,NonFilt,,15,mg/l,True,1,,,160.4,UHL001,Actual,SW,Water,,,Lee,07100009,River/Stream,,40.4620485,-91.5670776
6,10560001,Des Moines River near Keokuk,06/06/2006 10:10:00,AMBIENT,TSS,Total suspended solids,NonFilt,,93,mg/l,True,1,,,I3765,UHL001,Actual,SW,Water,,,Lee,07100009,River/Stream,,40.4620485,-91.5670776
6,10560001,Des Moines River near Keokuk,06/06/2006 10:10:00,AMBIENT,SPEC-COND,Specific conductance,Total,,570,uS/cm,True,1,,,2510,UHL001,Actual,SW,Water,,,Lee,07100009,River/Stream,,40.4620485,-91.5670776
6,10560001,Des Moines River near Keokuk,07/06/2006 08:40:00,AMBIENT,7782-44-7,Dissolved oxygen (DO),Total,,8.2,mg/l,True,0.1,,,4500-O-G,,Actual,SW,Water,,,Lee,07100009,River/Stream,,40.4620485,-91.5670776
6,10560001,Des Moines River near Keokuk,07/06/2006 08:40:00,AMBIENT,FLOW,Flow,Total,,2700,cfs,True,0.1,,,USGS CA8,,Actual,SW,Water,,,Lee,07100009,River/Stream,,40.4620485,-91.5670776
6,10560001,Des Moines River near Keokuk,07/06/2006 08:40:00,AMBIENT,PH,pH,Total,,8.3,None,True,,,,4500-H,,Actual,SW,Water,,,Lee,07100009,River/Stream,,40.4620485,-91.5670776
6,10560001,Des Moines River near Keokuk,07/06/2006 08:40:00,AMBIENT,TEMP-WATER,"Temperature, water",Total,,25,deg C,True,0,,,2550,,Actual,SW,Water,,,Lee,07100009,River/Stream,,40.4620485,-91.5670776
6,10560001,Des Moines River near Keokuk,07/06/2006 08:40:00,AMBIENT,1007-28-9,2-Choro-6-ethylamino-4-amino-s-triazine,Total,,0.05,ug/l,False,0.05,,,507,UHL001,Actual,SW,Water,,,Lee,07100009,River/Stream,,40.4620485,-91.5670776
6,10560001,Des Moines River near Keokuk,07/06/2006 08:40:00,AMBIENT,122-34-9,Simazine,Total,,0.05,ug/l,False,0.05,,,507,UHL001,Actual,SW,Water,,,Lee,07100009,River/Stream,,40.4620485,-91.5670776
6,10560001,Des Moines River near Keokuk,07/06/2006 08:40:00,AMBIENT,139-40-2,Propazine,Total,,0.05,ug/l,False,0.05,,,507,UHL001,Actual,SW,Water,,,Lee,07100009,River/Stream,,40.4620485,-91.5670776
6,10560001,Des Moines River near Keokuk,07/06/2006 08:40:00,AMBIENT,1582-09-8,Trifluralin,Total,,0.05,ug/l,False,0.05,,,507,UHL001,Actual,SW,Water,,,Lee,07100009,River/Stream,,40.4620485,-91.5670776
6,10560001,Des Moines River near Keokuk,07/06/2006 08:40:00,AMBIENT,15972-60-8,Alachlor,Total,,0.05,ug/l,False,0.05,,,507,UHL001,Actual,SW,Water,,,Lee,07100009,River/Stream,,40.4620485,-91.5670776
6,10560001,Des Moines River near Keokuk,07/06/2006 08:40:00,AMBIENT,1610-18-0,Prometon,Total,,0.05,ug/l,False,0.05,,,507,UHL001,Actual,SW,Water,,,Lee,07100009,River/Stream,,40.4620485,-91.5670776
6,10560001,Des Moines River near Keokuk,07/06/2006 08:40:00,AMBIENT,1912-24-9,Atrazine,Total,,0.17,ug/l,True,0.05,,,507,UHL001,Actual,SW,Water,,,Lee,07100009,River/Stream,,40.4620485,-91.5670776
6,10560001,Des Moines River near Keokuk,07/06/2006 08:40:00,AMBIENT,1918-16-7,Propachlor,Total,,0.05,ug/l,False,0.05,,,507,UHL001,Actual,SW,Water,,,Lee,07100009,River/Stream,,40.4620485,-91.5670776
6,10560001,Des Moines River near Keokuk,07/06/2006 08:40:00,AMBIENT,2008-41-5,Butylate,Total,,0.05,ug/l,False,0.05,,,507,UHL001,Actual,SW,Water,,,Lee,07100009,River/Stream,,40.4620485,-91.5670776
6,10560001,Des Moines River near Keokuk,07/06/2006 08:40:00,AMBIENT,21087-64-9,Metribuzin,Total,,0.05,ug/l,False,0.05,,,507,UHL001,Actual,SW,Water,,,Lee,07100009,River/Stream,,40.4620485,-91.5670776
6,10560001,Des Moines River near Keokuk,07/06/2006 08:40:00,AMBIENT,21725-46-2,Cyanazine,Total,,0.05,ug/l,False,0.05,,,507,UHL001,Actual,SW,Water,,,Lee,07100009,River/Stream,,40.4620485,-91.5670776
6,10560001,Des Moines River near Keokuk,07/06/2006 08:40:00,AMBIENT,34256-82-1,Acetochlor,Total,,0.05,ug/l,False,0.05,,,507,UHL001,Actual,SW,Water,,,Lee,07100009,River/Stream,,40.4620485,-91.5670776
6,10560001,Des Moines River near Keokuk,07/06/2006 08:40:00,AMBIENT,51218-45-2,Metolachlor,Total,,0.05,ug/l,False,0.05,,,507,UHL001,Actual,SW,Water,,,Lee,07100009,River/Stream,,40.4620485,-91.5670776
6,10560001,Des Moines River near Keokuk,07/06/2006 08:40:00,AMBIENT,6190-65-4,2-Chloro-4-isopropylamino-6-amino-s-triazine,Total,,0.053,ug/l,True,0.05,,,507,UHL001,Actual,SW,Water,,,Lee,07100009,River/Stream,,40.4620485,-91.5670776
6,10560001,Des Moines River near Keokuk,07/06/2006 08:40:00,AMBIENT,759-94-4,S-Ethyl dipropylthiocarbamate,Total,,0.05,ug/l,False,0.05,,,507,UHL001,Actual,SW,Water,,,Lee,07100009,River/Stream,,40.4620485,-91.5670776
6,10560001,Des Moines River near Keokuk,07/06/2006 08:40:00,AMBIENT,834-12-8,Ametryn,Total,,0.05,ug/l,False,0.05,,,507,UHL001,Actual,SW,Water,,,Lee,07100009,River/Stream,,40.4620485,-91.5670776
6,10560001,Des Moines River near Keokuk,07/06/2006 08:40:00,AMBIENT,87674-68-8,Dimethenamid,Total,,0.05,ug/l,False,0.05,,,507,UHL001,Actual,SW,Water,,,Lee,07100009,River/Stream,,40.4620485,-91.5670776
6,10560001,Des Moines River near Keokuk,07/06/2006 08:40:00,AMBIENT,CBOD-SC,"Carbonaceous biochemical oxygen demand, standard conditions",Total,,6,mg/l,True,2,,,5210-B,UHL001,Actual,SW,Water,,,Lee,07100009,River/Stream,,40.4620485,-91.5670776
6,10560001,Des Moines River near Keokuk,07/06/2006 08:40:00,AMBIENT,7440-44-0,Carbon,Total,,11,mg/l,True,0.5,,,415.1,UHL001,Actual,SW,Water,,,Lee,07100009,River/Stream,,40.4620485,-91.5670776
6,10560001,Des Moines River near Keokuk,07/06/2006 08:40:00,AMBIENT,14808-79-8,Sulfate (as SO4),Total,,70,mg/l,True,1,,,300(A),UHL001,Actual,SW,Water,,,Lee,07100009,River/Stream,,40.4620485,-91.5670776
6,10560001,Des Moines River near Keokuk,07/06/2006 08:40:00,AMBIENT,16887-00-6,Chloride,Total,,36,mg/l,True,1,,,300(A),UHL001,Actual,SW,Water,,,Lee,07100009,River/Stream,,40.4620485,-91.5670776
6,10560001,Des Moines River near Keokuk,07/06/2006 08:40:00,AMBIENT,CLR-A-FREE,"Chlorophyll a, free of pheophytin",NonFilt,,130,ug/l,True,1,,,445,UHL001,Actual,SW,Water,,,Lee,07100009,River/Stream,,40.4620485,-91.5670776
6,10560001,Des Moines River near Keokuk,07/06/2006 08:40:00,AMBIENT,68583-22-2,Escherichia coli,Total,,70,MPN/100ml,True,10,,,1603,UHL001,Actual,SW,Water,,,Lee,07100009,River/Stream,,40.4620485,-91.5670776
6,10560001,Des Moines River near Keokuk,07/06/2006 08:40:00,AMBIENT,HARD-CARB,"Hardness, carbonate",Total,,230,mg/l,True,1,,,130.2,UHL001,Actual,SW,Water,,,Lee,07100009,River/Stream,,40.4620485,-91.5670776
6,10560001,Des Moines River near Keokuk,07/06/2006 08:40:00,AMBIENT,NIT-AMM,Ammonia-nitrogen (as N),Total,,0.05,mg/l,False,0.05,,,350.1,UHL001,Actual,SW,Water,,,Lee,07100009,River/Stream,,40.4620485,-91.5670776
6,10560001,Des Moines River near Keokuk,07/06/2006 08:40:00,AMBIENT,NIT-KJELD,Kjeldahl nitrogen (AS N),Total,,1.5,mg/l,True,0.1,,,351.2,UHL001,Actual,SW,Water,,,Lee,07100009,River/Stream,,40.4620485,-91.5670776
6,10560001,Des Moines River near Keokuk,07/06/2006 08:40:00,AMBIENT,NIT-NO3-NO2,Inorganic nitrogen (nitrate and nitrite) (as N),Total,,4.1,mg/l,True,0.05,,,353.2,UHL001,Actual,SW,Water,,,Lee,07100009,River/Stream,,40.4620485,-91.5670776
6,10560001,Des Moines River near Keokuk,07/06/2006 08:40:00,AMBIENT,PHOSP-PHOSP,Phosphate-phosphorus (as P),Total,,0.22,mg/l,True,0.02,,,365.4,UHL001,Actual,SW,Water,,,Lee,07100009,River/Stream,,40.4620485,-91.5670776
6,10560001,Des Moines River near Keokuk,07/06/2006 08:40:00,AMBIENT,14265-44-2,Orthophosphate (as P),Dissolved,,0.02,mg/l,False,0.02,,,365.1,UHL001,Actual,SW,Water,,,Lee,07100009,River/Stream,,40.4620485,-91.5670776
6,10560001,Des Moines River near Keokuk,07/06/2006 08:40:00,AMBIENT,7631-86-9,Silica,Dissolved,,2.9,mg/l,True,1,,,370.1,UHL001,Actual,SW,Water,,,Lee,07100009,River/Stream,,40.4620485,-91.5670776
6,10560001,Des Moines River near Keokuk,07/06/2006 08:40:00,AMBIENT,TDS,Total dissolved solids,Dissolved,,300,mg/l,True,1,,,160.1,UHL001,Actual,SW,Water,,,Lee,07100009,River/Stream,,40.4620485,-91.5670776
6,10560001,Des Moines River near Keokuk,07/06/2006 08:40:00,AMBIENT,TFSS,Fixed suspended solids,NonFilt,,46,mg/l,True,1,,,160.4,UHL001,Calculated,SW,Water,,,Lee,07100009,River/Stream,,40.4620485,-91.5670776
6,10560001,Des Moines River near Keokuk,07/06/2006 08:40:00,AMBIENT,TVSS,Volatile Suspended Solids,NonFilt,,21,mg/l,True,1,,,160.4,UHL001,Actual,SW,Water,,,Lee,07100009,River/Stream,,40.4620485,-91.5670776
6,10560001,Des Moines River near Keokuk,08/02/2006 09:45:00,AMBIENT,14808-79-8,Sulfate (as SO4),Total,,73,mg/l,True,1,,,300(A),UHL001,Actual,SW,Water,,,Lee,07100009,River/Stream,,40.4620485,-91.5670776
6,10560001,Des Moines River near Keokuk,08/02/2006 09:45:00,AMBIENT,16887-00-6,Chloride,Total,,36,mg/l,True,1,,,300(A),UHL001,Actual,SW,Water,,,Lee,07100009,River/Stream,,40.4620485,-91.5670776
6,10560001,Des Moines River near Keokuk,08/02/2006 09:45:00,AMBIENT,CLR-A-FREE,"Chlorophyll a, free of pheophytin",NonFilt,,120,ug/l,True,1,,,445,UHL001,Actual,SW,Water,,,Lee,07100009,River/Stream,,40.4620485,-91.5670776
6,10560001,Des Moines River near Keokuk,08/02/2006 09:45:00,AMBIENT,68583-22-2,Escherichia coli,Total,,20,MPN/100ml,True,10,,,1603,UHL001,Actual,SW,Water,,,Lee,07100009,River/Stream,,40.4620485,-91.5670776
6,10560001,Des Moines River near Keokuk,08/02/2006 09:45:00,AMBIENT,HARD-CARB,"Hardness, carbonate",Total,,200,mg/l,True,1,,,130.2,UHL001,Actual,SW,Water,,,Lee,07100009,River/Stream,,40.4620485,-91.5670776
6,10560001,Des Moines River near Keokuk,08/02/2006 09:45:00,AMBIENT,NIT-AMM,Ammonia-nitrogen (as N),Total,,0.05,mg/l,False,0.05,,,350.1,UHL001,Actual,SW,Water,,,Lee,07100009,River/Stream,,40.4620485,-91.5670776
6,10560001,Des Moines River near Keokuk,08/02/2006 09:45:00,AMBIENT,NIT-KJELD,Kjeldahl nitrogen (AS N),Total,,1.6,mg/l,True,0.1,,,351.2,UHL001,Actual,SW,Water,,,Lee,07100009,River/Stream,,40.4620485,-91.5670776
6,10560001,Des Moines River near Keokuk,08/02/2006 09:45:00,AMBIENT,NIT-NO3-NO2,Inorganic nitrogen (nitrate and nitrite) (as N),Total,,0.78,mg/l,True,0.05,,,353.2,UHL001,Actual,SW,Water,,,Lee,07100009,River/Stream,,40.4620485,-91.5670776
6,10560001,Des Moines River near Keokuk,08/02/2006 09:45:00,AMBIENT,PHOSP-PHOSP,Phosphate-phosphorus (as P),Total,,0.16,mg/l,True,0.02,,,365.4,UHL001,Actual,SW,Water,,,Lee,07100009,River/Stream,,40.4620485,-91.5670776
6,10560001,Des Moines River near Keokuk,08/02/2006 09:45:00,AMBIENT,14265-44-2,Orthophosphate (as P),Dissolved,,0.02,mg/l,False,0.02,,,365.1,UHL001,Actual,SW,Water,,,Lee,07100009,River/Stream,,40.4620485,-91.5670776
6,10560001,Des Moines River near Keokuk,08/02/2006 09:45:00,AMBIENT,7631-86-9,Silica,Dissolved,,9.7,mg/l,True,1,,,370.1,UHL001,Actual,SW,Water,,,Lee,07100009,River/Stream,,40.4620485,-91.5670776
6,10560001,Des Moines River near Keokuk,08/02/2006 09:45:00,AMBIENT,TDS,Total dissolved solids,Dissolved,,240,mg/l,True,1,,,160.1,UHL001,Actual,SW,Water,,,Lee,07100009,River/Stream,,40.4620485,-91.5670776
6,10560001,Des Moines River near Keokuk,08/02/2006 09:45:00,AMBIENT,TFSS,Fixed suspended solids,NonFilt,,28,mg/l,True,1,,,160.4,UHL001,Calculated,SW,Water,,,Lee,07100009,River/Stream,,40.4620485,-91.5670776
6,10560001,Des Moines River near Keokuk,08/02/2006 09:45:00,AMBIENT,TVSS,Volatile Suspended Solids,NonFilt,,16,mg/l,True,1,,,160.4,UHL001,Actual,SW,Water,,,Lee,07100009,River/Stream,,40.4620485,-91.5670776
6,10560001,Des Moines River near Keokuk,08/02/2006 09:45:00,AMBIENT,TSS,Total suspended solids,NonFilt,,44,mg/l,True,1,,,I3765,UHL001,Actual,SW,Water,,,Lee,07100009,River/Stream,,40.4620485,-91.5670776
6,10560001,Des Moines River near Keokuk,08/02/2006 09:45:00,AMBIENT,SPEC-COND,Specific conductance,Total,,470,uS/cm,True,1,,,2510,UHL001,Actual,SW,Water,,,Lee,07100009,River/Stream,,40.4620485,-91.5670776
6,10560001,Des Moines River near Keokuk,08/02/2006 09:45:00,AMBIENT,TURB,Turbidity,Total,,24,NTU,True,1,,,180.1,UHL001,Actual,SW,Water,,,Lee,07100009,River/Stream,,40.4620485,-91.5670776
6,10560001,Des Moines River near Keokuk,09/12/2006 08:30:00,AMBIENT,NIT-NO3-NO2,Inorganic nitrogen (nitrate and nitrite) (as N),Total,,0.05,mg/l,False,0.05,,,353.2,UHL001,Actual,SW,Water,,,Lee,07100009,River/Stream,,40.4620485,-91.5670776
6,10560001,Des Moines River near Keokuk,09/12/2006 08:30:00,AMBIENT,PHOSP-PHOSP,Phosphate-phosphorus (as P),Total,,0.14,mg/l,True,0.02,,,365.4,UHL001,Actual,SW,Water,,,Lee,07100009,River/Stream,,40.4620485,-91.5670776
6,10560001,Des Moines River near Keokuk,09/12/2006 08:30:00,AMBIENT,14265-44-2,Orthophosphate (as P),Dissolved,,0.02,mg/l,False,0.02,,,365.1,UHL001,Actual,SW,Water,,,Lee,07100009,River/Stream,,40.4620485,-91.5670776
6,10560001,Des Moines River near Keokuk,09/12/2006 08:30:00,AMBIENT,7631-86-9,Silica,Dissolved,,8.2,mg/l,True,1,,,370.1,UHL001,Actual,SW,Water,,,Lee,07100009,River/Stream,,40.4620485,-91.5670776
6,10560001,Des Moines River near Keokuk,09/12/2006 08:30:00,AMBIENT,TDS,Total dissolved solids,Dissolved,,290,mg/l,True,1,,,160.1,UHL001,Actual,SW,Water,,,Lee,07100009,River/Stream,,40.4620485,-91.5670776
6,10560001,Des Moines River near Keokuk,09/12/2006 08:30:00,AMBIENT,TFSS,Fixed suspended solids,NonFilt,,52,mg/l,True,1,,,160.4,UHL001,Calculated,SW,Water,,,Lee,07100009,River/Stream,,40.4620485,-91.5670776
6,10560001,Des Moines River near Keokuk,09/12/2006 08:30:00,AMBIENT,TVSS,Volatile Suspended Solids,NonFilt,,15,mg/l,True,1,,,160.4,UHL001,Actual,SW,Water,,,Lee,07100009,River/Stream,,40.4620485,-91.5670776
6,10560001,Des Moines River near Keokuk,09/12/2006 08:30:00,AMBIENT,TSS,Total suspended solids,NonFilt,,67,mg/l,True,1,,,I3765,UHL001,Actual,SW,Water,,,Lee,07100009,River/Stream,,40.4620485,-91.5670776
6,10560001,Des Moines River near Keokuk,09/12/2006 08:30:00,AMBIENT,SPEC-COND,Specific conductance,Total,,470,uS/cm,True,1,,,2510,UHL001,Actual,SW,Water,,,Lee,07100009,River/Stream,,40.4620485,-91.5670776
6,10560001,Des Moines River near Keokuk,09/12/2006 08:30:00,AMBIENT,TURB,Turbidity,Total,,28,NTU,True,1,,,180.1,UHL001,Actual,SW,Water,,,Lee,07100009,River/Stream,,40.4620485,-91.5670776
6,10560001,Des Moines River near Keokuk,10/04/2006 10:00:00,AMBIENT,7782-44-7,Dissolved oxygen (DO),Total,,9.1,mg/l,True,0.1,,,4500-O-G,,Actual,SW,Water,,,Lee,07100009,River/Stream,,40.4620485,-91.5670776
6,10560001,Des Moines River near Keokuk,10/04/2006 10:00:00,AMBIENT,FLOW,Flow,Total,,1600,cfs,True,0.1,,,USGS CA8,,Actual,SW,Water,,,Lee,07100009,River/Stream,,40.4620485,-91.5670776
6,10560001,Des Moines River near Keokuk,10/04/2006 10:00:00,AMBIENT,PH,pH,Total,,8.7,None,True,,,,4500-H,,Actual,SW,Water,,,Lee,07100009,River/Stream,,40.4620485,-91.5670776
6,10560001,Des Moines River near Keokuk,11/02/2006 08:30:00,AMBIENT,7782-44-7,Dissolved oxygen (DO),Total,,13.3,mg/l,True,0.1,,,4500-O-G,,Actual,SW,Water,,,Lee,07100009,River/Stream,,40.4620485,-91.5670776
6,10560001,Des Moines River near Keokuk,11/02/2006 08:30:00,AMBIENT,FLOW,Flow,Total,,2100,cfs,True,0.1,,,USGS CA8,,Actual,SW,Water,,,Lee,07100009,River/Stream,,40.4620485,-91.5670776
6,10560001,Des Moines River near Keokuk,11/02/2006 08:30:00,AMBIENT,PH,pH,Total,,8.5,None,True,,,,4500-H,,Actual,SW,Water,,,Lee,07100009,River/Stream,,40.4620485,-91.5670776
6,10560001,Des Moines River near Keokuk,11/02/2006 08:30:00,AMBIENT,TEMP-WATER,"Temperature, water",Total,,5.5,deg C,True,0,,,2550,,Actual,SW,Water,,,Lee,07100009,River/Stream,,40.4620485,-91.5670776
6,10560001,Des Moines River near Keokuk,11/02/2006 08:30:00,AMBIENT,1007-28-9,2-Choro-6-ethylamino-4-amino-s-triazine,Total,,0.05,ug/l,False,0.05,,,507,UHL001,Actual,SW,Water,,,Lee,07100009,River/Stream,,40.4620485,-91.5670776
6,10560001,Des Moines River near Keokuk,11/02/2006 08:30:00,AMBIENT,122-34-9,Simazine,Total,,0.05,ug/l,False,0.05,,,507,UHL001,Actual,SW,Water,,,Lee,07100009,River/Stream,,40.4620485,-91.5670776
6,10560001,Des Moines River near Keokuk,11/02/2006 08:30:00,AMBIENT,139-40-2,Propazine,Total,,0.05,ug/l,False,0.05,,,507,UHL001,Actual,SW,Water,,,Lee,07100009,River/Stream,,40.4620485,-91.5670776
6,10560001,Des Moines River near Keokuk,11/02/2006 08:30:00,AMBIENT,1582-09-8,Trifluralin,Total,,0.05,ug/l,False,0.05,,,507,UHL001,Actual,SW,Water,,,Lee,07100009,River/Stream,,40.4620485,-91.5670776
6,10560001,Des Moines River near Keokuk,11/02/2006 08:30:00,AMBIENT,15972-60-8,Alachlor,Total,,0.05,ug/l,False,0.05,,,507,UHL001,Actual,SW,Water,,,Lee,07100009,River/Stream,,40.4620485,-91.5670776
6,10560001,Des Moines River near Keokuk,11/02/2006 08:30:00,AMBIENT,1610-18-0,Prometon,Total,,0.05,ug/l,False,0.05,,,507,UHL001,Actual,SW,Water,,,Lee,07100009,River/Stream,,40.4620485,-91.5670776
6,10560001,Des Moines River near Keokuk,11/02/2006 08:30:00,AMBIENT,1912-24-9,Atrazine,Total,,0.066,ug/l,True,0.05,,,507,UHL001,Actual,SW,Water,,,Lee,07100009,River/Stream,,40.4620485,-91.5670776
6,10560001,Des Moines River near Keokuk,11/02/2006 08:30:00,AMBIENT,1918-16-7,Propachlor,Total,,0.05,ug/l,False,0.05,,,507,UHL001,Actual,SW,Water,,,Lee,07100009,River/Stream,,40.4620485,-91.5670776
6,10560001,Des Moines River near Keokuk,11/02/2006 08:30:00,AMBIENT,2008-41-5,Butylate,Total,,0.05,ug/l,False,0.05,,,507,UHL001,Actual,SW,Water,,,Lee,07100009,River/Stream,,40.4620485,-91.5670776
6,10560001,Des Moines River near Keokuk,11/02/2006 08:30:00,AMBIENT,21087-64-9,Metribuzin,Total,,0.05,ug/l,False,0.05,,,507,UHL001,Actual,SW,Water,,,Lee,07100009,River/Stream,,40.4620485,-91.5670776
6,10560001,Des Moines River near Keokuk,11/02/2006 08:30:00,AMBIENT,21725-46-2,Cyanazine,Total,,0.05,ug/l,False,0.05,,,507,UHL001,Actual,SW,Water,,,Lee,07100009,River/Stream,,40.4620485,-91.5670776
6,10560001,Des Moines River near Keokuk,11/02/2006 08:30:00,AMBIENT,34256-82-1,Acetochlor,Total,,0.05,ug/l,False,0.05,,,507,UHL001,Actual,SW,Water,,,Lee,07100009,River/Stream,,40.4620485,-91.5670776
6,10560001,Des Moines River near Keokuk,11/02/2006 08:30:00,AMBIENT,51218-45-2,Metolachlor,Total,,0.05,ug/l,False,0.05,,,507,UHL001,Actual,SW,Water,,,Lee,07100009,River/Stream,,40.4620485,-91.5670776
6,10560001,Des Moines River near Keokuk,11/02/2006 08:30:00,AMBIENT,6190-65-4,2-Chloro-4-isopropylamino-6-amino-s-triazine,Total,,0.05,ug/l,True,0.05,,,507,UHL001,Actual,SW,Water,,,Lee,07100009,River/Stream,,40.4620485,-91.5670776
6,10560001,Des Moines River near Keokuk,11/02/2006 08:30:00,AMBIENT,759-94-4,S-Ethyl dipropylthiocarbamate,Total,,0.05,ug/l,False,0.05,,,507,UHL001,Actual,SW,Water,,,Lee,07100009,River/Stream,,40.4620485,-91.5670776
6,10560001,Des Moines River near Keokuk,11/02/2006 08:30:00,AMBIENT,834-12-8,Ametryn,Total,,0.05,ug/l,False,0.05,,,507,UHL001,Actual,SW,Water,,,Lee,07100009,River/Stream,,40.4620485,-91.5670776
6,10560001,Des Moines River near Keokuk,11/02/2006 08:30:00,AMBIENT,87674-68-8,Dimethenamid,Total,,0.05,ug/l,False,0.05,,,507,UHL001,Actual,SW,Water,,,Lee,07100009,River/Stream,,40.4620485,-91.5670776
6,10560001,Des Moines River near Keokuk,11/02/2006 08:30:00,AMBIENT,CBOD-SC,"Carbonaceous biochemical oxygen demand, standard conditions",Total,,3,mg/l,True,2,,,5210-B,UHL001,Actual,SW,Water,,,Lee,07100009,River/Stream,,40.4620485,-91.5670776
6,10560002,Skunk River near Augusta,10/12/2010 12:20:00,AMBIENT,TURB,Turbidity,Total,,27,NTU,True,1,,,2130-B,UHL001,Actual,SW,Water,,,Lee,07080107,River/Stream,,40.75340048,-91.2755898
6,10560002,Skunk River near Augusta,10/12/2010 12:20:00,AMBIENT,CBOD-SC,"Carbonaceous biochemical oxygen demand, standard conditions",Total,,2,mg/l,False,2,,,5210-B,UHL001,Actual,SW,Water,,,Lee,07080107,River/Stream,,40.75340048,-91.2755898
6,10560002,Skunk River near Augusta,10/12/2010 12:20:00,AMBIENT,14808-79-8,Sulfate (as SO4),Total,,26,mg/l,True,1,,,300.0,UHL001,Actual,SW,Water,,,Lee,07080107,River/Stream,,40.75340048,-91.2755898
6,10560002,Skunk River near Augusta,10/12/2010 12:20:00,AMBIENT,16887-00-6,Chloride,Total,,14,mg/l,True,1,,,300.0,UHL001,Actual,SW,Water,,,Lee,07080107,River/Stream,,40.75340048,-91.2755898
6,10560002,Skunk River near Augusta,10/12/2010 12:20:00,AMBIENT,HARD-CARB,"Hardness, carbonate",Total,,310,mg/l,True,1,,,2340C,UHL001,Actual,SW,Water,,,Lee,07080107,River/Stream,,40.75340048,-91.2755898
6,10560002,Skunk River near Augusta,10/12/2010 12:20:00,AMBIENT,CLR-A-FREE,"Chlorophyll a, free of pheophytin",NonFilt,,14,ug/l,True,1,,,445,UHL001,Actual,SW,Water,,,Lee,07080107,River/Stream,,40.75340048,-91.2755898
6,10560002,Skunk River near Augusta,11/04/2010 09:45:00,AMBIENT,PH,pH,Total,,8.4,None,True,,,,4500-H,,Actual,SW,Water,,,Lee,07080107,River/Stream,,40.75340048,-91.2755898
6,10560002,Skunk River near Augusta,11/04/2010 09:45:00,AMBIENT,7782-44-7,Dissolved oxygen (DO),Total,,11.4,mg/l,True,,,,4500-O-G,,Actual,SW,Water,,,Lee,07080107,River/Stream,,40.75340048,-91.2755898
6,10560002,Skunk River near Augusta,11/04/2010 09:45:00,AMBIENT,FLOW,Flow,Total,,1800,cfs,True,,,,USGS CA8,,Actual,SW,Water,,,Lee,07080107,River/Stream,,40.75340048,-91.2755898
6,10560002,Skunk River near Augusta,11/04/2010 09:45:00,AMBIENT,NIT-NO3-NO2,Inorganic nitrogen (nitrate and nitrite) (as N),Total,,3.2,mg/l,True,0.1,,,353.2,UHL001,Actual,SW,Water,,,Lee,07080107,River/Stream,,40.75340048,-91.2755898
6,10560002,Skunk River near Augusta,11/04/2010 09:45:00,AMBIENT,NIT-KJELD,Kjeldahl nitrogen (AS N),Total,,0.4,mg/l,True,0.1,,,351.2,UHL001,Actual,SW,Water,,,Lee,07080107,River/Stream,,40.75340048,-91.2755898
6,10560002,Skunk River near Augusta,11/04/2010 09:45:00,AMBIENT,14265-44-2,Orthophosphate (as P),Dissolved,,0.09,mg/l,True,0.02,,,365.1,UHL001,Actual,SW,Water,,,Lee,07080107,River/Stream,,40.75340048,-91.2755898
6,10560002,Skunk River near Augusta,11/04/2010 09:45:00,AMBIENT,PHOSP-PHOSP,Phosphate-phosphorus (as P),Total,,0.11,mg/l,True,0.02,,,365.4,UHL001,Actual,SW,Water,,,Lee,07080107,River/Stream,,40.75340048,-91.2755898
6,10560002,Skunk River near Augusta,11/04/2010 09:45:00,AMBIENT,TDS,Total dissolved solids,Dissolved,,370,mg/l,True,1,,,2540-C,UHL001,Actual,SW,Water,,,Lee,07080107,River/Stream,,40.75340048,-91.2755898
6,10560002,Skunk River near Augusta,11/04/2010 09:45:00,AMBIENT,TVSS,Volatile Suspended Solids,NonFilt,,2,mg/l,True,1,,,160.4,UHL001,Actual,SW,Water,,,Lee,07080107,River/Stream,,40.75340048,-91.2755898
6,10560002,Skunk River near Augusta,11/04/2010 09:45:00,AMBIENT,NIT-AMM,Ammonia-nitrogen (as N),Total,,0.05,mg/l,False,0.05,,,350.1,UHL001,Actual,SW,Water,,,Lee,07080107,River/Stream,,40.75340048,-91.2755898
6,10560002,Skunk River near Augusta,11/04/2010 09:45:00,AMBIENT,TSS,Total suspended solids,NonFilt,,5,mg/l,True,1,,,I3765,UHL001,Actual,SW,Water,,,Lee,07080107,River/Stream,,40.75340048,-91.2755898
6,10560002,Skunk River near Augusta,11/04/2010 09:45:00,AMBIENT,68583-22-2,Escherichia coli,Total,,10,MPN/100ml,True,10,,,9223-B,UHL001,Actual,SW,Water,,,Lee,07080107,River/Stream,,40.75340048,-91.2755898
6,10560002,Skunk River near Augusta,11/04/2010 09:45:00,AMBIENT,TURB,Turbidity,Total,,4,NTU,True,1,,,2130-B,UHL001,Actual,SW,Water,,,Lee,07080107,River/Stream,,40.75340048,-91.2755898
6,10560002,Skunk River near Augusta,11/04/2010 09:45:00,AMBIENT,CBOD-SC,"Carbonaceous biochemical oxygen demand, standard conditions",Total,,2,mg/l,False,2,,,5210-B,UHL001,Actual,SW,Water,,,Lee,07080107,River/Stream,,40.75340048,-91.2755898
6,10560002,Skunk River near Augusta,11/04/2010 09:45:00,AMBIENT,14808-79-8,Sulfate (as SO4),Total,,31,mg/l,True,1,,,300.0,UHL001,Actual,SW,Water,,,Lee,07080107,River/Stream,,40.75340048,-91.2755898
6,10560002,Skunk River near Augusta,11/04/2010 09:45:00,AMBIENT,16887-00-6,Chloride,Total,,16,mg/l,True,1,,,300.0,UHL001,Actual,SW,Water,,,Lee,07080107,River/Stream,,40.75340048,-91.2755898
6,10560002,Skunk River near Augusta,11/04/2010 09:45:00,AMBIENT,HARD-CARB,"Hardness, carbonate",Total,,250,mg/l,True,1,,,2340C,UHL001,Actual,SW,Water,,,Lee,07080107,River/Stream,,40.75340048,-91.2755898
6,10560002,Skunk River near Augusta,11/04/2010 09:45:00,AMBIENT,CLR-A-FREE,"Chlorophyll a, free of pheophytin",NonFilt,,15,ug/l,True,1,,,445,UHL001,Actual,SW,Water,,,Lee,07080107,River/Stream,,40.75340048,-91.2755898
6,10560002,Skunk River near Augusta,01/06/2011 09:00:00,AMBIENT,TEMP-WATER,"Temperature, water",Total,,1.2,deg C,True,,,,2550,,Actual,SW,Water,,,Lee,07080107,River/Stream,,40.75340048,-91.2755898
6,10560002,Skunk River near Augusta,01/06/2011 09:00:00,AMBIENT,PH,pH,Total,,7.5,None,True,,,,4500-H,,Actual,SW,Water,,,Lee,07080107,River/Stream,,40.75340048,-91.2755898
6,10560002,Skunk River near Augusta,02/08/2011 08:25:00,AMBIENT,TEMP-WATER,"Temperature, water",Total,,0.1,deg C,True,,,,2550,,Actual,SW,Water,,,Lee,07080107,River/Stream,,40.75340048,-91.2755898
6,10560002,Skunk River near Augusta,02/08/2011 08:25:00,AMBIENT,PH,pH,Total,,8,None,True,,,,4500-H,,Actual,SW,Water,,,Lee,07080107,River/Stream,,40.75340048,-91.2755898
6,10560002,Skunk River near Augusta,02/08/2011 08:25:00,AMBIENT,7782-44-7,Dissolved oxygen (DO),Total,,12.9,mg/l,True,,,,D888(C),,Actual,SW,Water,,,Lee,07080107,River/Stream,,40.75340048,-91.2755898
6,10560002,Skunk River near Augusta,03/03/2011 11:00:00,AMBIENT,TURB,Turbidity,Total,,140,NTU,True,1,,,2130-B,UHL001,Actual,SW,Water,,,Lee,07080107,River/Stream,,40.75340048,-91.2755898
6,10560002,Skunk River near Augusta,03/03/2011 11:00:00,AMBIENT,14808-79-8,Sulfate (as SO4),Total,,30,mg/l,True,1,,,300.0,UHL001,Actual,SW,Water,,,Lee,07080107,River/Stream,,40.75340048,-91.2755898
6,10560002,Skunk River near Augusta,03/03/2011 11:00:00,AMBIENT,16887-00-6,Chloride,Total,,19,mg/l,True,1,,,300.0,UHL001,Actual,SW,Water,,,Lee,07080107,River/Stream,,40.75340048,-91.2755898
6,10560002,Skunk River near Augusta,03/03/2011 11:00:00,AMBIENT,HARD-CARB,"Hardness, carbonate",Total,,210,mg/l,True,1,,,2340C,UHL001,Actual,SW,Water,,,Lee,07080107,River/Stream,,40.75340048,-91.2755898
6,10560002,Skunk River near Augusta,03/03/2011 11:00:00,AMBIENT,CLR-A-FREE,"Chlorophyll a, free of pheophytin",NonFilt,,5,ug/l,True,1,,,445,UHL001,Actual,SW,Water,,,Lee,07080107,River/Stream,,40.75340048,-91.2755898
6,10560002,Skunk River near Augusta,03/03/2011 11:00:00,AMBIENT,CBOD-SC,"Carbonaceous biochemical oxygen demand, standard conditions",Total,,2,mg/l,False,2,,,5210-B,UHL001,Actual,SW,Water,,,Lee,07080107,River/Stream,,40.75340048,-91.2755898
6,10560002,Skunk River near Augusta,04/05/2011 08:30:00,AMBIENT,HARD-CARB,"Hardness, carbonate",Total,,280,mg/l,True,1,,,2340C,UHL001,Actual,SW,Water,,,Lee,07080107,River/Stream,,40.75340048,-91.2755898
6,10560002,Skunk River near Augusta,04/05/2011 08:30:00,AMBIENT,CLR-A-FREE,"Chlorophyll a, free of pheophytin",NonFilt,,47,ug/l,True,1,,,445,UHL001,Actual,SW,Water,,,Lee,07080107,River/Stream,,40.75340048,-91.2755898
6,10560002,Skunk River near Augusta,04/05/2011 08:30:00,AMBIENT,CBOD-SC,"Carbonaceous biochemical oxygen demand, standard conditions",Total,,2,mg/l,False,2,,,5210-B,UHL001,Actual,SW,Water,,,Lee,07080107,River/Stream,,40.75340048,-91.2755898
6,10560002,Skunk River near Augusta,05/03/2011 12:10:00,AMBIENT,CBOD-SC,"Carbonaceous biochemical oxygen demand, standard conditions",Total,,2,mg/l,False,2,,,5210-B,UHL001,Actual,SW,Water,,,Lee,07080107,River/Stream,,40.75340048,-91.2755898
6,10560002,Skunk River near Augusta,06/02/2011 10:40:00,AMBIENT,TEMP-WATER,"Temperature, water",Total,,20.6,deg C,True,,,,2550,,Actual,SW,Water,,,Lee,07080107,River/Stream,,40.75340048,-91.2755898
6,10560002,Skunk River near Augusta,06/02/2011 10:40:00,AMBIENT,PH,pH,Total,,7.6,None,True,,,,4500-H,,Actual,SW,Water,,,Lee,07080107,River/Stream,,40.75340048,-91.2755898
6,10560002,Skunk River near Augusta,06/02/2011 10:40:00,AMBIENT,7782-44-7,Dissolved oxygen (DO),Total,,8,mg/l,True,,,,4500-O-G,,Actual,SW,Water,,,Lee,07080107,River/Stream,,40.75340048,-91.2755898
6,10560002,Skunk River near Augusta,06/02/2011 10:40:00,AMBIENT,FLOW,Flow,Total,,12000,cfs,True,,,,USGS CA8,,Actual,SW,Water,,,Lee,07080107,River/Stream,,40.75340048,-91.2755898
6,10560002,Skunk River near Augusta,06/02/2011 10:40:00,AMBIENT,NIT-NO3-NO2,Inorganic nitrogen (nitrate and nitrite) (as N),Total,,6.5,mg/l,True,0.1,,,353.2,UHL001,Actual,SW,Water,,,Lee,07080107,River/Stream,,40.75340048,-91.2755898
6,10560002,Skunk River near Augusta,06/02/2011 10:40:00,AMBIENT,NIT-KJELD,Kjeldahl nitrogen (AS N),Total,,2,mg/l,True,0.1,,,351.2,UHL001,Actual,SW,Water,,,Lee,07080107,River/Stream,,40.75340048,-91.2755898
6,10560002,Skunk River near Augusta,06/02/2011 10:40:00,AMBIENT,14265-44-2,Orthophosphate (as P),Dissolved,,0.14,mg/l,True,0.02,,,365.1,UHL001,Actual,SW,Water,,,Lee,07080107,River/Stream,,40.75340048,-91.2755898
6,10560002,Skunk River near Augusta,06/02/2011 10:40:00,AMBIENT,PHOSP-PHOSP,Phosphate-phosphorus (as P),Total,,0.51,mg/l,True,0.05,,,365.4,UHL001,Actual,SW,Water,,,Lee,07080107,River/Stream,,40.75340048,-91.2755898
6,10560002,Skunk River near Augusta,06/02/2011 10:40:00,AMBIENT,TDS,Total dissolved solids,Dissolved,,240,mg/l,True,1,,,2540-C,UHL001,Actual,SW,Water,,,Lee,07080107,River/Stream,,40.75340048,-91.2755898
6,10560002,Skunk River near Augusta,06/02/2011 10:40:00,AMBIENT,TVSS,Volatile Suspended Solids,NonFilt,,48,mg/l,True,1,,,160.4,UHL001,Actual,SW,Water,,,Lee,07080107,River/Stream,,40.75340048,-91.2755898
6,10560002,Skunk River near Augusta,06/02/2011 10:40:00,AMBIENT,NIT-AMM,Ammonia-nitrogen (as N),Total,,0.05,mg/l,False,0.05,,,350.1,UHL001,Actual,SW,Water,,,Lee,07080107,River/Stream,,40.75340048,-91.2755898
6,10560002,Skunk River near Augusta,06/02/2011 10:40:00,AMBIENT,TSS,Total suspended solids,NonFilt,,480,mg/l,True,1,,,I3765,UHL001,Actual,SW,Water,,,Lee,07080107,River/Stream,,40.75340048,-91.2755898
6,10560002,Skunk River near Augusta,06/02/2011 10:40:00,AMBIENT,68583-22-2,Escherichia coli,Total,,2800,MPN/100ml,True,10,,,9223-B,UHL001,Actual,SW,Water,,,Lee,07080107,River/Stream,,40.75340048,-91.2755898
6,10560002,Skunk River near Augusta,06/02/2011 10:40:00,AMBIENT,TURB,Turbidity,Total,,250,NTU,True,1,,,2130-B,UHL001,Actual,SW,Water,,,Lee,07080107,River/Stream,,40.75340048,-91.2755898
6,10560002,Skunk River near Augusta,06/02/2011 10:40:00,AMBIENT,14808-79-8,Sulfate (as SO4),Total,,16,mg/l,True,1,,,300.0,UHL001,Actual,SW,Water,,,Lee,07080107,River/Stream,,40.75340048,-91.2755898
6,10560002,Skunk River near Augusta,06/02/2011 10:40:00,AMBIENT,16887-00-6,Chloride,Total,,9.8,mg/l,True,1,,,300.0,UHL001,Actual,SW,Water,,,Lee,07080107,River/Stream,,40.75340048,-91.2755898
6,10560002,Skunk River near Augusta,06/02/2011 10:40:00,AMBIENT,HARD-CARB,"Hardness, carbonate",Total,,190,mg/l,True,1,,,2340C,UHL001,Actual,SW,Water,,,Lee,07080107,River/Stream,,40.75340048,-91.2755898
6,10560002,Skunk River near Augusta,06/02/2011 10:40:00,AMBIENT,CBOD-SC,"Carbonaceous biochemical oxygen demand, standard conditions",Total,,2,mg/l,False,2,,,5210-B,UHL001,Actual,SW,Water,,,Lee,07080107,River/Stream,,40.75340048,-91.2755898
6,10560002,Skunk River near Augusta,06/02/2011 10:40:00,AMBIENT,CLR-A-CP,"Chlorophyll a, corrected for pheophytin",NonFilt,,1,ug/l,False,1,,,10200H(2),UHL001,Actual,SW,Water,,,Lee,07080107,River/Stream,,40.75340048,-91.2755898
6,10560002,Skunk River near Augusta,07/07/2011 08:45:00,AMBIENT,14808-79-8,Sulfate (as SO4),Total,,26,mg/l,True,1,,,300.0,UHL001,Actual,SW,Water,,,Lee,07080107,River/Stream,,40.75340048,-91.2755898
6,10560002,Skunk River near Augusta,07/07/2011 08:45:00,AMBIENT,16887-00-6,Chloride,Total,,14,mg/l,True,1,,,300.0,UHL001,Actual,SW,Water,,,Lee,07080107,River/Stream,,40.75340048,-91.2755898
6,10560002,Skunk River near Augusta,07/07/2011 08:45:00,AMBIENT,HARD-CARB,"Hardness, carbonate",Total,,290,mg/l,True,1,,,2340C,UHL001,Actual,SW,Water,,,Lee,07080107,River/Stream,,40.75340048,-91.2755898
6,10560002,Skunk River near Augusta,07/07/2011 08:45:00,AMBIENT,CLR-A-FREE,"Chlorophyll a, free of pheophytin",NonFilt,,23,ug/l,True,1,,,445,UHL001,Actual,SW,Water,,,Lee,07080107,River/Stream,,40.75340048,-91.2755898
6,10560002,Skunk River near Augusta,07/07/2011 08:45:00,AMBIENT,68583-22-2,Escherichia coli,Total,,180,MPN/100ml,True,10,,,9223-B,UHL001,Actual,SW,Water,,,Lee,07080107,River/Stream,,40.75340048,-91.2755898
6,10560002,Skunk River near Augusta,07/07/2011 08:45:00,AMBIENT,FLOW,Flow,Total,,3900,cfs,True,,,,USGS CA8,,Actual,SW,Water,,,Lee,07080107,River/Stream,,40.75340048,-91.2755898
6,10560002,Skunk River near Augusta,07/07/2011 08:45:00,AMBIENT,TEMP-WATER,"Temperature, water",Total,,26.4,deg C,True,,,,2550,,Actual,SW,Water,,,Lee,07080107,River/Stream,,40.75340048,-91.2755898
6,10560002,Skunk River near Augusta,07/07/2011 08:45:00,AMBIENT,PH,pH,Total,,8.3,None,True,,,,4500-H,,Actual,SW,Water,,,Lee,07080107,River/Stream,,40.75340048,-91.2755898
6,10560002,Skunk River near Augusta,07/07/2011 08:45:00,AMBIENT,7782-44-7,Dissolved oxygen (DO),Total,,7.1,mg/l,True,,,,4500-O-G,,Actual,SW,Water,,,Lee,07080107,River/Stream,,40.75340048,-91.2755898
6,10560002,Skunk River near Augusta,08/01/2011 12:20:00,AMBIENT,7782-44-7,Dissolved oxygen (DO),Total,,8.3,mg/l,True,,,,4500-O-G,,Actual,SW,Water,,,Lee,07080107,River/Stream,,40.75340048,-91.2755898
6,10560002,Skunk River near Augusta,09/01/2011 09:30:00,AMBIENT,PH,pH,Total,,8.3,None,True,,,,4500-H,,Actual,SW,Water,,,Lee,07080107,River/Stream,,40.75340048,-91.2755898
6,10560002,Skunk River near Augusta,09/01/2011 09:30:00,AMBIENT,7782-44-7,Dissolved oxygen (DO),Total,,6.9,mg/l,True,,,,4500-O-G,,Actual,SW,Water,,,Lee,07080107,River/Stream,,40.75340048,-91.2755898
6,10560002,Skunk River near Augusta,10/05/2011 09:30:00,AMBIENT,14265-44-2,Orthophosphate (as P),Dissolved,,0.03,mg/l,True,0.02,,,365.1,UHL001,Actual,SW,Water,,,Lee,07080107,River/Stream,,40.75340048,-91.2755898
6,10560002,Skunk River near Augusta,10/05/2011 09:30:00,AMBIENT,PHOSP-PHOSP,Phosphate-phosphorus (as P),Total,,0.16,mg/l,True,0.02,,,365.4,UHL001,Actual,SW,Water,,,Lee,07080107,River/Stream,,40.75340048,-91.2755898
6,10560002,Skunk River near Augusta,10/05/2011 09:30:00,AMBIENT,TDS,Total dissolved solids,Dissolved,,330,mg/l,True,1,,,2540-C,UHL001,Actual,SW,Water,,,Lee,07080107,River/Stream,,40.75340048,-91.2755898
6,10560002,Skunk River near Augusta,10/05/2011 09:30:00,AMBIENT,TVSS,Volatile Suspended Solids,NonFilt,,14,mg/l,True,1,,,160.4,UHL001,Actual,SW,Water,,,Lee,07080107,River/Stream,,40.75340048,-91.2755898
6,10560002,Skunk River near Augusta,10/05/2011 09:30:00,AMBIENT,TSS,Total suspended solids,NonFilt,,52,mg/l,True,1,,,I3765,UHL001,Actual,SW,Water,,,Lee,07080107,River/Stream,,40.75340048,-91.2755898
6,10560002,Skunk River near Augusta,10/05/2011 09:30:00,AMBIENT,TURB,Turbidity,Total,,33,NTU,True,1,,,2130-B,UHL001,Actual,SW,Water,,,Lee,07080107,River/Stream,,40.75340048,-91.2755898
6,10560002,Skunk River near Augusta,10/05/2011 09:30:00,AMBIENT,NIT-AMM,Ammonia-nitrogen (as N),Total,,0.05,mg/l,False,0.05,,,350.1,UHL001,Actual,SW,Water,,,Lee,07080107,River/Stream,,40.75340048,-91.2755898
6,10560002,Skunk River near Augusta,10/05/2011 09:30:00,AMBIENT,CBOD-SC,"Carbonaceous biochemical oxygen demand, standard conditions",Total,,2,mg/l,False,2,,,5210-B,UHL001,Actual,SW,Water,,,Lee,07080107,River/Stream,,40.75340048,-91.2755898
6,10560002,Skunk River near Augusta,10/05/2011 09:30:00,AMBIENT,14808-79-8,Sulfate (as SO4),Total,,54,mg/l,True,1,,,300.0,UHL001,Actual,SW,Water,,,Lee,07080107,River/Stream,,40.75340048,-91.2755898
6,10560002,Skunk River near Augusta,10/05/2011 09:30:00,AMBIENT,16887-00-6,Chloride,Total,,23,mg/l,True,1,,,300.0,UHL001,Actual,SW,Water,,,Lee,07080107,River/Stream,,40.75340048,-91.2755898
6,10560002,Skunk River near Augusta,10/05/2011 09:30:00,AMBIENT,HARD-CARB,"Hardness, carbonate",Total,,260,mg/l,True,1,,,2340C,UHL001,Actual,SW,Water,,,Lee,07080107,River/Stream,,40.75340048,-91.2755898
6,10560002,Skunk River near Augusta,10/05/2011 09:30:00,AMBIENT,CLR-A-FREE,"Chlorophyll a, free of pheophytin",NonFilt,,56,ug/l,True,1,,,445,UHL001,Actual,SW,Water,,,Lee,07080107,River/Stream,,40.75340048,-91.2755898
6,10560002,Skunk River near Augusta,10/05/2011 09:30:00,AMBIENT,68583-22-2,Escherichia coli,Total,,41,MPN/100ml,True,10,,,9223-B,UHL001,Actual,SW,Water,,,Lee,07080107,River/Stream,,40.75340048,-91.2755898
6,10560002,Skunk River near Augusta,10/05/2011 09:30:00,AMBIENT,FLOW,Flow,Total,,390,cfs,True,,,,USGS CA8,,Actual,SW,Water,,,Lee,07080107,River/Stream,,40.75340048,-91.2755898
6,10560002,Skunk River near Augusta,10/05/2011 09:30:00,AMBIENT,TEMP-WATER,"Temperature, water",Total,,16.2,deg C,True,,,,2550,,Actual,SW,Water,,,Lee,07080107,River/Stream,,40.75340048,-91.2755898
6,10560002,Skunk River near Augusta,10/05/2011 09:30:00,AMBIENT,PH,pH,Total,,8.5,None,True,,,,4500-H,,Actual,SW,Water,,,Lee,07080107,River/Stream,,40.75340048,-91.2755898
6,10560002,Skunk River near Augusta,10/05/2011 09:30:00,AMBIENT,7782-44-7,Dissolved oxygen (DO),Total,,9.9,mg/l,True,,,,4500-O-G,,Actual,SW,Water,,,Lee,07080107,River/Stream,,40.75340048,-91.2755898
6,10560002,Skunk River near Augusta,11/01/2011 08:30:00,AMBIENT,PH,pH,Total,,8.6,None,True,,,,4500-H,,Actual,SW,Water,,,Lee,07080107,River/Stream,,40.75340048,-91.2755898
6,10560002,Skunk River near Augusta,11/01/2011 08:30:00,AMBIENT,7782-44-7,Dissolved oxygen (DO),Total,,11.2,mg/l,True,,,,4500-O-G,,Actual,SW,Water,,,Lee,07080107,River/Stream,,40.75340048,-91.2755898
6,10560002,Skunk River near Augusta,12/05/2011 09:00:00,AMBIENT,NIT-NO3-NO2,Inorganic nitrogen (nitrate and nitrite) (as N),Total,,0.46,mg/l,True,0.1,,,353.2,UHL001,Actual,SW,Water,,,Lee,07080107,River/Stream,,40.75340048,-91.2755898
6,10560002,Skunk River near Augusta,12/05/2011 09:00:00,AMBIENT,NIT-KJELD,Kjeldahl nitrogen (AS N),Total,,0.7,mg/l,True,0.1,,,351.2,UHL001,Actual,SW,Water,,,Lee,07080107,River/Stream,,40.75340048,-91.2755898
6,10560002,Skunk River near Augusta,12/05/2011 09:00:00,AMBIENT,14265-44-2,Orthophosphate (as P),Dissolved,,0.02,mg/l,False,0.02,,,365.1,UHL001,Actual,SW,Water,,,Lee,07080107,River/Stream,,40.75340048,-91.2755898
6,10560002,Skunk River near Augusta,12/05/2011 09:00:00,AMBIENT,PHOSP-PHOSP,Phosphate-phosphorus (as P),Total,,0.09,mg/l,True,0.02,,,365.4,UHL001,Actual,SW,Water,,,Lee,07080107,River/Stream,,40.75340048,-91.2755898
6,10560002,Skunk River near Augusta,01/04/2012 11:25:00,AMBIENT,FLOW,Flow,Total,,310,cfs,True,,,,USGS CA8,,Actual,SW,Water,,,Lee,07080107,River/Stream,,40.75340048,-91.2755898
6,10560002,Skunk River near Augusta,01/04/2012 11:25:00,AMBIENT,PH,pH,Total,,8.3,None,True,,,,4500-H,,Actual,SW,Water,,,Lee,07080107,River/Stream,,40.75340048,-91.2755898
6,10560002,Skunk River near Augusta,01/04/2012 11:25:00,AMBIENT,TEMP-WATER,"Temperature, water",Total,,1,deg C,True,,,,2550,,Actual,SW,Water,,,Lee,07080107,River/Stream,,40.75340048,-91.2755898
6,10560002,Skunk River near Augusta,02/06/2012 10:25:00,AMBIENT,NIT-AMM,Ammonia-nitrogen (as N),Total,,0.05,mg/l,False,0.05,,,LAC10-107-06-1J,UHL001,Actual,SW,Water,,,Lee,07080107,River/Stream,,40.75340048,-91.2755898
6,10560002,Skunk River near Augusta,02/06/2012 10:25:00,AMBIENT,14808-79-8,Sulfate (as SO4),Total,,63,mg/l,True,1,,,300.0,UHL001,Actual,SW,Water,,,Lee,07080107,River/Stream,,40.75340048,-91.2755898
6,10560002,Skunk River near Augusta,02/06/2012 10:25:00,AMBIENT,16887-00-6,Chloride,Total,,28,mg/l,True,1,,,300.0,UHL001,Actual,SW,Water,,,Lee,07080107,River/Stream,,40.75340048,-91.2755898
6,10560002,Skunk River near Augusta,02/06/2012 10:25:00,AMBIENT,CBOD-SC,"Carbonaceous biochemical oxygen demand, standard conditions",Total,,2,mg/l,False,2,,,5210-B,UHL001,Actual,SW,Water,,,Lee,07080107,River/Stream,,40.75340048,-91.2755898
6,10560002,Skunk River near Augusta,02/06/2012 10:25:00,AMBIENT,CLR-A-FREE,"Chlorophyll a, free of pheophytin",NonFilt,,11,ug/l,True,1,,,445,UHL001,Actual,SW,Water,,,Lee,07080107,River/Stream,,40.75340048,-91.2755898
6,10560002,Skunk River near Augusta,02/06/2012 10:25:00,AMBIENT,68583-22-2,Escherichia coli,Total,,41,MPN/100ml,True,10,,,9223-B,UHL001,Actual,SW,Water,,,Lee,07080107,River/Stream,,40.75340048,-91.2755898
6,10560002,Skunk River near Augusta,02/06/2012 10:25:00,AMBIENT,HARD-CARB,"Hardness, carbonate",Total,,260,mg/l,True,1,,,2340C,UHL001,Actual,SW,Water,,,Lee,07080107,River/Stream,,40.75340048,-91.2755898
6,10560002,Skunk River near Augusta,02/06/2012 10:25:00,AMBIENT,NIT-NO3-NO2,Inorganic nitrogen (nitrate and nitrite) (as N),Total,,1.9,mg/l,True,0.1,,,LAC10-107-04-1J,UHL001,Actual,SW,Water,,,Lee,07080107,River/Stream,,40.75340048,-91.2755898
6,10560002,Skunk River near Augusta,02/06/2012 10:25:00,AMBIENT,14265-44-2,Orthophosphate (as P),Dissolved,,0.04,mg/l,True,0.02,,,LAC10-115-01-1A,UHL001,Actual,SW,Water,,,Lee,07080107,River/Stream,,40.75340048,-91.2755898
6,10560002,Skunk River near Augusta,02/06/2012 10:25:00,AMBIENT,PHOSP-PHOSP,Phosphate-phosphorus (as P),Total,,0.14,mg/l,True,0.02,,,LAC10-115-01-1D,UHL001,Actual,SW,Water,,,Lee,07080107,River/Stream,,40.75340048,-91.2755898
6,10560002,Skunk River near Augusta,02/06/2012 10:25:00,AMBIENT,TSS,Total suspended solids,NonFilt,,9,mg/l,True,1,,,I3765,UHL001,Actual,SW,Water,,,Lee,07080107,River/Stream,,40.75340048,-91.2755898
6,10560002,Skunk River near Augusta,03/05/2012 09:15:00,AMBIENT,NIT-AMM,Ammonia-nitrogen (as N),Total,,0.05,mg/l,False,0.05,,,LAC10-107-06-1J,UHL001,Actual,SW,Water,,,Lee,07080107,River/Stream,,40.75340048,-91.2755898
6,10560002,Skunk River near Augusta,03/05/2012 09:15:00,AMBIENT,14808-79-8,Sulfate (as SO4),Total,,49,mg/l,True,1,,,300.0,UHL001,Actual,SW,Water,,,Lee,07080107,River/Stream,,40.75340048,-91.2755898
6,10560002,Skunk River near Augusta,03/05/2012 09:15:00,AMBIENT,16887-00-6,Chloride,Total,,27,mg/l,True,1,,,300.0,UHL001,Actual,SW,Water,,,Lee,07080107,River/Stream,,40.75340048,-91.2755898
6,10560002,Skunk River near Augusta,03/05/2012 09:15:00,AMBIENT,CBOD-SC,"Carbonaceous biochemical oxygen demand, standard conditions",Total,,2,mg/l,False,2,,,5210-B,UHL001,Actual,SW,Water,,,Lee,07080107,River/Stream,,40.75340048,-91.2755898
6,10560002,Skunk River near Augusta,03/05/2012 09:15:00,AMBIENT,CLR-A-FREE,"Chlorophyll a, free of pheophytin",NonFilt,,16,ug/l,True,1,,,445,UHL001,Actual,SW,Water,,,Lee,07080107,River/Stream,,40.75340048,-91.2755898
6,10560002,Skunk River near Augusta,03/05/2012 09:15:00,AMBIENT,68583-22-2,Escherichia coli,Total,,10,MPN/100ml,False,10,,,9223-B,UHL001,Actual,SW,Water,,,Lee,07080107,River/Stream,,40.75340048,-91.2755898
6,10560002,Skunk River near Augusta,03/05/2012 09:15:00,AMBIENT,HARD-CARB,"Hardness, carbonate",Total,,220,mg/l,True,1,,,2340C,UHL001,Actual,SW,Water,,,Lee,07080107,River/Stream,,40.75340048,-91.2755898
6,10560002,Skunk River near Augusta,03/05/2012 09:15:00,AMBIENT,NIT-NO3-NO2,Inorganic nitrogen (nitrate and nitrite) (as N),Total,,3.4,mg/l,True,0.1,,,LAC10-107-04-1J,UHL001,Actual,SW,Water,,,Lee,07080107,River/Stream,,40.75340048,-91.2755898
6,10560002,Skunk River near Augusta,03/05/2012 09:15:00,AMBIENT,14265-44-2,Orthophosphate (as P),Dissolved,,0.06,mg/l,True,0.02,,,LAC10-115-01-1A,UHL001,Actual,SW,Water,,,Lee,07080107,River/Stream,,40.75340048,-91.2755898
6,10560002,Skunk River near Augusta,03/05/2012 09:15:00,AMBIENT,PHOSP-PHOSP,Phosphate-phosphorus (as P),Total,,0.13,mg/l,True,0.02,,,LAC10-115-01-1D,UHL001,Actual,SW,Water,,,Lee,07080107,River/Stream,,40.75340048,-91.2755898
6,10560002,Skunk River near Augusta,03/05/2012 09:15:00,AMBIENT,TDS,Total dissolved solids,Dissolved,,310,mg/l,True,1,,,2540-C,UHL001,Actual,SW,Water,,,Lee,07080107,River/Stream,,40.75340048,-91.2755898
6,10560002,Skunk River near Augusta,03/05/2012 09:15:00,AMBIENT,TSS,Total suspended solids,NonFilt,,17,mg/l,True,1,,,I3765,UHL001,Actual,SW,Water,,,Lee,07080107,River/Stream,,40.75340048,-91.2755898
6,10560002,Skunk River near Augusta,03/05/2012 09:15:00,AMBIENT,TVSS,Volatile Suspended Solids,NonFilt,,4,mg/l,True,1,,,160.4,UHL001,Actual,SW,Water,,,Lee,07080107,River/Stream,,40.75340048,-91.2755898
6,10560002,Skunk River near Augusta,03/05/2012 09:15:00,AMBIENT,NIT-KJELD,Kjeldahl nitrogen (AS N),Total,,0.4,mg/l,True,0.1,,,LAC10-107-06-2E,UHL001,Actual,SW,Water,,,Lee,07080107,River/Stream,,40.75340048,-91.2755898
6,10560002,Skunk River near Augusta,03/05/2012 09:15:00,AMBIENT,TURB,Turbidity,Total,,18,NTU,True,1,,,2130-B,UHL001,Actual,SW,Water,,,Lee,07080107,River/Stream,,40.75340048,-91.2755898
6,10560002,Skunk River near Augusta,04/02/2012 08:45:00,AMBIENT,NIT-AMM,Ammonia-nitrogen (as N),Total,,0.05,mg/l,False,0.05,,,LAC10-107-06-1J,UHL001,Actual,SW,Water,,,Lee,07080107,River/Stream,,40.75340048,-91.2755898
6,10560002,Skunk River near Augusta,04/02/2012 08:45:00,AMBIENT,CBOD-SC,"Carbonaceous biochemical oxygen demand, standard conditions",Total,,5,mg/l,True,2,,,5210-B,UHL001,Actual,SW,Water,,,Lee,07080107,River/Stream,,40.75340048,-91.2755898
6,10560002,Skunk River near Augusta,04/02/2012 08:45:00,AMBIENT,14808-79-8,Sulfate (as SO4),Total,,43,mg/l,True,1,,,300.0,UHL001,Actual,SW,Water,,,Lee,07080107,River/Stream,,40.75340048,-91.2755898
6,10560002,Skunk River near Augusta,04/02/2012 08:45:00,AMBIENT,16887-00-6,Chloride,Total,,26,mg/l,True,1,,,300.0,UHL001,Actual,SW,Water,,,Lee,07080107,River/Stream,,40.75340048,-91.2755898
6,10560002,Skunk River near Augusta,04/02/2012 08:45:00,AMBIENT,CLR-A-FREE,"Chlorophyll a, free of pheophytin",NonFilt,,310,ug/l,True,1,,,445,UHL001,Actual,SW,Water,,,Lee,07080107,River/Stream,,40.75340048,-91.2755898
6,10560002,Skunk River near Augusta,04/02/2012 08:45:00,AMBIENT,68583-22-2,Escherichia coli,Total,,10,MPN/100ml,False,10,,,9223-B,UHL001,Actual,SW,Water,,,Lee,07080107,River/Stream,,40.75340048,-91.2755898
6,10560002,Skunk River near Augusta,04/02/2012 08:45:00,AMBIENT,NIT-NO3-NO2,Inorganic nitrogen (nitrate and nitrite) (as N),Total,,0.39,mg/l,True,0.1,,,LAC10-107-04-1J,UHL001,Actual,SW,Water,,,Lee,07080107,River/Stream,,40.75340048,-91.2755898
6,10560002,Skunk River near Augusta,04/02/2012 08:45:00,AMBIENT,TDS,Total dissolved solids,Dissolved,,230,mg/l,True,1,,,2540-C,UHL001,Actual,SW,Water,,,Lee,07080107,River/Stream,,40.75340048,-91.2755898
6,10560002,Skunk River near Augusta,04/02/2012 08:45:00,AMBIENT,HARD-CARB,"Hardness, carbonate",Total,,180,mg/l,True,1,,,2340C,UHL001,Actual,SW,Water,,,Lee,07080107,River/Stream,,40.75340048,-91.2755898
6,10560002,Skunk River near Augusta,04/02/2012 08:45:00,AMBIENT,NIT-KJELD,Kjeldahl nitrogen (AS N),Total,,1.2,mg/l,True,0.1,,,LAC10-107-06-2E,UHL001,Actual,SW,Water,,,Lee,07080107,River/Stream,,40.75340048,-91.2755898
6,10560002,Skunk River near Augusta,04/02/2012 08:45:00,AMBIENT,PHOSP-PHOSP,Phosphate-phosphorus (as P),Total,,0.26,mg/l,True,0.02,,,LAC10-115-01-1D,UHL001,Actual,SW,Water,,,Lee,07080107,River/Stream,,40.75340048,-91.2755898
6,10560002,Skunk River near Augusta,04/02/2012 08:45:00,AMBIENT,TSS,Total suspended solids,NonFilt,,110,mg/l,True,1,,,I3765,UHL001,Actual,SW,Water,,,Lee,07080107,River/Stream,,40.75340048,-91.2755898
6,10560002,Skunk River near Augusta,04/02/2012 08:45:00,AMBIENT,TVSS,Volatile Suspended Solids,NonFilt,,30,mg/l,True,1,,,160.4,UHL001,Actual,SW,Water,,,Lee,07080107,River/Stream,,40.75340048,-91.2755898
6,10560002,Skunk River near Augusta,04/02/2012 08:45:00,AMBIENT,TURB,Turbidity,Total,,42,NTU,True,1,,,2130-B,UHL001,Actual,SW,Water,,,Lee,07080107,River/Stream,,40.75340048,-91.2755898
6,10560002,Skunk River near Augusta,04/02/2012 08:45:00,AMBIENT,14265-44-2,Orthophosphate (as P),Dissolved,,0.02,mg/l,False,0.02,,,LAC10-115-01-1A,UHL001,Actual,SW,Water,,,Lee,07080107,River/Stream,,40.75340048,-91.2755898
6,10560002,Skunk River near Augusta,04/02/2012 08:45:00,AMBIENT,7782-44-7,Dissolved oxygen (DO),Total,,12.4,mg/l,True,,,,4500-O-G,UHL001,Actual,SW,Water,,,Lee,07080107,River/Stream,,40.75340048,-91.2755898
6,10560002,Skunk River near Augusta,04/02/2012 08:45:00,AMBIENT,TEMP-WATER,"Temperature, water",Total,,16.8,deg C,True,,,,2550,UHL001,Actual,SW,Water,,,Lee,07080107,River/Stream,,40.75340048,-91.2755898
6,10560002,Skunk River near Augusta,04/02/2012 08:45:00,AMBIENT,FLOW,Flow,Total,,830,cfs,True,,,,USGS CA8,UHL001,Actual,SW,Water,,,Lee,07080107,River/Stream,,40.75340048,-91.2755898
6,10560002,Skunk River near Augusta,04/02/2012 08:45:00,AMBIENT,PH,pH,Total,,8.4,None,True,,,,4500-H,UHL001,Actual,SW,Water,,,Lee,07080107,River/Stream,,40.75340048,-91.2755898
6,10560002,Skunk River near Augusta,05/01/2012 10:55:00,AMBIENT,14265-44-2,Orthophosphate (as P),Dissolved,,0.12,mg/l,True,0.02,,,LAC10-115-01-1A,UHL001,Actual,SW,Water,,,Lee,07080107,River/Stream,,40.75340048,-91.2755898
6,10560002,Skunk River near Augusta,05/01/2012 10:55:00,AMBIENT,7782-44-7,Dissolved oxygen (DO),Total,,9.8,mg/l,True,,,,4500-O-G,,Actual,SW,Water,,,Lee,07080107,River/Stream,,40.75340048,-91.2755898
6,10560002,Skunk River near Augusta,05/01/2012 10:55:00,AMBIENT,TEMP-WATER,"Temperature, water",Total,,13.4,deg C,True,,,,2550,,Actual,SW,Water,,,Lee,07080107,River/Stream,,40.75340048,-91.2755898
6,10560002,Skunk River near Augusta,05/01/2012 10:55:00,AMBIENT,FLOW,Flow,Total,,2400,cfs,True,,,,USGS CA8,,Actual,SW,Water,,,Lee,07080107,River/Stream,,40.75340048,-91.2755898
6,10560002,Skunk River near Augusta,05/01/2012 10:55:00,AMBIENT,PH,pH,Total,,8.3,None,True,,,,4500-H,,Actual,SW,Water,,,Lee,07080107,River/Stream,,40.75340048,-91.2755898
6,10560002,Skunk River near Augusta,06/05/2012 09:45:00,AMBIENT,1007-28-9,2-Choro-6-ethylamino-4-amino-s-triazine,Total,,0.1,ug/l,False,0.1,,,8270B(W),UHL001,Actual,SW,Water,,,Lee,07080107,River/Stream,,40.75340048,-91.2755898
6,10560002,Skunk River near Augusta,06/05/2012 09:45:00,AMBIENT,122-34-9,Simazine,Total,,0.1,ug/l,False,0.1,,,8270B(W),UHL001,Actual,SW,Water,,,Lee,07080107,River/Stream,,40.75340048,-91.2755898
6,10560002,Skunk River near Augusta,06/05/2012 09:45:00,AMBIENT,139-40-2,Propazine,Total,,0.1,ug/l,False,0.1,,,8270B(W),UHL001,Actual,SW,Water,,,Lee,07080107,River/Stream,,40.75340048,-91.2755898
6,10560002,Skunk River near Augusta,06/05/2012 09:45:00,AMBIENT,1563-66-2,Carbofuran,Total,,0.1,ug/l,False,0.1,,,8270B(W),UHL001,Actual,SW,Water,,,Lee,07080107,River/Stream,,40.75340048,-91.2755898
6,10560002,Skunk River near Augusta,06/05/2012 09:45:00,AMBIENT,1582-09-8,Trifluralin,Total,,0.1,ug/l,False,0.1,,,8270B(W),UHL001,Actual,SW,Water,,,Lee,07080107,River/Stream,,40.75340048,-91.2755898
6,10560002,Skunk River near Augusta,06/05/2012 09:45:00,AMBIENT,15972-60-8,Alachlor,Total,,0.1,ug/l,False,0.1,,,8270B(W),UHL001,Actual,SW,Water,,,Lee,07080107,River/Stream,,40.75340048,-91.2755898
6,10560002,Skunk River near Augusta,06/05/2012 09:45:00,AMBIENT,1610-18-0,Prometon,Total,,0.1,ug/l,False,0.1,,,8270B(W),UHL001,Actual,SW,Water,,,Lee,07080107,River/Stream,,40.75340048,-91.2755898
6,10560002,Skunk River near Augusta,06/05/2012 09:45:00,AMBIENT,1912-24-9,Atrazine,Total,,0.4,ug/l,True,0.1,,,8270B(W),UHL001,Actual,SW,Water,,,Lee,07080107,River/Stream,,40.75340048,-91.2755898
6,10560002,Skunk River near Augusta,06/05/2012 09:45:00,AMBIENT,1918-16-7,Propachlor,Total,,0.1,ug/l,False,0.1,,,8270B(W),UHL001,Actual,SW,Water,,,Lee,07080107,River/Stream,,40.75340048,-91.2755898
6,10560002,Skunk River near Augusta,06/05/2012 09:45:00,AMBIENT,2008-41-5,Butylate,Total,,0.1,ug/l,False,0.1,,,8270B(W),UHL001,Actual,SW,Water,,,Lee,07080107,River/Stream,,40.75340048,-91.2755898
6,10560002,Skunk River near Augusta,06/05/2012 09:45:00,AMBIENT,21087-64-9,Metribuzin,Total,,0.1,ug/l,False,0.1,,,8270B(W),UHL001,Actual,SW,Water,,,Lee,07080107,River/Stream,,40.75340048,-91.2755898
6,10560002,Skunk River near Augusta,06/05/2012 09:45:00,AMBIENT,21725-46-2,Cyanazine,Total,,0.1,ug/l,False,0.1,,,8270B(W),UHL001,Actual,SW,Water,,,Lee,07080107,River/Stream,,40.75340048,-91.2755898
6,10560002,Skunk River near Augusta,06/05/2012 09:45:00,AMBIENT,2303-17-5,Triallate,Total,,0.1,ug/l,False,0.1,,,8270B(W),UHL001,Actual,SW,Water,,,Lee,07080107,River/Stream,,40.75340048,-91.2755898
6,10560002,Skunk River near Augusta,06/05/2012 09:45:00,AMBIENT,23184-66-9,Butachlor,Total,,0.1,ug/l,False,0.1,,,8270B(W),UHL001,Actual,SW,Water,,,Lee,07080107,River/Stream,,40.75340048,-91.2755898
6,10560002,Skunk River near Augusta,06/05/2012 09:45:00,AMBIENT,314-40-9,Bromacil,Total,,0.1,ug/l,False,0.1,,,8270B(W),UHL001,Actual,SW,Water,,,Lee,07080107,River/Stream,,40.75340048,-91.2755898
6,10560002,Skunk River near Augusta,06/05/2012 09:45:00,AMBIENT,34256-82-1,Acetochlor,Total,,0.1,ug/l,False,0.1,,,8270B(W),UHL001,Actual,SW,Water,,,Lee,07080107,River/Stream,,40.75340048,-91.2755898
6,10560002,Skunk River near Augusta,06/05/2012 09:45:00,AMBIENT,40487-42-1,Pendimethalin,Total,,0.1,ug/l,False,0.1,,,8270B(W),UHL001,Actual,SW,Water,,,Lee,07080107,River/Stream,,40.75340048,-91.2755898
6,10560002,Skunk River near Augusta,06/05/2012 09:45:00,AMBIENT,51218-45-2,Metolachlor,Total,,0.1,ug/l,True,0.1,,,8270B(W),UHL001,Actual,SW,Water,,,Lee,07080107,River/Stream,,40.75340048,-91.2755898
6,10560002,Skunk River near Augusta,06/05/2012 09:45:00,AMBIENT,6190-65-4,2-Chloro-4-isopropylamino-6-amino-s-triazine,Total,,0.1,ug/l,False,0.1,,,8270B(W),UHL001,Actual,SW,Water,,,Lee,07080107,River/Stream,,40.75340048,-91.2755898
6,10560002,Skunk River near Augusta,06/05/2012 09:45:00,AMBIENT,63-25-2,Carbaryl,Total,,0.1,ug/l,False,0.1,,,8270B(W),UHL001,Actual,SW,Water,,,Lee,07080107,River/Stream,,40.75340048,-91.2755898
6,10560002,Skunk River near Augusta,06/05/2012 09:45:00,AMBIENT,759-94-4,S-Ethyl dipropylthiocarbamate,Total,,0.1,ug/l,False,0.1,,,8270B(W),UHL001,Actual,SW,Water,,,Lee,07080107,River/Stream,,40.75340048,-91.2755898
6,10560002,Skunk River near Augusta,06/05/2012 09:45:00,AMBIENT,81777-89-1,Clomazone,Total,,0.1,ug/l,False,0.1,,,8270B(W),UHL001,Actual,SW,Water,,,Lee,07080107,River/Stream,,40.75340048,-91.2755898
6,10560002,Skunk River near Augusta,06/05/2012 09:45:00,AMBIENT,834-12-8,Ametryn,Total,,0.1,ug/l,False,0.1,,,8270B(W),UHL001,Actual,SW,Water,,,Lee,07080107,River/Stream,,40.75340048,-91.2755898
6,10560002,Skunk River near Augusta,06/05/2012 09:45:00,AMBIENT,87674-68-8,Dimethenamid,Total,,0.1,ug/l,False,0.1,,,8270B(W),UHL001,Actual,SW,Water,,,Lee,07080107,River/Stream,,40.75340048,-91.2755898
6,10560002,Skunk River near Augusta,06/05/2012 09:45:00,AMBIENT,NIT-AMM,Ammonia-nitrogen (as N),Total,,0.05,mg/l,False,0.05,,,LAC10-107-06-1J,UHL001,Actual,SW,Water,,,Lee,07080107,River/Stream,,40.75340048,-91.2755898
6,10560002,Skunk River near Augusta,06/05/2012 09:45:00,AMBIENT,CBOD-SC,"Carbonaceous biochemical oxygen demand, standard conditions",Total,,8,mg/l,True,2,,,5210-B,UHL001,Actual,SW,Water,,,Lee,07080107,River/Stream,,40.75340048,-91.2755898
6,10560002,Skunk River near Augusta,06/05/2012 09:45:00,AMBIENT,14808-79-8,Sulfate (as SO4),Total,,32,mg/l,True,1,,,300.0,UHL001,Actual,SW,Water,,,Lee,07080107,River/Stream,,40.75340048,-91.2755898
6,10560002,Skunk River near Augusta,06/05/2012 09:45:00,AMBIENT,16887-00-6,Chloride,Total,,22,mg/l,True,1,,,300.0,UHL001,Actual,SW,Water,,,Lee,07080107,River/Stream,,40.75340048,-91.2755898
6,10560002,Skunk River near Augusta,06/05/2012 09:45:00,AMBIENT,CLR-A-FREE,"Chlorophyll a, free of pheophytin",NonFilt,,310,ug/l,True,1,,,445,UHL001,Actual,SW,Water,,,Lee,07080107,River/Stream,,40.75340048,-91.2755898
6,10560002,Skunk River near Augusta,06/05/2012 09:45:00,AMBIENT,68583-22-2,Escherichia coli,Total,,31,MPN/100ml,True,10,,,9223-B,UHL001,Actual,SW,Water,,,Lee,07080107,River/Stream,,40.75340048,-91.2755898
6,10560002,Skunk River near Augusta,06/05/2012 09:45:00,AMBIENT,NIT-NO3-NO2,Inorganic nitrogen (nitrate and nitrite) (as N),Total,,2.4,mg/l,True,0.1,,,LAC10-107-04-1J,UHL001,Actual,SW,Water,,,Lee,07080107,River/Stream,,40.75340048,-91.2755898
6,10560002,Skunk River near Augusta,06/05/2012 09:45:00,AMBIENT,TDS,Total dissolved solids,Dissolved,,240,mg/l,True,1,,,2540-C,UHL001,Actual,SW,Water,,,Lee,07080107,River/Stream,,40.75340048,-91.2755898
6,10560002,Skunk River near Augusta,06/05/2012 09:45:00,AMBIENT,HARD-CARB,"Hardness, carbonate",Total,,190,mg/l,True,1,,,2340C,UHL001,Actual,SW,Water,,,Lee,07080107,River/Stream,,40.75340048,-91.2755898
6,10560002,Skunk River near Augusta,06/05/2012 09:45:00,AMBIENT,NIT-KJELD,Kjeldahl nitrogen (AS N),Total,,1.4,mg/l,True,0.1,,,LAC10-107-06-2E,UHL001,Actual,SW,Water,,,Lee,07080107,River/Stream,,40.75340048,-91.2755898
6,10560002,Skunk River near Augusta,06/05/2012 09:45:00,AMBIENT,PHOSP-PHOSP,Phosphate-phosphorus (as P),Total,,0.24,mg/l,True,0.02,,,LAC10-115-01-1D,UHL001,Actual,SW,Water,,,Lee,07080107,River/Stream,,40.75340048,-91.2755898
6,10560002,Skunk River near Augusta,06/05/2012 09:45:00,AMBIENT,TSS,Total suspended solids,NonFilt,,100,mg/l,True,1,,,I3765,UHL001,Actual,SW,Water,,,Lee,07080107,River/Stream,,40.75340048,-91.2755898
6,10560002,Skunk River near Augusta,06/05/2012 09:45:00,AMBIENT,TVSS,Volatile Suspended Solids,NonFilt,,30,mg/l,True,1,,,160.4,UHL001,Actual,SW,Water,,,Lee,07080107,River/Stream,,40.75340048,-91.2755898
6,10560002,Skunk River near Augusta,06/05/2012 09:45:00,AMBIENT,TURB,Turbidity,Total,,42,NTU,True,1,,,2130-B,UHL001,Actual,SW,Water,,,Lee,07080107,River/Stream,,40.75340048,-91.2755898
6,10560002,Skunk River near Augusta,06/05/2012 09:45:00,AMBIENT,14265-44-2,Orthophosphate (as P),Dissolved,,0.02,mg/l,False,0.02,,,LAC10-115-01-1A,UHL001,Actual,SW,Water,,,Lee,07080107,River/Stream,,40.75340048,-91.2755898
6,10560002,Skunk River near Augusta,06/05/2012 09:45:00,AMBIENT,7782-44-7,Dissolved oxygen (DO),Total,,12.1,mg/l,True,,,,4500-O-G,,Actual,SW,Water,,,Lee,07080107,River/Stream,,40.75340048,-91.2755898
6,10560002,Skunk River near Augusta,05/04/2015 11:00:00,AMBIENT,TEMP-WATER,"Temperature, water",Total,,18.6,deg C,True,,,,2550,,Actual,SW,Water,,,Lee,07080107,River/Stream,,40.75340048,-91.2755898
6,10560002,Skunk River near Augusta,05/04/2015 11:00:00,AMBIENT,PH,pH,Total,,8.2,None,True,,,,4500-H,,Actual,SW,Water,,,Lee,07080107,River/Stream,,40.75340048,-91.2755898
6,10560002,Skunk River near Augusta,05/04/2015 11:00:00,AMBIENT,7782-44-7,Dissolved oxygen (DO),Total,,8.9,mg/l,True,,,,D888(C),,Actual,SW,Water,,,Lee,07080107,River/Stream,,40.75340048,-91.2755898
6,10560002,Skunk River near Augusta,05/04/2015 11:00:00,AMBIENT,FLOW,Flow,Total,,2100,cfs,True,,,,USGS CA8,,Actual,SW,Water,,,Lee,07080107,River/Stream,,40.75340048,-91.2755898
6,10560002,Skunk River near Augusta,05/04/2015 11:00:00,AMBIENT,TVSS,Volatile Suspended Solids,NonFilt,,13,mg/l,True,1,,,160.4,UHL001,Actual,SW,Water,,,Lee,07080107,River/Stream,,40.75340048,-91.2755898
6,10560002,Skunk River near Augusta,05/04/2015 11:00:00,AMBIENT,TURB,Turbidity,Total,,57,NTU,True,1,,,2130-B,UHL001,Actual,SW,Water,,,Lee,07080107,River/Stream,,40.75340048,-91.2755898
6,10560002,Skunk River near Augusta,05/04/2015 11:00:00,AMBIENT,HARD-CARB,"Hardness, carbonate",Total,,330,mg/l,True,1.0,,,2340C,UHL001,Actual,SW,Water,,,Lee,07080107,River/Stream,,40.75340048,-91.2755898
6,10560002,Skunk River near Augusta,05/04/2015 11:00:00,AMBIENT,TDS,Total dissolved solids,Dissolved,,440,mg/l,True,1,,,2540-C,UHL001,Actual,SW,Water,,,Lee,07080107,River/Stream,,40.75340048,-91.2755898
6,10560002,Skunk River near Augusta,05/04/2015 11:00:00,AMBIENT,14808-79-8,Sulfate (AS SO4),Total,,32,mg/l,True,1,,,300.0,UHL001,Actual,SW,Water,,,Lee,07080107,River/Stream,,40.75340048,-91.2755898
6,10560002,Skunk River near Augusta,05/04/2015 11:00:00,AMBIENT,16887-00-6,Chloride,Total,,23,mg/l,True,1,,,300.0,UHL001,Actual,SW,Water,,,Lee,07080107,River/Stream,,40.75340048,-91.2755898
6,10560002,Skunk River near Augusta,05/04/2015 11:00:00,AMBIENT,CLR-A-FREE,"Chlorophyll a, free of pheophytin",NonFilt,,26,ug/l,True,1,,,445,UHL001,Actual,SW,Water,,,Lee,07080107,River/Stream,,40.75340048,-91.2755898
6,10560002,Skunk River near Augusta,05/04/2015 11:00:00,AMBIENT,CBOD-SC,"Carbonaceous biochemical oxygen demand, standard conditions",Total,,2,mg/l,False,2,,,5210-B,UHL001,Actual,SW,Water,,,Lee,07080107,River/Stream,,40.75340048,-91.2755898
6,10560002,Skunk River near Augusta,05/04/2015 11:00:00,AMBIENT,68583-22-2,Escherichia coli,Total,,63,MPN/100ml,True,10,,,9223-B,UHL001,Actual,SW,Water,,,Lee,07080107,River/Stream,,40.75340048,-91.2755898
6,10560002,Skunk River near Augusta,05/04/2015 11:00:00,AMBIENT,TSS,Total suspended solids,NonFilt,,120,mg/l,True,1,,,I3765,UHL001,Actual,SW,Water,,,Lee,07080107,River/Stream,,40.75340048,-91.2755898
6,10560002,Skunk River near Augusta,05/04/2015 11:00:00,AMBIENT,NIT-NO3-NO2,Inorganic nitrogen (nitrate and nitrite) (AS N),Total,,7.9,mg/l,True,0.1,,,LAC10-107-04-1J,UHL001,Actual,SW,Water,,,Lee,07080107,River/Stream,,40.75340048,-91.2755898
6,10560002,Skunk River near Augusta,05/04/2015 11:00:00,AMBIENT,NIT-AMM,Ammonia-nitrogen (AS N),Total,,0.05,mg/l,False,0.05,,,LAC10-107-06-1J,UHL001,Actual,SW,Water,,,Lee,07080107,River/Stream,,40.75340048,-91.2755898
6,10560002,Skunk River near Augusta,05/04/2015 11:00:00,AMBIENT,NIT-KJELD,Kjeldahl nitrogen (AS N),Total,,0.7,mg/l,True,0.1,,,LAC10-107-06-2E,UHL001,Actual,SW,Water,,,Lee,07080107,River/Stream,,40.75340048,-91.2755898
6,10560002,Skunk River near Augusta,05/04/2015 11:00:00,AMBIENT,14265-44-2,Orthophosphate (AS P),Dissolved,,0.11,mg/l,True,0.02,,,LAC10-115-01-1A,UHL001,Actual,SW,Water,,,Lee,07080107,River/Stream,,40.75340048,-91.2755898
6,10560002,Skunk River near Augusta,05/04/2015 11:00:00,AMBIENT,PHOSP-PHOSP,Phosphate-phosphorus (AS P),Total,,0.27,mg/l,True,0.02,,,LAC10-115-01-1D,UHL001,Actual,SW,Water,,,Lee,07080107,River/Stream,,40.75340048,-91.2755898
6,10560002,Skunk River near Augusta,02/04/2015 08:10:00,AMBIENT,TEMP-WATER,"Temperature, water",Total,,0.8,deg C,True,,,,2550,,Actual,SW,Water,,,Lee,07080107,River/Stream,,40.75340048,-91.2755898
6,10560002,Skunk River near Augusta,02/04/2015 08:10:00,AMBIENT,PH,pH,Total,,8.1,None,True,,,,4500-H,,Actual,SW,Water,,,Lee,07080107,River/Stream,,40.75340048,-91.2755898
6,10560002,Skunk River near Augusta,02/04/2015 08:10:00,AMBIENT,7782-44-7,Dissolved oxygen (DO),Total,,13.8,mg/l,True,,,,D888(C),,Actual,SW,Water,,,Lee,07080107,River/Stream,,40.75340048,-91.2755898
6,10560002,Skunk River near Augusta,02/04/2015 08:10:00,AMBIENT,FLOW,Flow,Total,,0.1,cfs,True,,,,USGS CA8,,Actual,SW,Water,,,Lee,07080107,River/Stream,,40.75340048,-91.2755898
6,10560002,Skunk River near Augusta,02/04/2015 08:10:00,AMBIENT,TVSS,Volatile Suspended Solids,NonFilt,,2,mg/l,True,1,,,160.4,UHL001,Actual,SW,Water,,,Lee,07080107,River/Stream,,40.75340048,-91.2755898
6,10560002,Skunk River near Augusta,02/04/2015 08:10:00,AMBIENT,TURB,Turbidity,Total,,5.2,NTU,True,1,,,2130-B,UHL001,Actual,SW,Water,,,Lee,07080107,River/Stream,,40.75340048,-91.2755898
6,10560002,Skunk River near Augusta,02/04/2015 08:10:00,AMBIENT,HARD-CARB,"Hardness, carbonate",Total,,290,mg/l,True,1,,,2340C,UHL001,Actual,SW,Water,,,Lee,07080107,River/Stream,,40.75340048,-91.2755898
6,10560002,Skunk River near Augusta,02/04/2015 08:10:00,AMBIENT,TDS,Total dissolved solids,Dissolved,,350,mg/l,True,1,,,2540-C,UHL001,Actual,SW,Water,,,Lee,07080107,River/Stream,,40.75340048,-91.2755898
6,10560002,Skunk River near Augusta,02/04/2015 08:10:00,AMBIENT,14808-79-8,Sulfate (AS SO4),Total,,38,mg/l,True,1,,,300.0,UHL001,Actual,SW,Water,,,Lee,07080107,River/Stream,,40.75340048,-91.2755898
6,10560002,Skunk River near Augusta,02/04/2015 08:10:00,AMBIENT,16887-00-6,Chloride,Total,,21,mg/l,True,1,,,300.0,UHL001,Actual,SW,Water,,,Lee,07080107,River/Stream,,40.75340048,-91.2755898
6,10560002,Skunk River near Augusta,02/04/2015 08:10:00,AMBIENT,CLR-A-FREE,"Chlorophyll a, free of pheophytin",NonFilt,,3,ug/l,True,1,,,445,UHL001,Actual,SW,Water,,,Lee,07080107,River/Stream,,40.75340048,-91.2755898
6,10560002,Skunk River near Augusta,02/04/2015 08:10:00,AMBIENT,CBOD-SC,"Carbonaceous biochemical oxygen demand, standard conditions",Total,,2,mg/l,False,2,,,5210-B,UHL001,Actual,SW,Water,,,Lee,07080107,River/Stream,,40.75340048,-91.2755898
6,10560002,Skunk River near Augusta,02/04/2015 08:10:00,AMBIENT,68583-22-2,Escherichia coli,Total,,30,MPN/100ml,True,10,,,9223-B,UHL001,Actual,SW,Water,,,Lee,07080107,River/Stream,,40.75340048,-91.2755898
6,10560002,Skunk River near Augusta,02/04/2015 08:10:00,AMBIENT,TSS,Total suspended solids,NonFilt,,8,mg/l,True,1,,,I3765,UHL001,Actual,SW,Water,,,Lee,07080107,River/Stream,,40.75340048,-91.2755898
6,10560002,Skunk River near Augusta,02/04/2015 08:10:00,AMBIENT,NIT-NO3-NO2,Inorganic nitrogen (nitrate and nitrite) (AS N),Total,,5.6,mg/l,True,0.1,,,LAC10-107-04-1J,UHL001,Actual,SW,Water,,,Lee,07080107,River/Stream,,40.75340048,-91.2755898
6,10560002,Skunk River near Augusta,02/04/2015 08:10:00,AMBIENT,NIT-AMM,Ammonia-nitrogen (AS N),Total,,0.05,mg/l,False,0.05,,,LAC10-107-06-1J,UHL001,Actual,SW,Water,,,Lee,07080107,River/Stream,,40.75340048,-91.2755898
6,10560002,Skunk River near Augusta,02/04/2015 08:10:00,AMBIENT,NIT-KJELD,Kjeldahl nitrogen (AS N),Total,,0.2,mg/l,True,0.1,,,LAC10-107-06-2E,UHL001,Actual,SW,Water,,,Lee,07080107,River/Stream,,40.75340048,-91.2755898
6,10560002,Skunk River near Augusta,02/04/2015 08:10:00,AMBIENT,14265-44-2,Orthophosphate (AS P),Dissolved,,0.069,mg/l,True,0.02,,,LAC10-115-01-1A,UHL001,Actual,SW,Water,,,Lee,07080107,River/Stream,,40.75340048,-91.2755898
6,10560002,Skunk River near Augusta,02/04/2015 08:10:00,AMBIENT,PHOSP-PHOSP,Phosphate-phosphorus (AS P),Total,,0.14,mg/l,True,0.02,,,LAC10-115-01-1D,UHL001,Actual,SW,Water,,,Lee,07080107,River/Stream,,40.75340048,-91.2755898
6,10560002,Skunk River near Augusta,03/05/2015 09:15:00,AMBIENT,TEMP-WATER,"Temperature, water",Total,,0.9,deg C,True,,,,2550,,Actual,SW,Water,,,Lee,07080107,River/Stream,,40.75340048,-91.2755898
6,10560002,Skunk River near Augusta,03/05/2015 09:15:00,AMBIENT,PH,pH,Total,,8.1,None,True,,,,4500-H,,Actual,SW,Water,,,Lee,07080107,River/Stream,,40.75340048,-91.2755898
6,10560002,Skunk River near Augusta,03/05/2015 09:15:00,AMBIENT,7782-44-7,Dissolved oxygen (DO),Total,,12.4,mg/l,True,,,,D888(C),,Actual,SW,Water,,,Lee,07080107,River/Stream,,40.75340048,-91.2755898
6,10560002,Skunk River near Augusta,03/05/2015 09:15:00,AMBIENT,FLOW,Flow,Total,,0.1,cfs,True,,,,USGS CA8,,Actual,SW,Water,,,Lee,07080107,River/Stream,,40.75340048,-91.2755898
6,10560002,Skunk River near Augusta,03/05/2015 09:15:00,AMBIENT,TVSS,Volatile Suspended Solids,NonFilt,,1,mg/l,True,1,,,160.4,UHL001,Actual,SW,Water,,,Lee,07080107,River/Stream,,40.75340048,-91.2755898
6,10560002,Skunk River near Augusta,03/05/2015 09:15:00,AMBIENT,TURB,Turbidity,Total,,2,NTU,True,1,,,2130-B,UHL001,Actual,SW,Water,,,Lee,07080107,River/Stream,,40.75340048,-91.2755898
6,10560002,Skunk River near Augusta,03/05/2015 09:15:00,AMBIENT,HARD-CARB,"Hardness, carbonate",Total,,350,mg/l,True,1,,,2340C,UHL001,Actual,SW,Water,,,Lee,07080107,River/Stream,,40.75340048,-91.2755898
6,10560002,Skunk River near Augusta,03/05/2015 09:15:00,AMBIENT,TDS,Total dissolved solids,Dissolved,,400,mg/l,True,1,,,2540-C,UHL001,Actual,SW,Water,,,Lee,07080107,River/Stream,,40.75340048,-91.2755898
6,10560002,Skunk River near Augusta,03/05/2015 09:15:00,AMBIENT,14808-79-8,Sulfate (AS SO4),Total,,48,mg/l,True,1,,,300.0,UHL001,Actual,SW,Water,,,Lee,07080107,River/Stream,,40.75340048,-91.2755898
6,10560002,Skunk River near Augusta,03/05/2015 09:15:00,AMBIENT,16887-00-6,Chloride,Total,,24,mg/l,True,1,,,300.0,UHL001,Actual,SW,Water,,,Lee,07080107,River/Stream,,40.75340048,-91.2755898
6,10560002,Skunk River near Augusta,03/05/2015 09:15:00,AMBIENT,CLR-A-FREE,"Chlorophyll a, free of pheophytin",NonFilt,,3,ug/l,True,1,,,445,UHL001,Actual,SW,Water,,,Lee,07080107,River/Stream,,40.75340048,-91.2755898
6,10560002,Skunk River near Augusta,03/05/2015 09:15:00,AMBIENT,CBOD-SC,"Carbonaceous biochemical oxygen demand, standard conditions",Total,,2,mg/l,False,2,,,5210-B,UHL001,Actual,SW,Water,,,Lee,07080107,River/Stream,,40.75340048,-91.2755898
6,10560002,Skunk River near Augusta,03/05/2015 09:15:00,AMBIENT,68583-22-2,Escherichia coli,Total,,10,MPN/100ml,True,10,,,9223-B,UHL001,Actual,SW,Water,,,Lee,07080107,River/Stream,,40.75340048,-91.2755898
6,10560002,Skunk River near Augusta,03/05/2015 09:15:00,AMBIENT,TSS,Total suspended solids,NonFilt,,2,mg/l,True,1,,,I3765,UHL001,Actual,SW,Water,,,Lee,07080107,River/Stream,,40.75340048,-91.2755898
6,10560002,Skunk River near Augusta,03/05/2015 09:15:00,AMBIENT,NIT-NO3-NO2,Inorganic nitrogen (nitrate and nitrite) (AS N),Total,,5.8,mg/l,True,0.1,,,LAC10-107-04-1J,UHL001,Actual,SW,Water,,,Lee,07080107,River/Stream,,40.75340048,-91.2755898
6,10560002,Skunk River near Augusta,03/05/2015 09:15:00,AMBIENT,NIT-AMM,Ammonia-nitrogen (AS N),Total,,0.05,mg/l,False,0.05,,,LAC10-107-06-1J,UHL001,Actual,SW,Water,,,Lee,07080107,River/Stream,,40.75340048,-91.2755898
6,10560002,Skunk River near Augusta,03/05/2015 09:15:00,AMBIENT,NIT-KJELD,Kjeldahl nitrogen (AS N),Total,,0.4,mg/l,True,0.1,,,LAC10-107-06-2E,UHL001,Actual,SW,Water,,,Lee,07080107,River/Stream,,40.75340048,-91.2755898
6,10560002,Skunk River near Augusta,03/05/2015 09:15:00,AMBIENT,14265-44-2,Orthophosphate (AS P),Dissolved,,0.039,mg/l,True,0.02,,,LAC10-115-01-1A,UHL001,Actual,SW,Water,,,Lee,07080107,River/Stream,,40.75340048,-91.2755898
6,10560002,Skunk River near Augusta,03/05/2015 09:15:00,AMBIENT,PHOSP-PHOSP,Phosphate-phosphorus (AS P),Total,,0.06,mg/l,True,0.02,,,LAC10-115-01-1D,UHL001,Actual,SW,Water,,,Lee,07080107,River/Stream,,40.75340048,-91.2755898
6,10560002,Skunk River near Augusta,10/01/2014 10:40:00,AMBIENT,PH,pH,Total,,8.6,None,True,,,,4500-H,,Actual,SW,Water,,,Lee,07080107,River/Stream,,40.75340048,-91.2755898
6,10560002,Skunk River near Augusta,10/01/2014 10:40:00,AMBIENT,7782-44-7,Dissolved oxygen (DO),Total,,10,mg/l,True,,,,4500-O-G,,Actual,SW,Water,,,Lee,07080107,River/Stream,,40.75340048,-91.2755898
6,10560002,Skunk River near Augusta,10/01/2014 10:40:00,AMBIENT,FLOW,Flow,Total,,1500,cfs,True,,,,USGS CA8,,Actual,SW,Water,,,Lee,07080107,River/Stream,,40.75340048,-91.2755898
6,10560002,Skunk River near Augusta,10/01/2014 10:40:00,AMBIENT,TVSS,Volatile Suspended Solids,NonFilt,,6,mg/l,True,1,,,160.4,UHL001,Actual,SW,Water,,,Lee,07080107,River/Stream,,40.75340048,-91.2755898
6,10560002,Skunk River near Augusta,10/01/2014 10:40:00,AMBIENT,TURB,Turbidity,Total,,9.4,NTU,True,1,,,2130-B,UHL001,Actual,SW,Water,,,Lee,07080107,River/Stream,,40.75340048,-91.2755898
6,10560002,Skunk River near Augusta,10/01/2014 10:40:00,AMBIENT,HARD-CARB,"Hardness, carbonate",Total,,320,mg/l,True,1,,,2340C,UHL001,Actual,SW,Water,,,Lee,07080107,River/Stream,,40.75340048,-91.2755898
6,10560002,Skunk River near Augusta,10/01/2014 10:40:00,AMBIENT,TDS,Total dissolved solids,Dissolved,,370,mg/l,True,1,,,2540-C,UHL001,Actual,SW,Water,,,Lee,07080107,River/Stream,,40.75340048,-91.2755898
6,10560002,Skunk River near Augusta,10/01/2014 10:40:00,AMBIENT,14808-79-8,Sulfate (AS SO4),Total,,36,mg/l,True,1,,,300.0,UHL001,Actual,SW,Water,,,Lee,07080107,River/Stream,,40.75340048,-91.2755898
6,10560002,Skunk River near Augusta,10/01/2014 10:40:00,AMBIENT,16887-00-6,Chloride,Total,,22,mg/l,True,1,,,300.0,UHL001,Actual,SW,Water,,,Lee,07080107,River/Stream,,40.75340048,-91.2755898
6,10560002,Skunk River near Augusta,10/01/2014 10:40:00,AMBIENT,CLR-A-FREE,"Chlorophyll a, free of pheophytin",NonFilt,,89,ug/l,True,1,,,445,UHL001,Actual,SW,Water,,,Lee,07080107,River/Stream,,40.75340048,-91.2755898
6,10560002,Skunk River near Augusta,10/01/2014 10:40:00,AMBIENT,CBOD-SC,"Carbonaceous biochemical oxygen demand, standard conditions",Total,,2,mg/l,False,2,,,5210-B,UHL001,Actual,SW,Water,,,Lee,07080107,River/Stream,,40.75340048,-91.2755898
6,10560002,Skunk River near Augusta,10/01/2014 10:40:00,AMBIENT,68583-22-2,Escherichia coli,Total,,52,MPN/100ml,True,10,,,9223-B,UHL001,Actual,SW,Water,,,Lee,07080107,River/Stream,,40.75340048,-91.2755898
6,10560002,Skunk River near Augusta,10/01/2014 10:40:00,AMBIENT,TSS,Total suspended solids,NonFilt,,27,mg/l,True,1,,,I3765,UHL001,Actual,SW,Water,,,Lee,07080107,River/Stream,,40.75340048,-91.2755898
6,10560002,Skunk River near Augusta,10/01/2014 10:40:00,AMBIENT,NIT-NO3-NO2,Inorganic nitrogen (nitrate and nitrite) (AS N),Total,,5.9,mg/l,True,0.1,,,LAC10-107-04-1J,UHL001,Actual,SW,Water,,,Lee,07080107,River/Stream,,40.75340048,-91.2755898
6,10560002,Skunk River near Augusta,10/01/2014 10:40:00,AMBIENT,NIT-AMM,Ammonia-nitrogen (AS N),Total,,0.05,mg/l,False,0.05,,,LAC10-107-06-1J,UHL001,Actual,SW,Water,,,Lee,07080107,River/Stream,,40.75340048,-91.2755898
6,10560002,Skunk River near Augusta,10/01/2014 10:40:00,AMBIENT,NIT-KJELD,Kjeldahl nitrogen (AS N),Total,,0.8,mg/l,True,0.1,,,LAC10-107-06-2E,UHL001,Actual,SW,Water,,,Lee,07080107,River/Stream,,40.75340048,-91.2755898
6,10560002,Skunk River near Augusta,10/01/2014 10:40:00,AMBIENT,14265-44-2,Orthophosphate (AS P),Dissolved,,0.11,mg/l,True,0.02,,,LAC10-115-01-1A,UHL001,Actual,SW,Water,,,Lee,07080107,River/Stream,,40.75340048,-91.2755898
6,10560002,Skunk River near Augusta,10/01/2014 10:40:00,AMBIENT,PHOSP-PHOSP,Phosphate-phosphorus (AS P),Total,,0.21,mg/l,True,0.02,,,LAC10-115-01-1D,UHL001,Actual,SW,Water,,,Lee,07080107,River/Stream,,40.75340048,-91.2755898
6,10560002,Skunk River near Augusta,06/02/2015 11:00:00,AMBIENT,TEMP-WATER,"Temperature, water",Total,,20.5,deg C,True,,,,2550,,Actual,SW,Water,,,Lee,07080107,River/Stream,,40.75340048,-91.2755898
6,10560002,Skunk River near Augusta,06/02/2015 11:00:00,AMBIENT,PH,pH,Total,,8.2,None,True,,,,4500-H,,Actual,SW,Water,,,Lee,07080107,River/Stream,,40.75340048,-91.2755898
6,10560002,Skunk River near Augusta,06/02/2015 11:00:00,AMBIENT,7782-44-7,Dissolved oxygen (DO),Total,,8.5,mg/l,True,,,,D888(C),,Actual,SW,Water,,,Lee,07080107,River/Stream,,40.75340048,-91.2755898
6,10560002,Skunk River near Augusta,06/02/2015 11:00:00,AMBIENT,TVSS,Volatile Suspended Solids,NonFilt,,42,mg/l,True,1,,,160.4,UHL001,Actual,SW,Water,,,Lee,07080107,River/Stream,,40.75340048,-91.2755898
6,10560002,Skunk River near Augusta,06/02/2015 11:00:00,AMBIENT,TURB,Turbidity,Total,,190,NTU,True,1,,,2130-B,UHL001,Actual,SW,Water,,,Lee,07080107,River/Stream,,40.75340048,-91.2755898
6,10560002,Skunk River near Augusta,06/02/2015 11:00:00,AMBIENT,HARD-CARB,"Hardness, carbonate",Total,,320,mg/l,True,1,,,2340C,UHL001,Actual,SW,Water,,,Lee,07080107,River/Stream,,40.75340048,-91.2755898
6,10560002,Skunk River near Augusta,06/02/2015 11:00:00,AMBIENT,TDS,Total dissolved solids,Dissolved,,460,mg/l,True,1,,,2540-C,UHL001,Actual,SW,Water,,,Lee,07080107,River/Stream,,40.75340048,-91.2755898
6,10560002,Skunk River near Augusta,06/02/2015 11:00:00,AMBIENT,14808-79-8,Sulfate (AS SO4),Total,,23,mg/l,True,1,,,300.0,UHL001,Actual,SW,Water,,,Lee,07080107,River/Stream,,40.75340048,-91.2755898
6,10560002,Skunk River near Augusta,06/02/2015 11:00:00,AMBIENT,16887-00-6,Chloride,Total,,21,mg/l,True,1,,,300.0,UHL001,Actual,SW,Water,,,Lee,07080107,River/Stream,,40.75340048,-91.2755898
6,10560002,Skunk River near Augusta,06/02/2015 11:00:00,AMBIENT,CLR-A-FREE,"Chlorophyll a, free of pheophytin",NonFilt,,8,ug/l,True,1,,,445,UHL001,Actual,SW,Water,,,Lee,07080107,River/Stream,,40.75340048,-91.2755898
6,10560002,Skunk River near Augusta,06/02/2015 11:00:00,AMBIENT,CBOD-SC,"Carbonaceous biochemical oxygen demand, standard conditions",Total,,2,mg/l,False,2,,,5210-B,UHL001,Actual,SW,Water,,,Lee,07080107,River/Stream,,40.75340048,-91.2755898
6,10560002,Skunk River near Augusta,06/02/2015 11:00:00,AMBIENT,68583-22-2,Escherichia coli,Total,,340,MPN/100ml,True,10,,,9223-B,UHL001,Actual,SW,Water,,,Lee,07080107,River/Stream,,40.75340048,-91.2755898
6,10560002,Skunk River near Augusta,06/02/2015 11:00:00,AMBIENT,TSS,Total suspended solids,NonFilt,,400,mg/l,True,1,,,I3765,UHL001,Actual,SW,Water,,,Lee,07080107,River/Stream,,40.75340048,-91.2755898
6,10560002,Skunk River near Augusta,06/02/2015 11:00:00,AMBIENT,NIT-NO3-NO2,Inorganic nitrogen (nitrate and nitrite) (AS N),Total,,12,mg/l,True,0.1,,,LAC10-107-04-1J,UHL001,Actual,SW,Water,,,Lee,07080107,River/Stream,,40.75340048,-91.2755898
6,10560002,Skunk River near Augusta,06/02/2015 11:00:00,AMBIENT,NIT-AMM,Ammonia-nitrogen (AS N),Total,,0.05,mg/l,False,0.05,,,LAC10-107-06-1J,UHL001,Actual,SW,Water,,,Lee,07080107,River/Stream,,40.75340048,-91.2755898
6,10560002,Skunk River near Augusta,06/02/2015 11:00:00,AMBIENT,NIT-KJELD,Kjeldahl nitrogen (AS N),Total,,1.3,mg/l,True,0.1,,,LAC10-107-06-2E,UHL001,Actual,SW,Water,,,Lee,07080107,River/Stream,,40.75340048,-91.2755898
6,10560002,Skunk River near Augusta,06/02/2015 11:00:00,AMBIENT,14265-44-2,Orthophosphate (AS P),Dissolved,,0.16,mg/l,True,0.02,,,LAC10-115-01-1A,UHL001,Actual,SW,Water,,,Lee,07080107,River/Stream,,40.75340048,-91.2755898
6,10560002,Skunk River near Augusta,06/02/2015 11:00:00,AMBIENT,PHOSP-PHOSP,Phosphate-phosphorus (AS P),Total,,0.54,mg/l,True,0.05,,,LAC10-115-01-1C,UHL001,Actual,SW,Water,,,Lee,07080107,River/Stream,,40.75340048,-91.2755898
6,10560002,Skunk River near Augusta,01/04/2012 11:25:00,AMBIENT,NIT-AMM,Ammonia-nitrogen (as N),Total,,0.05,mg/l,False,0.05,,,LAC10-107-06-1J,UHL001,Actual,SW,Water,,,Lee,07080107,River/Stream,,40.75340048,-91.2755898
6,10560002,Skunk River near Augusta,01/04/2012 11:25:00,AMBIENT,14808-79-8,Sulfate (as SO4),Total,,61,mg/l,True,1,,,300.0,UHL001,Actual,SW,Water,,,Lee,07080107,River/Stream,,40.75340048,-91.2755898
6,10560002,Skunk River near Augusta,01/04/2012 11:25:00,AMBIENT,16887-00-6,Chloride,Total,,26,mg/l,True,1,,,300.0,UHL001,Actual,SW,Water,,,Lee,07080107,River/Stream,,40.75340048,-91.2755898
6,10560002,Skunk River near Augusta,01/04/2012 11:25:00,AMBIENT,CBOD-SC,"Carbonaceous biochemical oxygen demand, standard conditions",Total,,2,mg/l,False,2,,,5210-B,UHL001,Actual,SW,Water,,,Lee,07080107,River/Stream,,40.75340048,-91.2755898
6,10560002,Skunk River near Augusta,01/04/2012 11:25:00,AMBIENT,CLR-A-FREE,"Chlorophyll a, free of pheophytin",NonFilt,,6,ug/l,True,1,,,445,UHL001,Actual,SW,Water,,,Lee,07080107,River/Stream,,40.75340048,-91.2755898
6,10560002,Skunk River near Augusta,01/04/2012 11:25:00,AMBIENT,68583-22-2,Escherichia coli,Total,,52,MPN/100ml,True,10,,,9223-B,UHL001,Actual,SW,Water,,,Lee,07080107,River/Stream,,40.75340048,-91.2755898
6,10560002,Skunk River near Augusta,01/04/2012 11:25:00,AMBIENT,HARD-CARB,"Hardness, carbonate",Total,,290,mg/l,True,1,,,2340C,UHL001,Actual,SW,Water,,,Lee,07080107,River/Stream,,40.75340048,-91.2755898
6,10560002,Skunk River near Augusta,01/04/2012 11:25:00,AMBIENT,NIT-NO3-NO2,Inorganic nitrogen (nitrate and nitrite) (as N),Total,,2.2,mg/l,True,0.1,,,LAC10-107-04-1J,UHL001,Actual,SW,Water,,,Lee,07080107,River/Stream,,40.75340048,-91.2755898
6,10560002,Skunk River near Augusta,01/04/2012 11:25:00,AMBIENT,14265-44-2,Orthophosphate (as P),Dissolved,,0.07,mg/l,True,0.02,,,LAC10-115-01-1A,UHL001,Actual,SW,Water,,,Lee,07080107,River/Stream,,40.75340048,-91.2755898
6,10560002,Skunk River near Augusta,01/04/2012 11:25:00,AMBIENT,PHOSP-PHOSP,Phosphate-phosphorus (as P),Total,,0.13,mg/l,True,0.02,,,LAC10-115-01-1D,UHL001,Actual,SW,Water,,,Lee,07080107,River/Stream,,40.75340048,-91.2755898
6,10560002,Skunk River near Augusta,01/04/2012 11:25:00,AMBIENT,TSS,Total suspended solids,NonFilt,,5,mg/l,True,1,,,I3765,UHL001,Actual,SW,Water,,,Lee,07080107,River/Stream,,40.75340048,-91.2755898
6,10560002,Skunk River near Augusta,01/04/2012 11:25:00,AMBIENT,TDS,Total dissolved solids,Dissolved,,380,mg/l,True,1,,,2540-C,UHL001,Actual,SW,Water,,,Lee,07080107,River/Stream,,40.75340048,-91.2755898
6,10560002,Skunk River near Augusta,01/04/2012 11:25:00,AMBIENT,TVSS,Volatile Suspended Solids,NonFilt,,2,mg/l,True,1,,,160.4,UHL001,Actual,SW,Water,,,Lee,07080107,River/Stream,,40.75340048,-91.2755898
6,10560002,Skunk River near Augusta,01/04/2012 11:25:00,AMBIENT,NIT-KJELD,Kjeldahl nitrogen (AS N),Total,,0.2,mg/l,True,0.1,,,LAC10-107-06-2E,UHL001,Actual,SW,Water,,,Lee,07080107,River/Stream,,40.75340048,-91.2755898
6,10560002,Skunk River near Augusta,01/04/2012 11:25:00,AMBIENT,TURB,Turbidity,Total,,3.4,NTU,True,1,,,2130-B,UHL001,Actual,SW,Water,,,Lee,07080107,River/Stream,,40.75340048,-91.2755898
6,10560002,Skunk River near Augusta,01/04/2012 11:25:00,AMBIENT,7782-44-7,Dissolved oxygen (DO),Total,,15.4,mg/l,True,,,,4500-O-G,,Actual,SW,Water,,,Lee,07080107,River/Stream,,40.75340048,-91.2755898
6,10560002,Skunk River near Augusta,03/05/2012 09:15:00,AMBIENT,7782-44-7,Dissolved oxygen (DO),Total,,13.9,mg/l,True,,,,4500-O-G,,Actual,SW,Water,,,Lee,07080107,River/Stream,,40.75340048,-91.2755898
6,10560002,Skunk River near Augusta,03/05/2012 09:15:00,AMBIENT,FLOW,Flow,Total,,1100,cfs,True,,,,USGS CA8,,Actual,SW,Water,,,Lee,07080107,River/Stream,,40.75340048,-91.2755898
6,10560002,Skunk River near Augusta,03/05/2012 09:15:00,AMBIENT,PH,pH,Total,,8.1,None,True,,,,4500-H,,Actual,SW,Water,,,Lee,07080107,River/Stream,,40.75340048,-91.2755898
6,10560002,Skunk River near Augusta,03/05/2012 09:15:00,AMBIENT,TEMP-WATER,"Temperature, water",Total,,1.6,deg C,True,,,,2550,,Actual,SW,Water,,,Lee,07080107,River/Stream,,40.75340048,-91.2755898
6,10560002,Skunk River near Augusta,06/05/2012 09:45:00,AMBIENT,TEMP-WATER,"Temperature, water",Total,,21.8,deg C,True,,,,2550,,Actual,SW,Water,,,Lee,07080107,River/Stream,,40.75340048,-91.2755898
6,10560002,Skunk River near Augusta,06/05/2012 09:45:00,AMBIENT,FLOW,Flow,Total,,1800,cfs,True,,,,USGS CA8,,Actual,SW,Water,,,Lee,07080107,River/Stream,,40.75340048,-91.2755898
6,10560002,Skunk River near Augusta,06/05/2012 09:45:00,AMBIENT,PH,pH,Total,,8.9,None,True,,,,4500-H,,Actual,SW,Water,,,Lee,07080107,River/Stream,,40.75340048,-91.2755898
6,10560002,Skunk River near Augusta,11/05/2014 10:30:00,AMBIENT,TEMP-WATER,"Temperature, water",Total,,11.5,deg C,True,,,,2550,,Actual,SW,Water,,,Lee,07080107,River/Stream,,40.75340048,-91.2755898
6,10560002,Skunk River near Augusta,11/05/2014 10:30:00,AMBIENT,PH,pH,Total,,8.2,None,True,,,,4500-H,,Actual,SW,Water,,,Lee,07080107,River/Stream,,40.75340048,-91.2755898
6,10560002,Skunk River near Augusta,11/05/2014 10:30:00,AMBIENT,7782-44-7,Dissolved oxygen (DO),Total,,10.5,mg/l,True,,,,D888(C),,Actual,SW,Water,,,Lee,07080107,River/Stream,,40.75340048,-91.2755898
6,10560002,Skunk River near Augusta,11/05/2014 10:30:00,AMBIENT,FLOW,Flow,Total,,2100,cfs,True,,,,USGS CA8,,Actual,SW,Water,,,Lee,07080107,River/Stream,,40.75340048,-91.2755898
6,10560002,Skunk River near Augusta,11/05/2014 10:30:00,AMBIENT,TVSS,Volatile Suspended Solids,NonFilt,,4,mg/l,True,1,,,160.4,UHL001,Actual,SW,Water,,,Lee,07080107,River/Stream,,40.75340048,-91.2755898
6,10560002,Skunk River near Augusta,11/05/2014 10:30:00,AMBIENT,TURB,Turbidity,Total,,13,NTU,True,1,,,2130-B,UHL001,Actual,SW,Water,,,Lee,07080107,River/Stream,,40.75340048,-91.2755898
6,10560002,Skunk River near Augusta,11/05/2014 10:30:00,AMBIENT,HARD-CARB,"Hardness, carbonate",Total,,340,mg/l,True,1,,,2340C,UHL001,Actual,SW,Water,,,Lee,07080107,River/Stream,,40.75340048,-91.2755898
6,10560002,Skunk River near Augusta,11/05/2014 10:30:00,AMBIENT,TDS,Total dissolved solids,Dissolved,,420,mg/l,True,1,,,2540-C,UHL001,Actual,SW,Water,,,Lee,07080107,River/Stream,,40.75340048,-91.2755898
6,10560002,Skunk River near Augusta,11/05/2014 10:30:00,AMBIENT,14808-79-8,Sulfate (AS SO4),Total,,34,mg/l,True,1,,,300.0,UHL001,Actual,SW,Water,,,Lee,07080107,River/Stream,,40.75340048,-91.2755898
6,10560002,Skunk River near Augusta,11/05/2014 10:30:00,AMBIENT,16887-00-6,Chloride,Total,,23,mg/l,True,1,,,300.0,UHL001,Actual,SW,Water,,,Lee,07080107,River/Stream,,40.75340048,-91.2755898
6,10560002,Skunk River near Augusta,11/05/2014 10:30:00,AMBIENT,CLR-A-FREE,"Chlorophyll a, free of pheophytin",NonFilt,,21,ug/l,True,1,,,445,UHL001,Actual,SW,Water,,,Lee,07080107,River/Stream,,40.75340048,-91.2755898
6,10560002,Skunk River near Augusta,11/05/2014 10:30:00,AMBIENT,CBOD-SC,"Carbonaceous biochemical oxygen demand, standard conditions",Total,,2,mg/l,False,2,,,5210-B,UHL001,Actual,SW,Water,,,Lee,07080107,River/Stream,,40.75340048,-91.2755898
6,10560002,Skunk River near Augusta,11/05/2014 10:30:00,AMBIENT,68583-22-2,Escherichia coli,Total,,52,MPN/100ml,True,10,,,9223-B,UHL001,Actual,SW,Water,,,Lee,07080107,River/Stream,,40.75340048,-91.2755898
6,10560002,Skunk River near Augusta,11/05/2014 10:30:00,AMBIENT,TSS,Total suspended solids,NonFilt,,22,mg/l,True,1,,,I3765,UHL001,Actual,SW,Water,,,Lee,07080107,River/Stream,,40.75340048,-91.2755898
6,10560002,Skunk River near Augusta,11/05/2014 10:30:00,AMBIENT,NIT-NO3-NO2,Inorganic nitrogen (nitrate and nitrite) (AS N),Total,,7.4,mg/l,True,0.1,,,LAC10-107-04-1J,UHL001,Actual,SW,Water,,,Lee,07080107,River/Stream,,40.75340048,-91.2755898
6,10560002,Skunk River near Augusta,11/05/2014 10:30:00,AMBIENT,NIT-AMM,Ammonia-nitrogen (AS N),Total,,0.05,mg/l,False,0.05,,,LAC10-107-06-1J,UHL001,Actual,SW,Water,,,Lee,07080107,River/Stream,,40.75340048,-91.2755898
6,10560002,Skunk River near Augusta,11/05/2014 10:30:00,AMBIENT,NIT-KJELD,Kjeldahl nitrogen (AS N),Total,,0.4,mg/l,True,0.1,,,LAC10-107-06-2E,UHL001,Actual,SW,Water,,,Lee,07080107,River/Stream,,40.75340048,-91.2755898
6,10560002,Skunk River near Augusta,11/05/2014 10:30:00,AMBIENT,14265-44-2,Orthophosphate (AS P),Dissolved,,0.12,mg/l,True,0.02,,,LAC10-115-01-1A,UHL001,Actual,SW,Water,,,Lee,07080107,River/Stream,,40.75340048,-91.2755898
6,10560002,Skunk River near Augusta,11/05/2014 10:30:00,AMBIENT,PHOSP-PHOSP,Phosphate-phosphorus (AS P),Total,,0.2,mg/l,True,0.02,,,LAC10-115-01-1D,UHL001,Actual,SW,Water,,,Lee,07080107,River/Stream,,40.75340048,-91.2755898
6,10560002,Skunk River near Augusta,10/01/2014 10:40:00,AMBIENT,TEMP-WATER,"Temperature, water",Total,,18.5,deg C,True,,,,2550,,Actual,SW,Water,,,Lee,07080107,River/Stream,,40.75340048,-91.2755898
6,10560002,Skunk River near Augusta,12/02/2014 10:30:00,AMBIENT,TEMP-WATER,"Temperature, water",Total,,0.4,deg C,True,,,,2550,,Actual,SW,Water,,,Lee,07080107,River/Stream,,40.75340048,-91.2755898
6,10560002,Skunk River near Augusta,12/02/2014 10:30:00,AMBIENT,PH,pH,Total,,8.3,None,True,,,,4500-H,,Actual,SW,Water,,,Lee,07080107,River/Stream,,40.75340048,-91.2755898
6,10560002,Skunk River near Augusta,12/02/2014 10:30:00,AMBIENT,7782-44-7,Dissolved oxygen (DO),Total,,14.3,mg/l,True,,,,D888(C),,Actual,SW,Water,,,Lee,07080107,River/Stream,,40.75340048,-91.2755898
6,10560002,Skunk River near Augusta,12/02/2014 10:30:00,AMBIENT,FLOW,Flow,Total,,0.1,cfs,True,,,,USGS CA8,,Actual,SW,Water,,,Lee,07080107,River/Stream,,40.75340048,-91.2755898
6,10560002,Skunk River near Augusta,12/02/2014 10:30:00,AMBIENT,TVSS,Volatile Suspended Solids,NonFilt,,2,mg/l,True,1,,,160.4,UHL001,Actual,SW,Water,,,Lee,07080107,River/Stream,,40.75340048,-91.2755898
6,10560002,Skunk River near Augusta,12/02/2014 10:30:00,AMBIENT,TURB,Turbidity,Total,,9.7,NTU,True,1,,,2130-B,UHL001,Actual,SW,Water,,,Lee,07080107,River/Stream,,40.75340048,-91.2755898
6,10560002,Skunk River near Augusta,12/02/2014 10:30:00,AMBIENT,HARD-CARB,"Hardness, carbonate",Total,,270,mg/l,True,1.0,,,2340C,UHL001,Actual,SW,Water,,,Lee,07080107,River/Stream,,40.75340048,-91.2755898
6,10560002,Skunk River near Augusta,12/02/2014 10:30:00,AMBIENT,TDS,Total dissolved solids,Dissolved,,360,mg/l,True,1,,,2540-C,UHL001,Actual,SW,Water,,,Lee,07080107,River/Stream,,40.75340048,-91.2755898
6,10560002,Skunk River near Augusta,12/02/2014 10:30:00,AMBIENT,14808-79-8,Sulfate (AS SO4),Total,,36,mg/l,True,1,,,300.0,UHL001,Actual,SW,Water,,,Lee,07080107,River/Stream,,40.75340048,-91.2755898
6,10560002,Skunk River near Augusta,12/02/2014 10:30:00,AMBIENT,16887-00-6,Chloride,Total,,25,mg/l,True,1,,,300.0,UHL001,Actual,SW,Water,,,Lee,07080107,River/Stream,,40.75340048,-91.2755898
6,10560002,Skunk River near Augusta,12/02/2014 10:30:00,AMBIENT,CLR-A-FREE,"Chlorophyll a, free of pheophytin",NonFilt,,2,ug/l,True,1,,,445,UHL001,Actual,SW,Water,,,Lee,07080107,River/Stream,,40.75340048,-91.2755898
6,10560002,Skunk River near Augusta,12/02/2014 10:30:00,AMBIENT,CBOD-SC,"Carbonaceous biochemical oxygen demand, standard conditions",Total,,2,mg/l,False,2,,,5210-B,UHL001,Actual,SW,Water,,,Lee,07080107,River/Stream,,40.75340048,-91.2755898
6,10560002,Skunk River near Augusta,12/02/2014 10:30:00,AMBIENT,68583-22-2,Escherichia coli,Total,,410,MPN/100ml,True,10,,,9223-B,UHL001,Actual,SW,Water,,,Lee,07080107,River/Stream,,40.75340048,-91.2755898
6,10560002,Skunk River near Augusta,12/02/2014 10:30:00,AMBIENT,TSS,Total suspended solids,NonFilt,,9,mg/l,True,1,,,I3765,UHL001,Actual,SW,Water,,,Lee,07080107,River/Stream,,40.75340048,-91.2755898
6,10560002,Skunk River near Augusta,12/02/2014 10:30:00,AMBIENT,NIT-NO3-NO2,Inorganic nitrogen (nitrate and nitrite) (AS N),Total,,6,mg/l,True,0.1,,,LAC10-107-04-1J,UHL001,Actual,SW,Water,,,Lee,07080107,River/Stream,,40.75340048,-91.2755898
6,10560002,Skunk River near Augusta,12/02/2014 10:30:00,AMBIENT,NIT-AMM,Ammonia-nitrogen (AS N),Total,,0.09,mg/l,True,0.05,,,LAC10-107-06-1J,UHL001,Actual,SW,Water,,,Lee,07080107,River/Stream,,40.75340048,-91.2755898
6,10560002,Skunk River near Augusta,12/02/2014 10:30:00,AMBIENT,NIT-KJELD,Kjeldahl nitrogen (AS N),Total,,0.2,mg/l,True,0.1,,,LAC10-107-06-2E,UHL001,Actual,SW,Water,,,Lee,07080107,River/Stream,,40.75340048,-91.2755898
6,10560002,Skunk River near Augusta,12/02/2014 10:30:00,AMBIENT,14265-44-2,Orthophosphate (AS P),Dissolved,,0.09,mg/l,True,0.02,,,LAC10-115-01-1A,UHL001,Actual,SW,Water,,,Lee,07080107,River/Stream,,40.75340048,-91.2755898
6,10560002,Skunk River near Augusta,12/02/2014 10:30:00,AMBIENT,PHOSP-PHOSP,Phosphate-phosphorus (AS P),Total,,0.27,mg/l,True,0.02,,,LAC10-115-01-1D,UHL001,Actual,SW,Water,,,Lee,07080107,River/Stream,,40.75340048,-91.2755898
6,10560002,Skunk River near Augusta,01/13/2015 10:10:00,AMBIENT,TEMP-WATER,"Temperature, water",Total,,0.3,deg C,True,,,,2550,,Actual,SW,Water,,,Lee,07080107,River/Stream,,40.75340048,-91.2755898
6,10560002,Skunk River near Augusta,01/13/2015 10:10:00,AMBIENT,PH,pH,Total,,8.1,None,True,,,,4500-H,,Actual,SW,Water,,,Lee,07080107,River/Stream,,40.75340048,-91.2755898
6,10560002,Skunk River near Augusta,01/13/2015 10:10:00,AMBIENT,7782-44-7,Dissolved oxygen (DO),Total,,14,mg/l,True,,,,D888(C),,Actual,SW,Water,,,Lee,07080107,River/Stream,,40.75340048,-91.2755898
6,10560002,Skunk River near Augusta,01/13/2015 10:10:00,AMBIENT,FLOW,Flow,Total,,0.1,cfs,True,,,,USGS CA8,,Actual,SW,Water,,,Lee,07080107,River/Stream,,40.75340048,-91.2755898
6,10560002,Skunk River near Augusta,01/13/2015 10:10:00,AMBIENT,TVSS,Volatile Suspended Solids,NonFilt,,1,mg/l,True,1,,,160.4,UHL001,Actual,SW,Water,,,Lee,07080107,River/Stream,,40.75340048,-91.2755898
6,10560002,Skunk River near Augusta,01/13/2015 10:10:00,AMBIENT,TURB,Turbidity,Total,,1.8,NTU,True,1,,,2130-B,UHL001,Actual,SW,Water,,,Lee,07080107,River/Stream,,40.75340048,-91.2755898
6,10560002,Skunk River near Augusta,01/13/2015 10:10:00,AMBIENT,HARD-CARB,"Hardness, carbonate",Total,,390,mg/l,True,1,,,2340C,UHL001,Actual,SW,Water,,,Lee,07080107,River/Stream,,40.75340048,-91.2755898
6,10560002,Skunk River near Augusta,01/13/2015 10:10:00,AMBIENT,TDS,Total dissolved solids,Dissolved,,460,mg/l,True,1,,,2540-C,UHL001,Actual,SW,Water,,,Lee,07080107,River/Stream,,40.75340048,-91.2755898
6,10560002,Skunk River near Augusta,01/13/2015 10:10:00,AMBIENT,14808-79-8,Sulfate (AS SO4),Total,,38,mg/l,True,1,,,300.0,UHL001,Actual,SW,Water,,,Lee,07080107,River/Stream,,40.75340048,-91.2755898
6,10560002,Skunk River near Augusta,01/13/2015 10:10:00,AMBIENT,16887-00-6,Chloride,Total,,26,mg/l,True,1,,,300.0,UHL001,Actual,SW,Water,,,Lee,07080107,River/Stream,,40.75340048,-91.2755898
6,10560002,Skunk River near Augusta,01/13/2015 10:10:00,AMBIENT,CLR-A-FREE,"Chlorophyll a, free of pheophytin",NonFilt,,9,ug/l,True,1,,,445,UHL001,Actual,SW,Water,,,Lee,07080107,River/Stream,,40.75340048,-91.2755898
6,10560002,Skunk River near Augusta,01/13/2015 10:10:00,AMBIENT,CBOD-SC,"Carbonaceous biochemical oxygen demand, standard conditions",Total,,2,mg/l,False,2,,,5210-B,UHL001,Actual,SW,Water,,,Lee,07080107,River/Stream,,40.75340048,-91.2755898
6,10560002,Skunk River near Augusta,01/13/2015 10:10:00,AMBIENT,68583-22-2,Escherichia coli,Total,,20,MPN/100ml,True,10,,,9223-B,UHL001,Actual,SW,Water,,,Lee,07080107,River/Stream,,40.75340048,-91.2755898
6,10560002,Skunk River near Augusta,01/13/2015 10:10:00,AMBIENT,TSS,Total suspended solids,NonFilt,,4,mg/l,True,1,,,I3765,UHL001,Actual,SW,Water,,,Lee,07080107,River/Stream,,40.75340048,-91.2755898
6,10560002,Skunk River near Augusta,01/13/2015 10:10:00,AMBIENT,NIT-NO3-NO2,Inorganic nitrogen (nitrate and nitrite) (AS N),Total,,10,mg/l,True,0.1,,,LAC10-107-04-1J,UHL001,Actual,SW,Water,,,Lee,07080107,River/Stream,,40.75340048,-91.2755898
6,10560002,Skunk River near Augusta,01/13/2015 10:10:00,AMBIENT,NIT-AMM,Ammonia-nitrogen (AS N),Total,,0.05,mg/l,False,0.05,,,LAC10-107-06-1J,UHL001,Actual,SW,Water,,,Lee,07080107,River/Stream,,40.75340048,-91.2755898
6,10560002,Skunk River near Augusta,01/13/2015 10:10:00,AMBIENT,NIT-KJELD,Kjeldahl nitrogen (AS N),Total,,0.4,mg/l,True,0.1,,,LAC10-107-06-2E,UHL001,Actual,SW,Water,,,Lee,07080107,River/Stream,,40.75340048,-91.2755898
6,10560002,Skunk River near Augusta,01/13/2015 10:10:00,AMBIENT,14265-44-2,Orthophosphate (AS P),Dissolved,,0.06,mg/l,True,0.02,,,LAC10-115-01-1A,UHL001,Actual,SW,Water,,,Lee,07080107,River/Stream,,40.75340048,-91.2755898
6,10560002,Skunk River near Augusta,01/13/2015 10:10:00,AMBIENT,PHOSP-PHOSP,Phosphate-phosphorus (AS P),Total,,0.11,mg/l,True,0.02,,,LAC10-115-01-1D,UHL001,Actual,SW,Water,,,Lee,07080107,River/Stream,,40.75340048,-91.2755898
6,10560001,Des Moines River near Keokuk,12/08/1999 12:00:00,AMBIENT,TDS,Total dissolved solids,Dissolved,,470,mg/l,True,1,,,160.1,UHL001,Actual,SW,Water,,,Lee,07100009,River/Stream,,40.4620485,-91.5670776
6,10560001,Des Moines River near Keokuk,12/08/1999 12:00:00,AMBIENT,TSS,Total suspended solids,NonFilt,,12,mg/l,True,1,,,I3765,UHL001,Actual,SW,Water,,,Lee,07100009,River/Stream,,40.4620485,-91.5670776
6,10560001,Des Moines River near Keokuk,12/08/1999 12:00:00,AMBIENT,SPEC-COND,Specific conductance,Total,,750,uS/cm,True,1,,,2510,UHL001,Actual,SW,Water,,,Lee,07100009,River/Stream,,40.4620485,-91.5670776
6,10560001,Des Moines River near Keokuk,12/08/1999 12:00:00,AMBIENT,TURB,Turbidity,Total,,6.6,NTU,True,1,,,180.1,UHL001,Actual,SW,Water,,,Lee,07100009,River/Stream,,40.4620485,-91.5670776
6,10560001,Des Moines River near Keokuk,01/03/2000 10:30:00,AMBIENT,7782-44-7,Dissolved oxygen (DO),Total,,14.5,mg/l,True,0.1,,,4500-O-G,,Actual,SW,Water,,,Lee,07100009,River/Stream,,40.4620485,-91.5670776
6,10560001,Des Moines River near Keokuk,01/03/2000 10:30:00,AMBIENT,FLOW,Flow,Total,,800,cfs,True,,,,USGS CA8,,Actual,SW,Water,,,Lee,07100009,River/Stream,,40.4620485,-91.5670776
6,10560001,Des Moines River near Keokuk,01/03/2000 10:30:00,AMBIENT,PH,pH,Total,,8.9,None,True,,,,4500-H,,Actual,SW,Water,,,Lee,07100009,River/Stream,,40.4620485,-91.5670776
6,10560001,Des Moines River near Keokuk,01/03/2000 10:30:00,AMBIENT,TEMP-WATER,"Temperature, water",Total,,2.5,deg C,True,0,,,2550,,Actual,SW,Water,,,Lee,07100009,River/Stream,,40.4620485,-91.5670776
6,10560001,Des Moines River near Keokuk,01/03/2000 10:30:00,AMBIENT,1007-28-9,2-Choro-6-ethylamino-4-amino-s-triazine,Total,,0.1,ug/l,False,0.1,,,507,UHL001,Actual,SW,Water,,,Lee,07100009,River/Stream,,40.4620485,-91.5670776
6,10560001,Des Moines River near Keokuk,01/03/2000 10:30:00,AMBIENT,122-34-9,Simazine,Total,,0.1,ug/l,False,0.1,,,507,UHL001,Actual,SW,Water,,,Lee,07100009,River/Stream,,40.4620485,-91.5670776
6,10560001,Des Moines River near Keokuk,01/03/2000 10:30:00,AMBIENT,1582-09-8,Trifluralin,Total,,0.1,ug/l,False,0.1,,,507,UHL001,Actual,SW,Water,,,Lee,07100009,River/Stream,,40.4620485,-91.5670776
6,10560001,Des Moines River near Keokuk,01/03/2000 10:30:00,AMBIENT,15972-60-8,Alachlor,Total,,0.1,ug/l,False,0.1,,,507,UHL001,Actual,SW,Water,,,Lee,07100009,River/Stream,,40.4620485,-91.5670776
6,10560001,Des Moines River near Keokuk,01/03/2000 10:30:00,AMBIENT,1912-24-9,Atrazine,Total,,0.18,ug/l,True,0.1,,,507,UHL001,Actual,SW,Water,,,Lee,07100009,River/Stream,,40.4620485,-91.5670776
6,10560001,Des Moines River near Keokuk,01/03/2000 10:30:00,AMBIENT,2008-41-5,Butylate,Total,,0.1,ug/l,False,0.1,,,507,UHL001,Actual,SW,Water,,,Lee,07100009,River/Stream,,40.4620485,-91.5670776
6,10560001,Des Moines River near Keokuk,01/03/2000 10:30:00,AMBIENT,21087-64-9,Metribuzin,Total,,0.1,ug/l,False,0.1,,,507,UHL001,Actual,SW,Water,,,Lee,07100009,River/Stream,,40.4620485,-91.5670776
6,10560001,Des Moines River near Keokuk,01/03/2000 10:30:00,AMBIENT,21725-46-2,Cyanazine,Total,,0.1,ug/l,False,0.1,,,507,UHL001,Actual,SW,Water,,,Lee,07100009,River/Stream,,40.4620485,-91.5670776
6,10560001,Des Moines River near Keokuk,01/03/2000 10:30:00,AMBIENT,34256-82-1,Acetochlor,Total,,0.1,ug/l,False,0.1,,,507,UHL001,Actual,SW,Water,,,Lee,07100009,River/Stream,,40.4620485,-91.5670776
6,10560001,Des Moines River near Keokuk,01/03/2000 10:30:00,AMBIENT,51218-45-2,Metolachlor,Total,,0.1,ug/l,False,0.1,,,507,UHL001,Actual,SW,Water,,,Lee,07100009,River/Stream,,40.4620485,-91.5670776
6,10560001,Des Moines River near Keokuk,01/03/2000 10:30:00,AMBIENT,6190-65-4,2-Chloro-4-isopropylamino-6-amino-s-triazine,Total,,0.1,ug/l,False,0.1,,,507,UHL001,Actual,SW,Water,,,Lee,07100009,River/Stream,,40.4620485,-91.5670776
6,10560001,Des Moines River near Keokuk,01/03/2000 10:30:00,AMBIENT,CBOD-SC,"Carbonaceous biochemical oxygen demand, standard conditions",Total,,1,mg/l,True,1,,,UnknownBOD,UHL001,Actual,SW,Water,,,Lee,07100009,River/Stream,,40.4620485,-91.5670776
6,10560001,Des Moines River near Keokuk,01/03/2000 10:30:00,AMBIENT,7439-92-1,Lead,Total,,10,ug/l,False,10,,,3113-B,UHL001,Actual,SW,Water,,,Lee,07100009,River/Stream,,40.4620485,-91.5670776
6,10560001,Des Moines River near Keokuk,01/03/2000 10:30:00,AMBIENT,7440-43-9,Cadmium,Total,,1,ug/l,False,1,,,3113-B,UHL001,Actual,SW,Water,,,Lee,07100009,River/Stream,,40.4620485,-91.5670776
6,10560001,Des Moines River near Keokuk,01/03/2000 10:30:00,AMBIENT,11003-45-5,Chlorophyll c,NonFilt,,1,ug/l,False,1,,,10200-H,UHL001,Actual,SW,Water,,,Lee,07100009,River/Stream,,40.4620485,-91.5670776
6,10560001,Des Moines River near Keokuk,01/03/2000 10:30:00,AMBIENT,479-61-8,Chlorophyll a,NonFilt,,9,ug/l,True,1,,,10200-H,UHL001,Actual,SW,Water,,,Lee,07100009,River/Stream,,40.4620485,-91.5670776
6,10560001,Des Moines River near Keokuk,01/03/2000 10:30:00,AMBIENT,519-62-0,Chlorophyll b,NonFilt,,1,ug/l,False,1,,,10200-H,UHL001,Actual,SW,Water,,,Lee,07100009,River/Stream,,40.4620485,-91.5670776
6,10560001,Des Moines River near Keokuk,01/03/2000 10:30:00,AMBIENT,CLR-A-UCP,"Chlorophyll a, uncorrected for pheophytin",NonFilt,,12,ug/l,True,1,,,10200-H,UHL001,Actual,SW,Water,,,Lee,07100009,River/Stream,,40.4620485,-91.5670776
6,10560001,Des Moines River near Keokuk,01/03/2000 10:30:00,AMBIENT,7440-47-3,Chromium,Total,,20,ug/l,False,20,,,200.7(W),UHL001,Actual,SW,Water,,,Lee,07100009,River/Stream,,40.4620485,-91.5670776
6,10560001,Des Moines River near Keokuk,01/03/2000 10:30:00,AMBIENT,7440-50-8,Copper,Total,,10,ug/l,False,10,,,200.7(W),UHL001,Actual,SW,Water,,,Lee,07100009,River/Stream,,40.4620485,-91.5670776
6,10560001,Des Moines River near Keokuk,01/03/2000 10:30:00,AMBIENT,57-12-5,Cyanide,Total,,0.01,mg/l,False,0.01,,,335.2,UHL001,Actual,SW,Water,,,Lee,07100009,River/Stream,,40.4620485,-91.5670776
6,10560001,Des Moines River near Keokuk,01/03/2000 10:30:00,AMBIENT,ENTERO,Enterococcus,Total,,40,MPN/100ml,True,10,,,9230-C,UHL001,Actual,SW,Water,,,Lee,07100009,River/Stream,,40.4620485,-91.5670776
6,10560001,Des Moines River near Keokuk,01/03/2000 10:30:00,AMBIENT,68583-22-2,Escherichia coli,Total,,10,MPN/100ml,True,10,,,9213-D,UHL001,Actual,SW,Water,,,Lee,07100009,River/Stream,,40.4620485,-91.5670776
6,10560001,Des Moines River near Keokuk,01/03/2000 10:30:00,AMBIENT,FEC-COL,Fecal Coliform,Total,,10,MPN/100ml,False,10,,,9222-D,UHL001,Actual,SW,Water,,,Lee,07100009,River/Stream,,40.4620485,-91.5670776
6,10560001,Des Moines River near Keokuk,02/10/2000 09:25:00,AMBIENT,7782-44-7,Dissolved oxygen (DO),Total,,16.9,mg/l,True,0.1,,,4500-O-G,,Actual,SW,Water,,,Lee,07100009,River/Stream,,40.4620485,-91.5670776
6,10560001,Des Moines River near Keokuk,02/10/2000 09:25:00,AMBIENT,FLOW,Flow,Total,,900,cfs,True,,,,USGS CA8,,Actual,SW,Water,,,Lee,07100009,River/Stream,,40.4620485,-91.5670776
6,10560001,Des Moines River near Keokuk,02/10/2000 09:25:00,AMBIENT,PH,pH,Total,,8.8,None,True,,,,4500-H,,Actual,SW,Water,,,Lee,07100009,River/Stream,,40.4620485,-91.5670776
6,10560001,Des Moines River near Keokuk,02/10/2000 09:25:00,AMBIENT,TEMP-WATER,"Temperature, water",Total,,0.5,deg C,True,0,,,2550,,Actual,SW,Water,,,Lee,07100009,River/Stream,,40.4620485,-91.5670776
6,10560001,Des Moines River near Keokuk,02/10/2000 09:25:00,AMBIENT,1007-28-9,2-Choro-6-ethylamino-4-amino-s-triazine,Total,,0.1,ug/l,False,0.1,,,507,UHL001,Actual,SW,Water,,,Lee,07100009,River/Stream,,40.4620485,-91.5670776
6,10560001,Des Moines River near Keokuk,02/10/2000 09:25:00,AMBIENT,122-34-9,Simazine,Total,,0.1,ug/l,False,0.1,,,507,UHL001,Actual,SW,Water,,,Lee,07100009,River/Stream,,40.4620485,-91.5670776
6,10560001,Des Moines River near Keokuk,02/10/2000 09:25:00,AMBIENT,1582-09-8,Trifluralin,Total,,0.1,ug/l,False,0.1,,,507,UHL001,Actual,SW,Water,,,Lee,07100009,River/Stream,,40.4620485,-91.5670776
6,10560001,Des Moines River near Keokuk,02/10/2000 09:25:00,AMBIENT,15972-60-8,Alachlor,Total,,0.1,ug/l,False,0.1,,,507,UHL001,Actual,SW,Water,,,Lee,07100009,River/Stream,,40.4620485,-91.5670776
6,10560001,Des Moines River near Keokuk,02/10/2000 09:25:00,AMBIENT,1912-24-9,Atrazine,Total,,0.17,ug/l,True,0.1,,,507,UHL001,Actual,SW,Water,,,Lee,07100009,River/Stream,,40.4620485,-91.5670776
6,10560001,Des Moines River near Keokuk,02/10/2000 09:25:00,AMBIENT,2008-41-5,Butylate,Total,,0.1,ug/l,False,0.1,,,507,UHL001,Actual,SW,Water,,,Lee,07100009,River/Stream,,40.4620485,-91.5670776
6,10560001,Des Moines River near Keokuk,02/10/2000 09:25:00,AMBIENT,21087-64-9,Metribuzin,Total,,0.1,ug/l,False,0.1,,,507,UHL001,Actual,SW,Water,,,Lee,07100009,River/Stream,,40.4620485,-91.5670776
6,10560001,Des Moines River near Keokuk,02/10/2000 09:25:00,AMBIENT,21725-46-2,Cyanazine,Total,,0.1,ug/l,False,0.1,,,507,UHL001,Actual,SW,Water,,,Lee,07100009,River/Stream,,40.4620485,-91.5670776
6,10560001,Des Moines River near Keokuk,02/10/2000 09:25:00,AMBIENT,34256-82-1,Acetochlor,Total,,0.1,ug/l,False,0.1,,,507,UHL001,Actual,SW,Water,,,Lee,07100009,River/Stream,,40.4620485,-91.5670776
6,10560001,Des Moines River near Keokuk,02/10/2000 09:25:00,AMBIENT,51218-45-2,Metolachlor,Total,,0.1,ug/l,False,0.1,,,507,UHL001,Actual,SW,Water,,,Lee,07100009,River/Stream,,40.4620485,-91.5670776
6,10560001,Des Moines River near Keokuk,02/10/2000 09:25:00,AMBIENT,6190-65-4,2-Chloro-4-isopropylamino-6-amino-s-triazine,Total,,0.1,ug/l,False,0.1,,,507,UHL001,Actual,SW,Water,,,Lee,07100009,River/Stream,,40.4620485,-91.5670776
6,10560001,Des Moines River near Keokuk,02/10/2000 09:25:00,AMBIENT,CBOD-SC,"Carbonaceous biochemical oxygen demand, standard conditions",Total,,2,mg/l,True,1,,,UnknownBOD,UHL001,Actual,SW,Water,,,Lee,07100009,River/Stream,,40.4620485,-91.5670776
6,10560001,Des Moines River near Keokuk,02/10/2000 09:25:00,AMBIENT,603-17-8,Pheophytin a,NonFilt,,4,ug/l,True,1,,,10200H(2),UHL001,Actual,SW,Water,,,Lee,07100009,River/Stream,,40.4620485,-91.5670776
6,10560001,Des Moines River near Keokuk,02/10/2000 09:25:00,AMBIENT,14265-44-2,Orthophosphate (as P),Dissolved,,0.4,mg/l,True,0.1,,,Unknown,UHL001,Actual,SW,Water,,,Lee,07100009,River/Stream,,40.4620485,-91.5670776
6,10560001,Des Moines River near Keokuk,02/10/2000 09:25:00,AMBIENT,7631-86-9,Silica,Dissolved,,3.7,mg/l,True,1,,,370.1,UHL001,Actual,SW,Water,,,Lee,07100009,River/Stream,,40.4620485,-91.5670776
6,10560001,Des Moines River near Keokuk,02/10/2000 09:25:00,AMBIENT,TDS,Total dissolved solids,Dissolved,,420,mg/l,True,1,,,160.1,UHL001,Actual,SW,Water,,,Lee,07100009,River/Stream,,40.4620485,-91.5670776
6,10560001,Des Moines River near Keokuk,02/10/2000 09:25:00,AMBIENT,TSS,Total suspended solids,NonFilt,,11,mg/l,True,1,,,I3765,UHL001,Actual,SW,Water,,,Lee,07100009,River/Stream,,40.4620485,-91.5670776
6,10560001,Des Moines River near Keokuk,02/10/2000 09:25:00,AMBIENT,SPEC-COND,Specific conductance,Total,,570,uS/cm,True,1,,,2510,UHL001,Actual,SW,Water,,,Lee,07100009,River/Stream,,40.4620485,-91.5670776
6,10560001,Des Moines River near Keokuk,02/10/2000 09:25:00,AMBIENT,TURB,Turbidity,Total,,4.5,NTU,True,1,,,180.1,UHL001,Actual,SW,Water,,,Lee,07100009,River/Stream,,40.4620485,-91.5670776
6,10560001,Des Moines River near Keokuk,03/06/2000 12:20:00,AMBIENT,7782-44-7,Dissolved oxygen (DO),Total,,13.2,mg/l,True,0.1,,,4500-O-G,,Actual,SW,Water,,,Lee,07100009,River/Stream,,40.4620485,-91.5670776
6,10560001,Des Moines River near Keokuk,03/06/2000 12:20:00,AMBIENT,CBOD-SC,"Carbonaceous biochemical oxygen demand, standard conditions",Total,,3,mg/l,True,1,,,UnknownBOD,UHL001,Actual,SW,Water,,,Lee,07100009,River/Stream,,40.4620485,-91.5670776
6,10560001,Des Moines River near Keokuk,03/06/2000 12:20:00,AMBIENT,11003-45-5,Chlorophyll c,NonFilt,,11,ug/l,True,1,,,10200-H,UHL001,Actual,SW,Water,,,Lee,07100009,River/Stream,,40.4620485,-91.5670776
6,10560001,Des Moines River near Keokuk,03/06/2000 12:20:00,AMBIENT,479-61-8,Chlorophyll a,NonFilt,,107,ug/l,True,1,,,10200-H,UHL001,Actual,SW,Water,,,Lee,07100009,River/Stream,,40.4620485,-91.5670776
6,10560001,Des Moines River near Keokuk,03/06/2000 12:20:00,AMBIENT,519-62-0,Chlorophyll b,NonFilt,,1,ug/l,False,1,,,10200-H,UHL001,Actual,SW,Water,,,Lee,07100009,River/Stream,,40.4620485,-91.5670776
6,10560001,Des Moines River near Keokuk,03/06/2000 12:20:00,AMBIENT,CLR-A-UCP,"Chlorophyll a, uncorrected for pheophytin",NonFilt,,112,ug/l,True,1,,,10200-H,UHL001,Actual,SW,Water,,,Lee,07100009,River/Stream,,40.4620485,-91.5670776
6,10560001,Des Moines River near Keokuk,03/06/2000 12:20:00,AMBIENT,ENTERO,Enterococcus,Total,,10,MPN/100ml,True,10,,,9230-C,UHL001,Actual,SW,Water,,,Lee,07100009,River/Stream,,40.4620485,-91.5670776
6,10560001,Des Moines River near Keokuk,03/06/2000 12:20:00,AMBIENT,68583-22-2,Escherichia coli,Total,,10,MPN/100ml,False,10,,,9213-D,UHL001,Actual,SW,Water,,,Lee,07100009,River/Stream,,40.4620485,-91.5670776
6,10560001,Des Moines River near Keokuk,03/06/2000 12:20:00,AMBIENT,FEC-COL,Fecal Coliform,Total,,55,MPN/100ml,True,10,,,9222-D,UHL001,Actual,SW,Water,,,Lee,07100009,River/Stream,,40.4620485,-91.5670776
6,10560001,Des Moines River near Keokuk,03/06/2000 12:20:00,AMBIENT,HARD-CARB,"Hardness, carbonate",Total,,270,mg/l,True,1,,,Unknown,UHL001,Actual,SW,Water,,,Lee,07100009,River/Stream,,40.4620485,-91.5670776
6,10560001,Des Moines River near Keokuk,03/06/2000 12:20:00,AMBIENT,NIT-AMM,Ammonia-nitrogen (as N),Total,,0.1,mg/l,False,0.1,,,Unknown,UHL001,Actual,SW,Water,,,Lee,07100009,River/Stream,,40.4620485,-91.5670776
6,10560001,Des Moines River near Keokuk,03/06/2000 12:20:00,AMBIENT,NIT-KJELD,Kjeldahl nitrogen (AS N),Total,,1.5,mg/l,True,0.1,,,Unknown,UHL001,Actual,SW,Water,,,Lee,07100009,River/Stream,,40.4620485,-91.5670776
6,10560001,Des Moines River near Keokuk,03/06/2000 12:20:00,AMBIENT,NIT-NO3-NO2,Inorganic nitrogen (nitrate and nitrite) (as N),Total,,1.1,mg/l,True,0.1,,,Unknown,UHL001,Actual,SW,Water,,,Lee,07100009,River/Stream,,40.4620485,-91.5670776
6,10560001,Des Moines River near Keokuk,03/06/2000 12:20:00,AMBIENT,PHOSP-PHOSP,Phosphate-phosphorus (as P),Total,,0.3,mg/l,True,0.1,,,Unknown,UHL001,Actual,SW,Water,,,Lee,07100009,River/Stream,,40.4620485,-91.5670776
6,10560001,Des Moines River near Keokuk,03/06/2000 12:20:00,AMBIENT,TURB,Turbidity,Total,,25,NTU,True,1,,,180.1,UHL001,Actual,SW,Water,,,Lee,07100009,River/Stream,,40.4620485,-91.5670776
6,10560001,Des Moines River near Keokuk,10/14/1999 09:50:00,AMBIENT,7782-44-7,Dissolved oxygen (DO),Total,,9.6,mg/l,True,0.1,,,4500-O-G,,Actual,SW,Water,,,Lee,07100009,River/Stream,,40.4620485,-91.5670776
6,10560001,Des Moines River near Keokuk,10/14/1999 09:50:00,AMBIENT,FLOW,Flow,Total,,400,cfs,True,,,,USGS CA8,,Actual,SW,Water,,,Lee,07100009,River/Stream,,40.4620485,-91.5670776
6,10560001,Des Moines River near Keokuk,10/14/1999 09:50:00,AMBIENT,PH,pH,Total,,8.9,None,True,,,,4500-H,,Actual,SW,Water,,,Lee,07100009,River/Stream,,40.4620485,-91.5670776
6,10560001,Des Moines River near Keokuk,10/14/1999 09:50:00,AMBIENT,TEMP-WATER,"Temperature, water",Total,,14.5,deg C,True,0,,,2550,,Actual,SW,Water,,,Lee,07100009,River/Stream,,40.4620485,-91.5670776
6,10560001,Des Moines River near Keokuk,10/14/1999 09:50:00,AMBIENT,1918-00-9,Dicamba,Total,,0.2,ug/l,False,0.2,,,515.1,UHL001,Actual,SW,Water,,,Lee,07100009,River/Stream,,40.4620485,-91.5670776
6,10560001,Des Moines River near Keokuk,10/14/1999 09:50:00,AMBIENT,25057-89-0,Bentazon,Total,,0.2,ug/l,False,0.2,,,515.1,UHL001,Actual,SW,Water,,,Lee,07100009,River/Stream,,40.4620485,-91.5670776
6,10560001,Des Moines River near Keokuk,10/14/1999 09:50:00,AMBIENT,93-72-1,Silvex,Total,,0.2,ug/l,False,0.2,,,515.1,UHL001,Actual,SW,Water,,,Lee,07100009,River/Stream,,40.4620485,-91.5670776
6,10560001,Des Moines River near Keokuk,10/14/1999 09:50:00,AMBIENT,94-75-7,"2,4-D",Total,,0.2,ug/l,False,0.2,,,515.1,UHL001,Actual,SW,Water,,,Lee,07100009,River/Stream,,40.4620485,-91.5670776
6,10560001,Des Moines River near Keokuk,10/14/1999 09:50:00,AMBIENT,1007-28-9,2-Choro-6-ethylamino-4-amino-s-triazine,Total,,0.1,ug/l,False,0.1,,,507,UHL001,Actual,SW,Water,,,Lee,07100009,River/Stream,,40.4620485,-91.5670776
6,10560001,Des Moines River near Keokuk,10/14/1999 09:50:00,AMBIENT,122-34-9,Simazine,Total,,0.1,ug/l,False,0.1,,,507,UHL001,Actual,SW,Water,,,Lee,07100009,River/Stream,,40.4620485,-91.5670776
6,10560001,Des Moines River near Keokuk,10/14/1999 09:50:00,AMBIENT,13071-79-9,Terbufos,Total,,0.1,ug/l,False,0.1,,,507,UHL001,Actual,SW,Water,,,Lee,07100009,River/Stream,,40.4620485,-91.5670776
6,10560001,Des Moines River near Keokuk,10/14/1999 09:50:00,AMBIENT,13194-48-4,Ethoprop,Total,,0.1,ug/l,False,0.1,,,507,UHL001,Actual,SW,Water,,,Lee,07100009,River/Stream,,40.4620485,-91.5670776
6,10560001,Des Moines River near Keokuk,10/14/1999 09:50:00,AMBIENT,1563-66-2,Carbofuran,Total,,0.1,ug/l,False,0.1,,,507,UHL001,Actual,SW,Water,,,Lee,07100009,River/Stream,,40.4620485,-91.5670776
6,10560001,Des Moines River near Keokuk,10/14/1999 09:50:00,AMBIENT,1582-09-8,Trifluralin,Total,,0.1,ug/l,False,0.1,,,507,UHL001,Actual,SW,Water,,,Lee,07100009,River/Stream,,40.4620485,-91.5670776
6,10560001,Des Moines River near Keokuk,10/14/1999 09:50:00,AMBIENT,15972-60-8,Alachlor,Total,,0.1,ug/l,False,0.1,,,507,UHL001,Actual,SW,Water,,,Lee,07100009,River/Stream,,40.4620485,-91.5670776
6,10560001,Des Moines River near Keokuk,10/14/1999 09:50:00,AMBIENT,1912-24-9,Atrazine,Total,,0.18,ug/l,True,0.1,,,507,UHL001,Actual,SW,Water,,,Lee,07100009,River/Stream,,40.4620485,-91.5670776
6,10560001,Des Moines River near Keokuk,10/14/1999 09:50:00,AMBIENT,2008-41-5,Butylate,Total,,0.1,ug/l,False,0.1,,,507,UHL001,Actual,SW,Water,,,Lee,07100009,River/Stream,,40.4620485,-91.5670776
6,10560001,Des Moines River near Keokuk,10/14/1999 09:50:00,AMBIENT,21087-64-9,Metribuzin,Total,,0.1,ug/l,False,0.1,,,507,UHL001,Actual,SW,Water,,,Lee,07100009,River/Stream,,40.4620485,-91.5670776
6,10560001,Des Moines River near Keokuk,10/14/1999 09:50:00,AMBIENT,21725-46-2,Cyanazine,Total,,0.1,ug/l,False,0.1,,,507,UHL001,Actual,SW,Water,,,Lee,07100009,River/Stream,,40.4620485,-91.5670776
6,10560001,Des Moines River near Keokuk,10/14/1999 09:50:00,AMBIENT,2921-88-2,Chlorpyrifos,Total,,0.1,ug/l,False,0.1,,,507,UHL001,Actual,SW,Water,,,Lee,07100009,River/Stream,,40.4620485,-91.5670776
6,10560001,Des Moines River near Keokuk,10/14/1999 09:50:00,AMBIENT,298-02-2,Phorate,Total,,0.1,ug/l,False,0.1,,,507,UHL001,Actual,SW,Water,,,Lee,07100009,River/Stream,,40.4620485,-91.5670776
6,10560001,Des Moines River near Keokuk,10/14/1999 09:50:00,AMBIENT,34256-82-1,Acetochlor,Total,,0.1,ug/l,False,0.1,,,507,UHL001,Actual,SW,Water,,,Lee,07100009,River/Stream,,40.4620485,-91.5670776
6,10560001,Des Moines River near Keokuk,10/14/1999 09:50:00,AMBIENT,51218-45-2,Metolachlor,Total,,0.1,ug/l,False,0.1,,,507,UHL001,Actual,SW,Water,,,Lee,07100009,River/Stream,,40.4620485,-91.5670776
6,10560001,Des Moines River near Keokuk,10/14/1999 09:50:00,AMBIENT,6190-65-4,2-Chloro-4-isopropylamino-6-amino-s-triazine,Total,,0.1,ug/l,False,0.1,,,507,UHL001,Actual,SW,Water,,,Lee,07100009,River/Stream,,40.4620485,-91.5670776
6,10560001,Des Moines River near Keokuk,10/14/1999 09:50:00,AMBIENT,944-22-9,Fonofos,Total,,0.1,ug/l,False,0.1,,,507,UHL001,Actual,SW,Water,,,Lee,07100009,River/Stream,,40.4620485,-91.5670776
6,10560001,Des Moines River near Keokuk,10/14/1999 09:50:00,AMBIENT,1024-57-3,Heptachlor epoxide,Total,,0.05,ug/l,False,0.05,,,508,UHL001,Actual,SW,Water,,,Lee,07100009,River/Stream,,40.4620485,-91.5670776
6,10560001,Des Moines River near Keokuk,10/14/1999 09:50:00,AMBIENT,1031-07-8,Endosulfan sulfate,Total,,0.05,ug/l,False,0.05,,,508,UHL001,Actual,SW,Water,,,Lee,07100009,River/Stream,,40.4620485,-91.5670776
6,10560001,Des Moines River near Keokuk,10/14/1999 09:50:00,AMBIENT,309-00-2,Aldrin,Total,,0.05,ug/l,False,0.05,,,508,UHL001,Actual,SW,Water,,,Lee,07100009,River/Stream,,40.4620485,-91.5670776
6,10560001,Des Moines River near Keokuk,10/14/1999 09:50:00,AMBIENT,319-84-6,.alpha.-Hexachlorocyclohexane,Total,,0.05,ug/l,False,0.05,,,508,UHL001,Actual,SW,Water,,,Lee,07100009,River/Stream,,40.4620485,-91.5670776
6,10560001,Des Moines River near Keokuk,10/14/1999 09:50:00,AMBIENT,319-85-7,.beta.-Hexachlorocyclohexane,Total,,0.05,ug/l,False,0.05,,,508,UHL001,Actual,SW,Water,,,Lee,07100009,River/Stream,,40.4620485,-91.5670776
6,10560001,Des Moines River near Keokuk,10/14/1999 09:50:00,AMBIENT,319-86-8,.delta.-Hexachlorocyclohexane,Total,,0.05,ug/l,False,0.05,,,508,UHL001,Actual,SW,Water,,,Lee,07100009,River/Stream,,40.4620485,-91.5670776
6,10560001,Des Moines River near Keokuk,10/14/1999 09:50:00,AMBIENT,33213-65-9,.beta.-Endosulfan,Total,,0.05,ug/l,False,0.05,,,508,UHL001,Actual,SW,Water,,,Lee,07100009,River/Stream,,40.4620485,-91.5670776
6,10560001,Des Moines River near Keokuk,10/14/1999 09:50:00,AMBIENT,50-29-3,"p,p'-DDT",Total,,0.05,ug/l,False,0.05,,,508,UHL001,Actual,SW,Water,,,Lee,07100009,River/Stream,,40.4620485,-91.5670776
6,10560001,Des Moines River near Keokuk,10/14/1999 09:50:00,AMBIENT,53494-70-5,Endrin ketone,Total,,0.05,ug/l,False,0.05,,,508,UHL001,Actual,SW,Water,,,Lee,07100009,River/Stream,,40.4620485,-91.5670776
6,10560001,Des Moines River near Keokuk,10/14/1999 09:50:00,AMBIENT,57-74-9,Chlordane,Total,,0.2,ug/l,False,0.2,,,508,UHL001,Actual,SW,Water,,,Lee,07100009,River/Stream,,40.4620485,-91.5670776
6,10560001,Des Moines River near Keokuk,10/14/1999 09:50:00,AMBIENT,58-89-9,Lindane,Total,,0.05,ug/l,False,0.05,,,508,UHL001,Actual,SW,Water,,,Lee,07100009,River/Stream,,40.4620485,-91.5670776
6,10560001,Des Moines River near Keokuk,10/14/1999 09:50:00,AMBIENT,60-57-1,Dieldrin,Total,,0.05,ug/l,False,0.05,,,508,UHL001,Actual,SW,Water,,,Lee,07100009,River/Stream,,40.4620485,-91.5670776
6,10560001,Des Moines River near Keokuk,10/14/1999 09:50:00,AMBIENT,72-20-8,Endrin,Total,,0.05,ug/l,False,0.05,,,508,UHL001,Actual,SW,Water,,,Lee,07100009,River/Stream,,40.4620485,-91.5670776
6,10560001,Des Moines River near Keokuk,10/14/1999 09:50:00,AMBIENT,72-43-5,Methoxychlor,Total,,0.05,ug/l,False,0.05,,,508,UHL001,Actual,SW,Water,,,Lee,07100009,River/Stream,,40.4620485,-91.5670776
6,10560001,Des Moines River near Keokuk,10/14/1999 09:50:00,AMBIENT,72-54-8,"p,p'-DDD",Total,,0.05,ug/l,False,0.05,,,508,UHL001,Actual,SW,Water,,,Lee,07100009,River/Stream,,40.4620485,-91.5670776
6,10560001,Des Moines River near Keokuk,10/14/1999 09:50:00,AMBIENT,72-55-9,"p,p'-DDE",Total,,0.05,ug/l,False,0.05,,,508,UHL001,Actual,SW,Water,,,Lee,07100009,River/Stream,,40.4620485,-91.5670776
6,10560001,Des Moines River near Keokuk,10/14/1999 09:50:00,AMBIENT,7421-93-4,Endrin aldehyde,Total,,0.05,ug/l,False,0.05,,,508,UHL001,Actual,SW,Water,,,Lee,07100009,River/Stream,,40.4620485,-91.5670776
6,10560001,Des Moines River near Keokuk,10/14/1999 09:50:00,AMBIENT,76-44-8,Heptachlor,Total,,0.05,ug/l,False,0.05,,,508,UHL001,Actual,SW,Water,,,Lee,07100009,River/Stream,,40.4620485,-91.5670776
6,10560001,Des Moines River near Keokuk,10/14/1999 09:50:00,AMBIENT,8001-35-2,Toxaphene,Total,,1,ug/l,False,1,,,508,UHL001,Actual,SW,Water,,,Lee,07100009,River/Stream,,40.4620485,-91.5670776
6,10560001,Des Moines River near Keokuk,10/14/1999 09:50:00,AMBIENT,959-98-8,.alpha.-Endosulfan,Total,,0.05,ug/l,False,0.05,,,508,UHL001,Actual,SW,Water,,,Lee,07100009,River/Stream,,40.4620485,-91.5670776
6,10560001,Des Moines River near Keokuk,10/14/1999 09:50:00,AMBIENT,CBOD-SC,"Carbonaceous biochemical oxygen demand, standard conditions",Total,,5,mg/l,True,1,,,UnknownBOD,UHL001,Actual,SW,Water,,,Lee,07100009,River/Stream,,40.4620485,-91.5670776
6,10560001,Des Moines River near Keokuk,10/14/1999 09:50:00,AMBIENT,7439-92-1,Lead,Total,,10,ug/l,False,10,,,3113-B,UHL001,Actual,SW,Water,,,Lee,07100009,River/Stream,,40.4620485,-91.5670776
6,10560001,Des Moines River near Keokuk,10/14/1999 09:50:00,AMBIENT,7440-43-9,Cadmium,Total,,1,ug/l,False,1,,,3113-B,UHL001,Actual,SW,Water,,,Lee,07100009,River/Stream,,40.4620485,-91.5670776
6,10560001,Des Moines River near Keokuk,10/14/1999 09:50:00,AMBIENT,11003-45-5,Chlorophyll c,NonFilt,,5,ug/l,True,1,,,10200-H,UHL001,Actual,SW,Water,,,Lee,07100009,River/Stream,,40.4620485,-91.5670776
6,10560001,Des Moines River near Keokuk,10/14/1999 09:50:00,AMBIENT,479-61-8,Chlorophyll a,NonFilt,,75,ug/l,True,1,,,10200-H,UHL001,Actual,SW,Water,,,Lee,07100009,River/Stream,,40.4620485,-91.5670776
6,10560001,Des Moines River near Keokuk,10/14/1999 09:50:00,AMBIENT,519-62-0,Chlorophyll b,NonFilt,,3,ug/l,True,1,,,10200-H,UHL001,Actual,SW,Water,,,Lee,07100009,River/Stream,,40.4620485,-91.5670776
6,10560001,Des Moines River near Keokuk,10/14/1999 09:50:00,AMBIENT,CLR-A-UCP,"Chlorophyll a, uncorrected for pheophytin",NonFilt,,85,ug/l,True,1,,,10200-H,UHL001,Actual,SW,Water,,,Lee,07100009,River/Stream,,40.4620485,-91.5670776
6,10560001,Des Moines River near Keokuk,10/14/1999 09:50:00,AMBIENT,7440-47-3,Chromium,Total,,20,ug/l,False,20,,,200.7(W),UHL001,Actual,SW,Water,,,Lee,07100009,River/Stream,,40.4620485,-91.5670776
6,10560001,Des Moines River near Keokuk,10/14/1999 09:50:00,AMBIENT,7440-50-8,Copper,Total,,10,ug/l,False,10,,,200.7(W),UHL001,Actual,SW,Water,,,Lee,07100009,River/Stream,,40.4620485,-91.5670776
6,10560001,Des Moines River near Keokuk,10/14/1999 09:50:00,AMBIENT,57-12-5,Cyanide,Total,,0.01,mg/l,False,0.01,,,335.2,UHL001,Actual,SW,Water,,,Lee,07100009,River/Stream,,40.4620485,-91.5670776
6,10560001,Des Moines River near Keokuk,04/03/2000 10:10:00,AMBIENT,TSS,Total suspended solids,NonFilt,,66,mg/l,True,1,,,I3765,UHL001,Actual,SW,Water,,,Lee,07100009,River/Stream,,40.4620485,-91.5670776
6,10560001,Des Moines River near Keokuk,04/03/2000 10:10:00,AMBIENT,SPEC-COND,Specific conductance,Total,,490,uS/cm,True,1,,,2510,UHL001,Actual,SW,Water,,,Lee,07100009,River/Stream,,40.4620485,-91.5670776
6,10560001,Des Moines River near Keokuk,04/03/2000 10:10:00,AMBIENT,TURB,Turbidity,Total,,72,NTU,True,1,,,180.1,UHL001,Actual,SW,Water,,,Lee,07100009,River/Stream,,40.4620485,-91.5670776
6,10560001,Des Moines River near Keokuk,05/23/2000 11:30:00,AMBIENT,7782-44-7,Dissolved oxygen (DO),Total,,7,mg/l,True,0.1,,,4500-O-G,,Actual,SW,Water,,,Lee,07100009,River/Stream,,40.4620485,-91.5670776
6,10560001,Des Moines River near Keokuk,05/23/2000 11:30:00,AMBIENT,FLOW,Flow,Total,,1100,cfs,True,,,,USGS CA8,,Actual,SW,Water,,,Lee,07100009,River/Stream,,40.4620485,-91.5670776
6,10560001,Des Moines River near Keokuk,05/23/2000 11:30:00,AMBIENT,PH,pH,Total,,8.4,None,True,,,,4500-H,,Actual,SW,Water,,,Lee,07100009,River/Stream,,40.4620485,-91.5670776
6,10560001,Des Moines River near Keokuk,05/23/2000 11:30:00,AMBIENT,TEMP-WATER,"Temperature, water",Total,,20.5,deg C,True,0,,,2550,,Actual,SW,Water,,,Lee,07100009,River/Stream,,40.4620485,-91.5670776
6,10560001,Des Moines River near Keokuk,05/23/2000 11:30:00,AMBIENT,1918-00-9,Dicamba,Total,,0.2,ug/l,False,0.2,,,515.1,UHL001,Actual,SW,Water,,,Lee,07100009,River/Stream,,40.4620485,-91.5670776
6,10560001,Des Moines River near Keokuk,05/23/2000 11:30:00,AMBIENT,1918-02-01,Picloram,Total,,0.2,ug/l,False,0.2,,,515.1,UHL001,Actual,SW,Water,,,Lee,07100009,River/Stream,,40.4620485,-91.5670776
6,10560001,Des Moines River near Keokuk,05/23/2000 11:30:00,AMBIENT,25057-89-0,Bentazon,Total,,0.2,ug/l,False,0.2,,,515.1,UHL001,Actual,SW,Water,,,Lee,07100009,River/Stream,,40.4620485,-91.5670776
6,10560001,Des Moines River near Keokuk,05/23/2000 11:30:00,AMBIENT,93-72-1,Silvex,Total,,0.2,ug/l,False,0.2,,,515.1,UHL001,Actual,SW,Water,,,Lee,07100009,River/Stream,,40.4620485,-91.5670776
6,10560001,Des Moines River near Keokuk,05/23/2000 11:30:00,AMBIENT,94-75-7,"2,4-D",Total,,0.2,ug/l,False,0.2,,,515.1,UHL001,Actual,SW,Water,,,Lee,07100009,River/Stream,,40.4620485,-91.5670776
6,10560001,Des Moines River near Keokuk,05/23/2000 11:30:00,AMBIENT,1007-28-9,2-Choro-6-ethylamino-4-amino-s-triazine,Total,,0.1,ug/l,False,0.1,,,507,UHL001,Actual,SW,Water,,,Lee,07100009,River/Stream,,40.4620485,-91.5670776
6,10560001,Des Moines River near Keokuk,05/23/2000 11:30:00,AMBIENT,122-34-9,Simazine,Total,,0.1,ug/l,False,0.1,,,507,UHL001,Actual,SW,Water,,,Lee,07100009,River/Stream,,40.4620485,-91.5670776
6,10560001,Des Moines River near Keokuk,05/23/2000 11:30:00,AMBIENT,13071-79-9,Terbufos,Total,,0.1,ug/l,False,0.1,,,507,UHL001,Actual,SW,Water,,,Lee,07100009,River/Stream,,40.4620485,-91.5670776
6,10560001,Des Moines River near Keokuk,05/23/2000 11:30:00,AMBIENT,13194-48-4,Ethoprop,Total,,0.1,ug/l,False,0.1,,,507,UHL001,Actual,SW,Water,,,Lee,07100009,River/Stream,,40.4620485,-91.5670776
6,10560001,Des Moines River near Keokuk,05/23/2000 11:30:00,AMBIENT,1563-66-2,Carbofuran,Total,,0.1,ug/l,False,0.1,,,507,UHL001,Actual,SW,Water,,,Lee,07100009,River/Stream,,40.4620485,-91.5670776
6,10560001,Des Moines River near Keokuk,05/23/2000 11:30:00,AMBIENT,1582-09-8,Trifluralin,Total,,0.1,ug/l,False,0.1,,,507,UHL001,Actual,SW,Water,,,Lee,07100009,River/Stream,,40.4620485,-91.5670776
6,10560001,Des Moines River near Keokuk,05/23/2000 11:30:00,AMBIENT,15972-60-8,Alachlor,Total,,0.1,ug/l,False,0.1,,,507,UHL001,Actual,SW,Water,,,Lee,07100009,River/Stream,,40.4620485,-91.5670776
6,10560001,Des Moines River near Keokuk,05/23/2000 11:30:00,AMBIENT,1912-24-9,Atrazine,Total,,0.25,ug/l,True,0.1,,,507,UHL001,Actual,SW,Water,,,Lee,07100009,River/Stream,,40.4620485,-91.5670776
6,10560001,Des Moines River near Keokuk,05/23/2000 11:30:00,AMBIENT,2008-41-5,Butylate,Total,,0.1,ug/l,False,0.1,,,507,UHL001,Actual,SW,Water,,,Lee,07100009,River/Stream,,40.4620485,-91.5670776
6,10560001,Des Moines River near Keokuk,05/23/2000 11:30:00,AMBIENT,21087-64-9,Metribuzin,Total,,0.1,ug/l,False,0.1,,,507,UHL001,Actual,SW,Water,,,Lee,07100009,River/Stream,,40.4620485,-91.5670776
6,10560001,Des Moines River near Keokuk,05/23/2000 11:30:00,AMBIENT,21725-46-2,Cyanazine,Total,,0.1,ug/l,False,0.1,,,507,UHL001,Actual,SW,Water,,,Lee,07100009,River/Stream,,40.4620485,-91.5670776
6,10560001,Des Moines River near Keokuk,05/23/2000 11:30:00,AMBIENT,2921-88-2,Chlorpyrifos,Total,,0.1,ug/l,False,0.1,,,507,UHL001,Actual,SW,Water,,,Lee,07100009,River/Stream,,40.4620485,-91.5670776
6,10560001,Des Moines River near Keokuk,05/23/2000 11:30:00,AMBIENT,298-02-2,Phorate,Total,,0.1,ug/l,False,0.1,,,507,UHL001,Actual,SW,Water,,,Lee,07100009,River/Stream,,40.4620485,-91.5670776
6,10560001,Des Moines River near Keokuk,05/23/2000 11:30:00,AMBIENT,34256-82-1,Acetochlor,Total,,0.1,ug/l,False,0.1,,,507,UHL001,Actual,SW,Water,,,Lee,07100009,River/Stream,,40.4620485,-91.5670776
6,10560001,Des Moines River near Keokuk,05/23/2000 11:30:00,AMBIENT,51218-45-2,Metolachlor,Total,,0.1,ug/l,False,0.1,,,507,UHL001,Actual,SW,Water,,,Lee,07100009,River/Stream,,40.4620485,-91.5670776
6,10560001,Des Moines River near Keokuk,05/23/2000 11:30:00,AMBIENT,6190-65-4,2-Chloro-4-isopropylamino-6-amino-s-triazine,Total,,0.1,ug/l,False,0.1,,,507,UHL001,Actual,SW,Water,,,Lee,07100009,River/Stream,,40.4620485,-91.5670776
6,10560001,Des Moines River near Keokuk,05/23/2000 11:30:00,AMBIENT,944-22-9,Fonofos,Total,,0.1,ug/l,False,0.1,,,507,UHL001,Actual,SW,Water,,,Lee,07100009,River/Stream,,40.4620485,-91.5670776
6,10560001,Des Moines River near Keokuk,06/21/2000 10:50:00,AMBIENT,11003-45-5,Chlorophyll c,NonFilt,,1,ug/l,True,1,,,10200-H,UHL001,Actual,SW,Water,,,Lee,07100009,River/Stream,,40.4620485,-91.5670776
6,10560001,Des Moines River near Keokuk,06/21/2000 10:50:00,AMBIENT,479-61-8,Chlorophyll a,NonFilt,,35,ug/l,True,1,,,10200-H,UHL001,Actual,SW,Water,,,Lee,07100009,River/Stream,,40.4620485,-91.5670776
6,10560001,Des Moines River near Keokuk,06/21/2000 10:50:00,AMBIENT,519-62-0,Chlorophyll b,NonFilt,,1,ug/l,False,1,,,10200-H,UHL001,Actual,SW,Water,,,Lee,07100009,River/Stream,,40.4620485,-91.5670776
6,10560001,Des Moines River near Keokuk,06/21/2000 10:50:00,AMBIENT,CLR-A-UCP,"Chlorophyll a, uncorrected for pheophytin",NonFilt,,42,ug/l,True,1,,,10200-H,UHL001,Actual,SW,Water,,,Lee,07100009,River/Stream,,40.4620485,-91.5670776
6,10560001,Des Moines River near Keokuk,06/21/2000 10:50:00,AMBIENT,ENTERO,Enterococcus,Total,,2000,MPN/100ml,True,10,,,9230-C,UHL001,Actual,SW,Water,,,Lee,07100009,River/Stream,,40.4620485,-91.5670776
6,10560001,Des Moines River near Keokuk,06/21/2000 10:50:00,AMBIENT,68583-22-2,Escherichia coli,Total,,230,MPN/100ml,True,10,,,APHA 9222 G,UHL001,Actual,SW,Water,,,Lee,07100009,River/Stream,,40.4620485,-91.5670776
6,10560001,Des Moines River near Keokuk,06/21/2000 10:50:00,AMBIENT,FEC-COL,Fecal Coliform,Total,,220,MPN/100ml,True,10,,,9222-D,UHL001,Actual,SW,Water,,,Lee,07100009,River/Stream,,40.4620485,-91.5670776
6,10560001,Des Moines River near Keokuk,06/21/2000 10:50:00,AMBIENT,HARD-CARB,"Hardness, carbonate",Total,,230,mg/l,True,1,,,Unknown,UHL001,Actual,SW,Water,,,Lee,07100009,River/Stream,,40.4620485,-91.5670776
6,10560001,Des Moines River near Keokuk,06/21/2000 10:50:00,AMBIENT,NIT-AMM,Ammonia-nitrogen (as N),Total,,0.1,mg/l,False,0.1,,,Unknown,UHL001,Actual,SW,Water,,,Lee,07100009,River/Stream,,40.4620485,-91.5670776
6,10560001,Des Moines River near Keokuk,06/21/2000 10:50:00,AMBIENT,NIT-KJELD,Kjeldahl nitrogen (AS N),Total,,0.6,mg/l,True,0.1,,,Unknown,UHL001,Actual,SW,Water,,,Lee,07100009,River/Stream,,40.4620485,-91.5670776
6,10560001,Des Moines River near Keokuk,06/21/2000 10:50:00,AMBIENT,NIT-NO3-NO2,Inorganic nitrogen (nitrate and nitrite) (as N),Total,,1.6,mg/l,True,0.1,,,Unknown,UHL001,Actual,SW,Water,,,Lee,07100009,River/Stream,,40.4620485,-91.5670776
6,10560001,Des Moines River near Keokuk,06/21/2000 10:50:00,AMBIENT,PHOSP-PHOSP,Phosphate-phosphorus (as P),Total,,0.2,mg/l,True,0.1,,,Unknown,UHL001,Actual,SW,Water,,,Lee,07100009,River/Stream,,40.4620485,-91.5670776
6,10560001,Des Moines River near Keokuk,06/21/2000 10:50:00,AMBIENT,603-17-8,Pheophytin a,NonFilt,,8,ug/l,True,1,,,10200H(2),UHL001,Actual,SW,Water,,,Lee,07100009,River/Stream,,40.4620485,-91.5670776
6,10560001,Des Moines River near Keokuk,06/21/2000 10:50:00,AMBIENT,14265-44-2,Orthophosphate (as P),Dissolved,,0.5,mg/l,True,0.1,,,Unknown,UHL001,Actual,SW,Water,,,Lee,07100009,River/Stream,,40.4620485,-91.5670776
6,10560001,Des Moines River near Keokuk,06/21/2000 10:50:00,AMBIENT,7631-86-9,Silica,Dissolved,,2.6,mg/l,True,1,,,370.1,UHL001,Actual,SW,Water,,,Lee,07100009,River/Stream,,40.4620485,-91.5670776
6,10560001,Des Moines River near Keokuk,06/21/2000 10:50:00,AMBIENT,TDS,Total dissolved solids,Dissolved,,340,mg/l,True,1,,,160.1,UHL001,Actual,SW,Water,,,Lee,07100009,River/Stream,,40.4620485,-91.5670776
6,10560001,Des Moines River near Keokuk,06/21/2000 10:50:00,AMBIENT,TSS,Total suspended solids,NonFilt,,130,mg/l,True,1,,,I3765,UHL001,Actual,SW,Water,,,Lee,07100009,River/Stream,,40.4620485,-91.5670776
6,10560001,Des Moines River near Keokuk,06/21/2000 10:50:00,AMBIENT,SPEC-COND,Specific conductance,Total,,540,uS/cm,True,1,,,2510,UHL001,Actual,SW,Water,,,Lee,07100009,River/Stream,,40.4620485,-91.5670776
6,10560001,Des Moines River near Keokuk,06/21/2000 10:50:00,AMBIENT,TURB,Turbidity,Total,,94,NTU,True,1,,,180.1,UHL001,Actual,SW,Water,,,Lee,07100009,River/Stream,,40.4620485,-91.5670776
6,10560001,Des Moines River near Keokuk,07/18/2000 11:15:00,AMBIENT,7782-44-7,Dissolved oxygen (DO),Total,,7.8,mg/l,True,0.1,,,4500-O-G,,Actual,SW,Water,,,Lee,07100009,River/Stream,,40.4620485,-91.5670776
6,10560001,Des Moines River near Keokuk,07/18/2000 11:15:00,AMBIENT,FLOW,Flow,Total,,7750,cfs,True,,,,USGS CA8,,Actual,SW,Water,,,Lee,07100009,River/Stream,,40.4620485,-91.5670776
6,10560001,Des Moines River near Keokuk,07/18/2000 11:15:00,AMBIENT,PH,pH,Total,,8.3,None,True,,,,4500-H,,Actual,SW,Water,,,Lee,07100009,River/Stream,,40.4620485,-91.5670776
6,10560001,Des Moines River near Keokuk,07/18/2000 11:15:00,AMBIENT,TEMP-WATER,"Temperature, water",Total,,26,deg C,True,0,,,2550,,Actual,SW,Water,,,Lee,07100009,River/Stream,,40.4620485,-91.5670776
6,10560001,Des Moines River near Keokuk,07/18/2000 11:15:00,AMBIENT,1007-28-9,2-Choro-6-ethylamino-4-amino-s-triazine,Total,,0.1,ug/l,False,0.1,,,507,UHL001,Actual,SW,Water,,,Lee,07100009,River/Stream,,40.4620485,-91.5670776
6,10560001,Des Moines River near Keokuk,07/18/2000 11:15:00,AMBIENT,122-34-9,Simazine,Total,,0.1,ug/l,False,0.1,,,507,UHL001,Actual,SW,Water,,,Lee,07100009,River/Stream,,40.4620485,-91.5670776
6,10560001,Des Moines River near Keokuk,07/18/2000 11:15:00,AMBIENT,1582-09-8,Trifluralin,Total,,0.1,ug/l,False,0.1,,,507,UHL001,Actual,SW,Water,,,Lee,07100009,River/Stream,,40.4620485,-91.5670776
6,10560001,Des Moines River near Keokuk,07/18/2000 11:15:00,AMBIENT,15972-60-8,Alachlor,Total,,0.1,ug/l,False,0.1,,,507,UHL001,Actual,SW,Water,,,Lee,07100009,River/Stream,,40.4620485,-91.5670776
6,10560001,Des Moines River near Keokuk,07/18/2000 11:15:00,AMBIENT,1912-24-9,Atrazine,Total,,0.83,ug/l,True,0.1,,,507,UHL001,Actual,SW,Water,,,Lee,07100009,River/Stream,,40.4620485,-91.5670776
6,10560001,Des Moines River near Keokuk,07/18/2000 11:15:00,AMBIENT,2008-41-5,Butylate,Total,,0.1,ug/l,False,0.1,,,507,UHL001,Actual,SW,Water,,,Lee,07100009,River/Stream,,40.4620485,-91.5670776
6,10560001,Des Moines River near Keokuk,07/18/2000 11:15:00,AMBIENT,21087-64-9,Metribuzin,Total,,0.1,ug/l,False,0.1,,,507,UHL001,Actual,SW,Water,,,Lee,07100009,River/Stream,,40.4620485,-91.5670776
6,10560001,Des Moines River near Keokuk,07/18/2000 11:15:00,AMBIENT,21725-46-2,Cyanazine,Total,,0.1,ug/l,False,0.1,,,507,UHL001,Actual,SW,Water,,,Lee,07100009,River/Stream,,40.4620485,-91.5670776
6,10560001,Des Moines River near Keokuk,07/18/2000 11:15:00,AMBIENT,34256-82-1,Acetochlor,Total,,0.1,ug/l,False,0.1,,,507,UHL001,Actual,SW,Water,,,Lee,07100009,River/Stream,,40.4620485,-91.5670776
6,10560001,Des Moines River near Keokuk,07/18/2000 11:15:00,AMBIENT,51218-45-2,Metolachlor,Total,,0.22,ug/l,True,0.1,,,507,UHL001,Actual,SW,Water,,,Lee,07100009,River/Stream,,40.4620485,-91.5670776
6,10560001,Des Moines River near Keokuk,07/18/2000 11:15:00,AMBIENT,6190-65-4,2-Chloro-4-isopropylamino-6-amino-s-triazine,Total,,0.22,ug/l,True,0.1,,,507,UHL001,Actual,SW,Water,,,Lee,07100009,River/Stream,,40.4620485,-91.5670776
6,10560001,Des Moines River near Keokuk,07/18/2000 11:15:00,AMBIENT,CBOD-SC,"Carbonaceous biochemical oxygen demand, standard conditions",Total,,1,mg/l,False,1,,,UnknownBOD,UHL001,Actual,SW,Water,,,Lee,07100009,River/Stream,,40.4620485,-91.5670776
6,10560001,Des Moines River near Keokuk,07/18/2000 11:15:00,AMBIENT,7439-92-1,Lead,Total,,10,ug/l,False,10,,,3113-B,UHL001,Actual,SW,Water,,,Lee,07100009,River/Stream,,40.4620485,-91.5670776
6,10560001,Des Moines River near Keokuk,07/18/2000 11:15:00,AMBIENT,7440-43-9,Cadmium,Total,,1,ug/l,False,1,,,3113-B,UHL001,Actual,SW,Water,,,Lee,07100009,River/Stream,,40.4620485,-91.5670776
6,10560001,Des Moines River near Keokuk,07/18/2000 11:15:00,AMBIENT,11003-45-5,Chlorophyll c,NonFilt,,1,ug/l,False,1,,,10200-H,UHL001,Actual,SW,Water,,,Lee,07100009,River/Stream,,40.4620485,-91.5670776
6,10560001,Des Moines River near Keokuk,07/18/2000 11:15:00,AMBIENT,479-61-8,Chlorophyll a,NonFilt,,34,ug/l,True,1,,,10200-H,UHL001,Actual,SW,Water,,,Lee,07100009,River/Stream,,40.4620485,-91.5670776
6,10560001,Des Moines River near Keokuk,07/18/2000 11:15:00,AMBIENT,519-62-0,Chlorophyll b,NonFilt,,1,ug/l,False,1,,,10200-H,UHL001,Actual,SW,Water,,,Lee,07100009,River/Stream,,40.4620485,-91.5670776
6,10560001,Des Moines River near Keokuk,07/18/2000 11:15:00,AMBIENT,CLR-A-UCP,"Chlorophyll a, uncorrected for pheophytin",NonFilt,,42,ug/l,True,1,,,10200-H,UHL001,Actual,SW,Water,,,Lee,07100009,River/Stream,,40.4620485,-91.5670776
6,10560001,Des Moines River near Keokuk,08/21/2000 11:40:00,AMBIENT,7782-44-7,Dissolved oxygen (DO),Total,,9.5,mg/l,True,0.1,,,4500-O-G,,Actual,SW,Water,,,Lee,07100009,River/Stream,,40.4620485,-91.5670776
6,10560001,Des Moines River near Keokuk,08/21/2000 11:40:00,AMBIENT,FLOW,Flow,Total,,3400,cfs,True,,,,USGS CA8,,Actual,SW,Water,,,Lee,07100009,River/Stream,,40.4620485,-91.5670776
6,10560001,Des Moines River near Keokuk,08/21/2000 11:40:00,AMBIENT,PH,pH,Total,,8.6,None,True,,,,4500-H,,Actual,SW,Water,,,Lee,07100009,River/Stream,,40.4620485,-91.5670776
6,10560001,Des Moines River near Keokuk,08/21/2000 11:40:00,AMBIENT,TEMP-WATER,"Temperature, water",Total,,22.5,deg C,True,0,,,2550,,Actual,SW,Water,,,Lee,07100009,River/Stream,,40.4620485,-91.5670776
6,10560001,Des Moines River near Keokuk,08/21/2000 11:40:00,AMBIENT,1007-28-9,2-Choro-6-ethylamino-4-amino-s-triazine,Total,,0.1,ug/l,False,0.1,,,507,UHL001,Actual,SW,Water,,,Lee,07100009,River/Stream,,40.4620485,-91.5670776
6,10560001,Des Moines River near Keokuk,08/21/2000 11:40:00,AMBIENT,122-34-9,Simazine,Total,,0.12,ug/l,True,0.1,,,507,UHL001,Actual,SW,Water,,,Lee,07100009,River/Stream,,40.4620485,-91.5670776
6,10560001,Des Moines River near Keokuk,08/21/2000 11:40:00,AMBIENT,1582-09-8,Trifluralin,Total,,0.1,ug/l,False,0.1,,,507,UHL001,Actual,SW,Water,,,Lee,07100009,River/Stream,,40.4620485,-91.5670776
6,10560001,Des Moines River near Keokuk,08/21/2000 11:40:00,AMBIENT,15972-60-8,Alachlor,Total,,0.1,ug/l,False,0.1,,,507,UHL001,Actual,SW,Water,,,Lee,07100009,River/Stream,,40.4620485,-91.5670776
6,10560001,Des Moines River near Keokuk,08/21/2000 11:40:00,AMBIENT,1912-24-9,Atrazine,Total,,0.42,ug/l,True,0.1,,,507,UHL001,Actual,SW,Water,,,Lee,07100009,River/Stream,,40.4620485,-91.5670776
6,10560001,Des Moines River near Keokuk,08/21/2000 11:40:00,AMBIENT,2008-41-5,Butylate,Total,,0.1,ug/l,False,0.1,,,507,UHL001,Actual,SW,Water,,,Lee,07100009,River/Stream,,40.4620485,-91.5670776
6,10560001,Des Moines River near Keokuk,08/21/2000 11:40:00,AMBIENT,21087-64-9,Metribuzin,Total,,0.1,ug/l,False,0.1,,,507,UHL001,Actual,SW,Water,,,Lee,07100009,River/Stream,,40.4620485,-91.5670776
6,10560001,Des Moines River near Keokuk,08/21/2000 11:40:00,AMBIENT,21725-46-2,Cyanazine,Total,,0.1,ug/l,False,0.1,,,507,UHL001,Actual,SW,Water,,,Lee,07100009,River/Stream,,40.4620485,-91.5670776
6,10560001,Des Moines River near Keokuk,08/21/2000 11:40:00,AMBIENT,34256-82-1,Acetochlor,Total,,0.1,ug/l,False,0.1,,,507,UHL001,Actual,SW,Water,,,Lee,07100009,River/Stream,,40.4620485,-91.5670776
6,10560001,Des Moines River near Keokuk,08/21/2000 11:40:00,AMBIENT,51218-45-2,Metolachlor,Total,,0.1,ug/l,False,0.1,,,507,UHL001,Actual,SW,Water,,,Lee,07100009,River/Stream,,40.4620485,-91.5670776
6,10560001,Des Moines River near Keokuk,08/21/2000 11:40:00,AMBIENT,6190-65-4,2-Chloro-4-isopropylamino-6-amino-s-triazine,Total,,0.13,ug/l,True,0.1,,,507,UHL001,Actual,SW,Water,,,Lee,07100009,River/Stream,,40.4620485,-91.5670776
6,10560001,Des Moines River near Keokuk,08/21/2000 11:40:00,AMBIENT,CBOD-SC,"Carbonaceous biochemical oxygen demand, standard conditions",Total,,5,mg/l,True,1,,,UnknownBOD,UHL001,Actual,SW,Water,,,Lee,07100009,River/Stream,,40.4620485,-91.5670776
6,10560001,Des Moines River near Keokuk,08/21/2000 11:40:00,AMBIENT,11003-45-5,Chlorophyll c,NonFilt,,6,ug/l,True,1,,,10200-H,UHL001,Actual,SW,Water,,,Lee,07100009,River/Stream,,40.4620485,-91.5670776
6,10560001,Des Moines River near Keokuk,08/21/2000 11:40:00,AMBIENT,479-61-8,Chlorophyll a,NonFilt,,113,ug/l,True,1,,,10200-H,UHL001,Actual,SW,Water,,,Lee,07100009,River/Stream,,40.4620485,-91.5670776
6,10560001,Des Moines River near Keokuk,08/21/2000 11:40:00,AMBIENT,519-62-0,Chlorophyll b,NonFilt,,2,ug/l,True,1,,,10200-H,UHL001,Actual,SW,Water,,,Lee,07100009,River/Stream,,40.4620485,-91.5670776
6,10560001,Des Moines River near Keokuk,08/21/2000 11:40:00,AMBIENT,CLR-A-UCP,"Chlorophyll a, uncorrected for pheophytin",NonFilt,,123,ug/l,True,1,,,10200-H,UHL001,Actual,SW,Water,,,Lee,07100009,River/Stream,,40.4620485,-91.5670776
6,10560001,Des Moines River near Keokuk,08/21/2000 11:40:00,AMBIENT,TDS,Total dissolved solids,Dissolved,,330,mg/l,True,1,,,160.1,UHL001,Actual,SW,Water,,,Lee,07100009,River/Stream,,40.4620485,-91.5670776
6,10560001,Des Moines River near Keokuk,08/21/2000 11:40:00,AMBIENT,TSS,Total suspended solids,NonFilt,,60,mg/l,True,1,,,I3765,UHL001,Actual,SW,Water,,,Lee,07100009,River/Stream,,40.4620485,-91.5670776
6,10560001,Des Moines River near Keokuk,08/21/2000 11:40:00,AMBIENT,SPEC-COND,Specific conductance,Total,,460,uS/cm,True,1,,,2510,UHL001,Actual,SW,Water,,,Lee,07100009,River/Stream,,40.4620485,-91.5670776
6,10560001,Des Moines River near Keokuk,08/21/2000 11:40:00,AMBIENT,TURB,Turbidity,Total,,30,NTU,True,1,,,180.1,UHL001,Actual,SW,Water,,,Lee,07100009,River/Stream,,40.4620485,-91.5670776
6,10560001,Des Moines River near Keokuk,09/14/2000 10:25:00,AMBIENT,7782-44-7,Dissolved oxygen (DO),Total,,8.7,mg/l,True,0.1,,,4500-O-G,,Actual,SW,Water,,,Lee,07100009,River/Stream,,40.4620485,-91.5670776
6,10560001,Des Moines River near Keokuk,09/14/2000 10:25:00,AMBIENT,FLOW,Flow,Total,,1400,cfs,True,,,,USGS CA8,,Actual,SW,Water,,,Lee,07100009,River/Stream,,40.4620485,-91.5670776
6,10560001,Des Moines River near Keokuk,09/14/2000 10:25:00,AMBIENT,PH,pH,Total,,8.4,None,True,,,,4500-H,,Actual,SW,Water,,,Lee,07100009,River/Stream,,40.4620485,-91.5670776
6,10560001,Des Moines River near Keokuk,09/14/2000 10:25:00,AMBIENT,TEMP-WATER,"Temperature, water",Total,,23.5,deg C,True,0,,,2550,,Actual,SW,Water,,,Lee,07100009,River/Stream,,40.4620485,-91.5670776
6,10560001,Des Moines River near Keokuk,09/14/2000 10:25:00,AMBIENT,1007-28-9,2-Choro-6-ethylamino-4-amino-s-triazine,Total,,0.1,ug/l,False,0.1,,,507,UHL001,Actual,SW,Water,,,Lee,07100009,River/Stream,,40.4620485,-91.5670776
6,10560001,Des Moines River near Keokuk,09/14/2000 10:25:00,AMBIENT,122-34-9,Simazine,Total,,0.1,ug/l,False,0.1,,,507,UHL001,Actual,SW,Water,,,Lee,07100009,River/Stream,,40.4620485,-91.5670776
6,10560001,Des Moines River near Keokuk,09/14/2000 10:25:00,AMBIENT,1582-09-8,Trifluralin,Total,,0.1,ug/l,False,0.1,,,507,UHL001,Actual,SW,Water,,,Lee,07100009,River/Stream,,40.4620485,-91.5670776
6,10560001,Des Moines River near Keokuk,09/14/2000 10:25:00,AMBIENT,15972-60-8,Alachlor,Total,,0.1,ug/l,False,0.1,,,507,UHL001,Actual,SW,Water,,,Lee,07100009,River/Stream,,40.4620485,-91.5670776
6,10560001,Des Moines River near Keokuk,09/14/2000 10:25:00,AMBIENT,1912-24-9,Atrazine,Total,,0.21,ug/l,True,0.1,,,507,UHL001,Actual,SW,Water,,,Lee,07100009,River/Stream,,40.4620485,-91.5670776
6,10560001,Des Moines River near Keokuk,09/14/2000 10:25:00,AMBIENT,2008-41-5,Butylate,Total,,0.1,ug/l,False,0.1,,,507,UHL001,Actual,SW,Water,,,Lee,07100009,River/Stream,,40.4620485,-91.5670776
6,10560001,Des Moines River near Keokuk,09/14/2000 10:25:00,AMBIENT,21087-64-9,Metribuzin,Total,,0.1,ug/l,False,0.1,,,507,UHL001,Actual,SW,Water,,,Lee,07100009,River/Stream,,40.4620485,-91.5670776
6,10560001,Des Moines River near Keokuk,09/14/2000 10:25:00,AMBIENT,21725-46-2,Cyanazine,Total,,0.1,ug/l,False,0.1,,,507,UHL001,Actual,SW,Water,,,Lee,07100009,River/Stream,,40.4620485,-91.5670776
6,10560001,Des Moines River near Keokuk,09/14/2000 10:25:00,AMBIENT,34256-82-1,Acetochlor,Total,,0.1,ug/l,False,0.1,,,507,UHL001,Actual,SW,Water,,,Lee,07100009,River/Stream,,40.4620485,-91.5670776
6,10560001,Des Moines River near Keokuk,09/14/2000 10:25:00,AMBIENT,51218-45-2,Metolachlor,Total,,0.1,ug/l,False,0.1,,,507,UHL001,Actual,SW,Water,,,Lee,07100009,River/Stream,,40.4620485,-91.5670776
6,10560001,Des Moines River near Keokuk,09/14/2000 10:25:00,AMBIENT,6190-65-4,2-Chloro-4-isopropylamino-6-amino-s-triazine,Total,,0.1,ug/l,False,0.1,,,507,UHL001,Actual,SW,Water,,,Lee,07100009,River/Stream,,40.4620485,-91.5670776
6,10560001,Des Moines River near Keokuk,09/14/2000 10:25:00,AMBIENT,603-17-8,Pheophytin a,NonFilt,,9,ug/l,True,1,,,10200H(2),UHL001,Actual,SW,Water,,,Lee,07100009,River/Stream,,40.4620485,-91.5670776
6,10560001,Des Moines River near Keokuk,09/14/2000 10:25:00,AMBIENT,14265-44-2,Orthophosphate (as P),Dissolved,,0.1,mg/l,False,0.1,,,Unknown,UHL001,Actual,SW,Water,,,Lee,07100009,River/Stream,,40.4620485,-91.5670776
6,10560001,Des Moines River near Keokuk,09/14/2000 10:25:00,AMBIENT,7631-86-9,Silica,Dissolved,,10,mg/l,True,1,,,370.1,UHL001,Actual,SW,Water,,,Lee,07100009,River/Stream,,40.4620485,-91.5670776
6,10560001,Des Moines River near Keokuk,09/14/2000 10:25:00,AMBIENT,TDS,Total dissolved solids,Dissolved,,250,mg/l,True,1,,,160.1,UHL001,Actual,SW,Water,,,Lee,07100009,River/Stream,,40.4620485,-91.5670776
6,10560001,Des Moines River near Keokuk,09/14/2000 10:25:00,AMBIENT,TSS,Total suspended solids,NonFilt,,28,mg/l,True,1,,,I3765,UHL001,Actual,SW,Water,,,Lee,07100009,River/Stream,,40.4620485,-91.5670776
6,10560001,Des Moines River near Keokuk,09/14/2000 10:25:00,AMBIENT,SPEC-COND,Specific conductance,Total,,430,uS/cm,True,1,,,2510,UHL001,Actual,SW,Water,,,Lee,07100009,River/Stream,,40.4620485,-91.5670776
6,10560001,Des Moines River near Keokuk,09/14/2000 10:25:00,AMBIENT,TURB,Turbidity,Total,,21,NTU,True,1,,,180.1,UHL001,Actual,SW,Water,,,Lee,07100009,River/Stream,,40.4620485,-91.5670776
6,10560001,Des Moines River near Keokuk,11/01/1999 10:30:00,AMBIENT,1007-28-9,2-Choro-6-ethylamino-4-amino-s-triazine,Total,,0.1,ug/l,False,0.1,,,507,UHL001,Actual,SW,Water,,,Lee,07100009,River/Stream,,40.4620485,-91.5670776
6,10560001,Des Moines River near Keokuk,11/01/1999 10:30:00,AMBIENT,1582-09-8,Trifluralin,Total,,0.1,ug/l,False,0.1,,,507,UHL001,Actual,SW,Water,,,Lee,07100009,River/Stream,,40.4620485,-91.5670776
6,10560001,Des Moines River near Keokuk,11/01/1999 10:30:00,AMBIENT,15972-60-8,Alachlor,Total,,0.1,ug/l,False,0.1,,,507,UHL001,Actual,SW,Water,,,Lee,07100009,River/Stream,,40.4620485,-91.5670776
6,10560001,Des Moines River near Keokuk,11/01/1999 10:30:00,AMBIENT,1912-24-9,Atrazine,Total,,0.2,ug/l,True,0.1,,,507,UHL001,Actual,SW,Water,,,Lee,07100009,River/Stream,,40.4620485,-91.5670776
6,10560001,Des Moines River near Keokuk,11/01/1999 10:30:00,AMBIENT,2008-41-5,Butylate,Total,,0.1,ug/l,False,0.1,,,507,UHL001,Actual,SW,Water,,,Lee,07100009,River/Stream,,40.4620485,-91.5670776
6,10560001,Des Moines River near Keokuk,11/01/1999 10:30:00,AMBIENT,21087-64-9,Metribuzin,Total,,0.1,ug/l,False,0.1,,,507,UHL001,Actual,SW,Water,,,Lee,07100009,River/Stream,,40.4620485,-91.5670776
6,10560001,Des Moines River near Keokuk,11/01/1999 10:30:00,AMBIENT,21725-46-2,Cyanazine,Total,,0.1,ug/l,False,0.1,,,507,UHL001,Actual,SW,Water,,,Lee,07100009,River/Stream,,40.4620485,-91.5670776
6,10560001,Des Moines River near Keokuk,11/01/1999 10:30:00,AMBIENT,34256-82-1,Acetochlor,Total,,0.1,ug/l,False,0.1,,,507,UHL001,Actual,SW,Water,,,Lee,07100009,River/Stream,,40.4620485,-91.5670776
6,10560001,Des Moines River near Keokuk,11/01/1999 10:30:00,AMBIENT,51218-45-2,Metolachlor,Total,,0.1,ug/l,False,0.1,,,507,UHL001,Actual,SW,Water,,,Lee,07100009,River/Stream,,40.4620485,-91.5670776
6,10560001,Des Moines River near Keokuk,11/01/1999 10:30:00,AMBIENT,6190-65-4,2-Chloro-4-isopropylamino-6-amino-s-triazine,Total,,0.1,ug/l,False,0.1,,,507,UHL001,Actual,SW,Water,,,Lee,07100009,River/Stream,,40.4620485,-91.5670776
6,10560001,Des Moines River near Keokuk,11/01/1999 10:30:00,AMBIENT,CBOD-SC,"Carbonaceous biochemical oxygen demand, standard conditions",Total,,4,mg/l,True,1,,,UnknownBOD,UHL001,Actual,SW,Water,,,Lee,07100009,River/Stream,,40.4620485,-91.5670776
6,10560001,Des Moines River near Keokuk,11/01/1999 10:30:00,AMBIENT,11003-45-5,Chlorophyll c,NonFilt,,9,ug/l,True,1,,,10200-H,UHL001,Actual,SW,Water,,,Lee,07100009,River/Stream,,40.4620485,-91.5670776
6,10560001,Des Moines River near Keokuk,11/01/1999 10:30:00,AMBIENT,479-61-8,Chlorophyll a,NonFilt,,89,ug/l,True,1,,,10200-H,UHL001,Actual,SW,Water,,,Lee,07100009,River/Stream,,40.4620485,-91.5670776
6,10560001,Des Moines River near Keokuk,11/01/1999 10:30:00,AMBIENT,519-62-0,Chlorophyll b,NonFilt,,1,ug/l,False,1,,,10200-H,UHL001,Actual,SW,Water,,,Lee,07100009,River/Stream,,40.4620485,-91.5670776
6,10560001,Des Moines River near Keokuk,11/01/1999 10:30:00,AMBIENT,CLR-A-UCP,"Chlorophyll a, uncorrected for pheophytin",NonFilt,,103,ug/l,True,1,,,10200-H,UHL001,Actual,SW,Water,,,Lee,07100009,River/Stream,,40.4620485,-91.5670776
6,10560001,Des Moines River near Keokuk,11/01/1999 10:30:00,AMBIENT,ENTERO,Enterococcus,Total,,10,MPN/100ml,True,10,,,9230-C,UHL001,Actual,SW,Water,,,Lee,07100009,River/Stream,,40.4620485,-91.5670776
6,10560001,Des Moines River near Keokuk,11/01/1999 10:30:00,AMBIENT,68583-22-2,Escherichia coli,Total,,10,MPN/100ml,True,10,,,9213-D,UHL001,Actual,SW,Water,,,Lee,07100009,River/Stream,,40.4620485,-91.5670776
6,10560001,Des Moines River near Keokuk,11/01/1999 10:30:00,AMBIENT,TURB,Turbidity,Total,,22,NTU,True,1,,,180.1,UHL001,Actual,SW,Water,,,Lee,07100009,River/Stream,,40.4620485,-91.5670776
6,10560001,Des Moines River near Keokuk,05/01/2001 11:00:00,AMBIENT,7782-44-7,Dissolved oxygen (DO),Total,,10,mg/l,True,0.1,,,4500-O-G,,Actual,SW,Water,,,Lee,07100009,River/Stream,,40.4620485,-91.5670776
6,10560001,Des Moines River near Keokuk,05/01/2001 11:00:00,AMBIENT,FLOW,Flow,Total,,6900,cfs,True,0,,,USGS CA8,,Actual,SW,Water,,,Lee,07100009,River/Stream,,40.4620485,-91.5670776
6,10560001,Des Moines River near Keokuk,05/01/2001 11:00:00,AMBIENT,PH,pH,Total,,8.2,None,True,,,,4500-H,,Actual,SW,Water,,,Lee,07100009,River/Stream,,40.4620485,-91.5670776
6,10560001,Des Moines River near Keokuk,05/01/2001 11:00:00,AMBIENT,TEMP-WATER,"Temperature, water",Total,,20,deg C,True,0,,,2550,,Actual,SW,Water,,,Lee,07100009,River/Stream,,40.4620485,-91.5670776
6,10560001,Des Moines River near Keokuk,05/01/2001 11:00:00,AMBIENT,120-36-5,Dichlorprop,Total,,0.2,ug/l,False,0.2,,,515.1,UHL001,Actual,SW,Water,,,Lee,07100009,River/Stream,,40.4620485,-91.5670776
6,10560001,Des Moines River near Keokuk,05/01/2001 11:00:00,AMBIENT,133-90-4,Chloramben,Total,,0.2,ug/l,False,0.2,,,515.1,UHL001,Actual,SW,Water,,,Lee,07100009,River/Stream,,40.4620485,-91.5670776
6,10560001,Des Moines River near Keokuk,05/01/2001 11:00:00,AMBIENT,1689-84-5,Bromoxynil,Total,,0.2,ug/l,False,0.2,,,515.1,UHL001,Actual,SW,Water,,,Lee,07100009,River/Stream,,40.4620485,-91.5670776
6,10560001,Des Moines River near Keokuk,05/01/2001 11:00:00,AMBIENT,1861-32-1,Chlorthal-dimethyl,Total,,0.2,ug/l,False,0.2,,,515.1,UHL001,Actual,SW,Water,,,Lee,07100009,River/Stream,,40.4620485,-91.5670776
6,10560001,Des Moines River near Keokuk,05/01/2001 11:00:00,AMBIENT,1918-00-9,Dicamba,Total,,0.2,ug/l,False,0.2,,,515.1,UHL001,Actual,SW,Water,,,Lee,07100009,River/Stream,,40.4620485,-91.5670776
6,10560001,Des Moines River near Keokuk,05/01/2001 11:00:00,AMBIENT,1918-02-01,Picloram,Total,,0.2,ug/l,False,0.2,,,515.1,UHL001,Actual,SW,Water,,,Lee,07100009,River/Stream,,40.4620485,-91.5670776
6,10560001,Des Moines River near Keokuk,05/01/2001 11:00:00,AMBIENT,25057-89-0,Bentazon,Total,,0.2,ug/l,False,0.2,,,515.1,UHL001,Actual,SW,Water,,,Lee,07100009,River/Stream,,40.4620485,-91.5670776
6,10560001,Des Moines River near Keokuk,05/01/2001 11:00:00,AMBIENT,50594-66-6,Acifluorfen,Total,,0.2,ug/l,False,0.2,,,515.1,UHL001,Actual,SW,Water,,,Lee,07100009,River/Stream,,40.4620485,-91.5670776
6,10560001,Des Moines River near Keokuk,05/01/2001 11:00:00,AMBIENT,55335-06-3,Triclopyr,Total,,0.2,ug/l,False,0.2,,,515.1,UHL001,Actual,SW,Water,,,Lee,07100009,River/Stream,,40.4620485,-91.5670776
6,10560001,Des Moines River near Keokuk,05/01/2001 11:00:00,AMBIENT,75-99-0,Dalapon,Total,,0.2,ug/l,False,0.2,,,515.1,UHL001,Actual,SW,Water,,,Lee,07100009,River/Stream,,40.4620485,-91.5670776
6,10560001,Des Moines River near Keokuk,05/01/2001 11:00:00,AMBIENT,87-86-5,Pentachlorophenol,Total,,0.2,ug/l,False,0.2,,,515.1,UHL001,Actual,SW,Water,,,Lee,07100009,River/Stream,,40.4620485,-91.5670776
6,10560001,Des Moines River near Keokuk,05/01/2001 11:00:00,AMBIENT,88-85-7,Dinoseb,Total,,0.2,ug/l,False,0.2,,,515.1,UHL001,Actual,SW,Water,,,Lee,07100009,River/Stream,,40.4620485,-91.5670776
6,10560001,Des Moines River near Keokuk,05/01/2001 11:00:00,AMBIENT,93-72-1,Silvex,Total,,0.2,ug/l,False,0.2,,,515.1,UHL001,Actual,SW,Water,,,Lee,07100009,River/Stream,,40.4620485,-91.5670776
6,10560001,Des Moines River near Keokuk,05/01/2001 11:00:00,AMBIENT,93-76-5,"2,4,5-T",Total,,0.2,ug/l,False,0.2,,,515.1,UHL001,Actual,SW,Water,,,Lee,07100009,River/Stream,,40.4620485,-91.5670776
6,10560001,Des Moines River near Keokuk,05/01/2001 11:00:00,AMBIENT,94-74-6,MCPA,Total,,200,ug/l,False,200,,,515.1,UHL001,Actual,SW,Water,,,Lee,07100009,River/Stream,,40.4620485,-91.5670776
6,10560001,Des Moines River near Keokuk,05/01/2001 11:00:00,AMBIENT,94-75-7,"2,4-D",Total,,0.2,ug/l,False,0.2,,,515.1,UHL001,Actual,SW,Water,,,Lee,07100009,River/Stream,,40.4620485,-91.5670776
6,10560001,Des Moines River near Keokuk,05/01/2001 11:00:00,AMBIENT,94-82-6,"2,4-DB",Total,,0.2,ug/l,False,0.2,,,515.1,UHL001,Actual,SW,Water,,,Lee,07100009,River/Stream,,40.4620485,-91.5670776
6,10560001,Des Moines River near Keokuk,05/01/2001 11:00:00,AMBIENT,1007-28-9,2-Choro-6-ethylamino-4-amino-s-triazine,Total,,0.05,ug/l,False,0.05,,,507,UHL001,Actual,SW,Water,,,Lee,07100009,River/Stream,,40.4620485,-91.5670776
6,10560001,Des Moines River near Keokuk,05/01/2001 11:00:00,AMBIENT,121-75-5,Malathion,Total,,0.05,ug/l,False,0.05,,,507,UHL001,Actual,SW,Water,,,Lee,07100009,River/Stream,,40.4620485,-91.5670776
6,10560001,Des Moines River near Keokuk,05/01/2001 11:00:00,AMBIENT,122-34-9,Simazine,Total,,0.05,ug/l,False,0.05,,,507,UHL001,Actual,SW,Water,,,Lee,07100009,River/Stream,,40.4620485,-91.5670776
6,10560001,Des Moines River near Keokuk,05/01/2001 11:00:00,AMBIENT,13071-79-9,Terbufos,Total,,0.05,ug/l,False,0.05,,,507,UHL001,Actual,SW,Water,,,Lee,07100009,River/Stream,,40.4620485,-91.5670776
6,10560001,Des Moines River near Keokuk,05/01/2001 11:00:00,AMBIENT,13194-48-4,Ethoprop,Total,,0.05,ug/l,False,0.05,,,507,UHL001,Actual,SW,Water,,,Lee,07100009,River/Stream,,40.4620485,-91.5670776
6,10560001,Des Moines River near Keokuk,05/01/2001 11:00:00,AMBIENT,139-40-2,Propazine,Total,,0.05,ug/l,False,0.05,,,507,UHL001,Actual,SW,Water,,,Lee,07100009,River/Stream,,40.4620485,-91.5670776
6,10560001,Des Moines River near Keokuk,05/01/2001 11:00:00,AMBIENT,1563-66-2,Carbofuran,Total,,0.05,ug/l,False,0.05,,,507,UHL001,Actual,SW,Water,,,Lee,07100009,River/Stream,,40.4620485,-91.5670776
6,10560001,Des Moines River near Keokuk,05/01/2001 11:00:00,AMBIENT,1582-09-8,Trifluralin,Total,,0.05,ug/l,False,0.05,,,507,UHL001,Actual,SW,Water,,,Lee,07100009,River/Stream,,40.4620485,-91.5670776
6,10560001,Des Moines River near Keokuk,05/01/2001 11:00:00,AMBIENT,15972-60-8,Alachlor,Total,,0.05,ug/l,False,0.05,,,507,UHL001,Actual,SW,Water,,,Lee,07100009,River/Stream,,40.4620485,-91.5670776
6,10560001,Des Moines River near Keokuk,05/01/2001 11:00:00,AMBIENT,1610-18-0,Prometon,Total,,0.05,ug/l,False,0.05,,,507,UHL001,Actual,SW,Water,,,Lee,07100009,River/Stream,,40.4620485,-91.5670776
6,10560001,Des Moines River near Keokuk,05/01/2001 11:00:00,AMBIENT,1912-24-9,Atrazine,Total,,0.083,ug/l,True,0.05,,,507,UHL001,Actual,SW,Water,,,Lee,07100009,River/Stream,,40.4620485,-91.5670776
6,10560001,Des Moines River near Keokuk,05/01/2001 11:00:00,AMBIENT,1918-16-7,Propachlor,Total,,0.05,ug/l,False,0.05,,,507,UHL001,Actual,SW,Water,,,Lee,07100009,River/Stream,,40.4620485,-91.5670776
6,10560001,Des Moines River near Keokuk,05/01/2001 11:00:00,AMBIENT,2008-41-5,Butylate,Total,,0.05,ug/l,False,0.05,,,507,UHL001,Actual,SW,Water,,,Lee,07100009,River/Stream,,40.4620485,-91.5670776
6,10560001,Des Moines River near Keokuk,05/01/2001 11:00:00,AMBIENT,21087-64-9,Metribuzin,Total,,0.05,ug/l,False,0.05,,,507,UHL001,Actual,SW,Water,,,Lee,07100009,River/Stream,,40.4620485,-91.5670776
6,10560001,Des Moines River near Keokuk,05/01/2001 11:00:00,AMBIENT,21725-46-2,Cyanazine,Total,,0.05,ug/l,False,0.05,,,507,UHL001,Actual,SW,Water,,,Lee,07100009,River/Stream,,40.4620485,-91.5670776
6,10560001,Des Moines River near Keokuk,05/01/2001 11:00:00,AMBIENT,2303-17-5,Triallate,Total,,0.05,ug/l,False,0.05,,,507,UHL001,Actual,SW,Water,,,Lee,07100009,River/Stream,,40.4620485,-91.5670776
6,10560001,Des Moines River near Keokuk,05/01/2001 11:00:00,AMBIENT,23184-66-9,Butachlor,Total,,0.05,ug/l,False,0.05,,,507,UHL001,Actual,SW,Water,,,Lee,07100009,River/Stream,,40.4620485,-91.5670776
6,10560001,Des Moines River near Keokuk,05/01/2001 11:00:00,AMBIENT,25311-71-1,Isofenphos,Total,,0.05,ug/l,False,0.05,,,507,UHL001,Actual,SW,Water,,,Lee,07100009,River/Stream,,40.4620485,-91.5670776
6,10560001,Des Moines River near Keokuk,05/01/2001 11:00:00,AMBIENT,2921-88-2,Chlorpyrifos,Total,,0.05,ug/l,False,0.05,,,507,UHL001,Actual,SW,Water,,,Lee,07100009,River/Stream,,40.4620485,-91.5670776
6,10560001,Des Moines River near Keokuk,05/01/2001 11:00:00,AMBIENT,298-00-0,Methyl parathion,Total,,0.05,ug/l,False,0.05,,,507,UHL001,Actual,SW,Water,,,Lee,07100009,River/Stream,,40.4620485,-91.5670776
6,10560001,Des Moines River near Keokuk,05/01/2001 11:00:00,AMBIENT,298-02-2,Phorate,Total,,0.05,ug/l,False,0.05,,,507,UHL001,Actual,SW,Water,,,Lee,07100009,River/Stream,,40.4620485,-91.5670776
6,10560001,Des Moines River near Keokuk,05/01/2001 11:00:00,AMBIENT,298-04-4,Disulfoton,Total,,0.05,ug/l,False,0.05,,,507,UHL001,Actual,SW,Water,,,Lee,07100009,River/Stream,,40.4620485,-91.5670776
6,10560001,Des Moines River near Keokuk,05/01/2001 11:00:00,AMBIENT,314-40-9,Bromacil,Total,,0.05,ug/l,False,0.05,,,507,UHL001,Actual,SW,Water,,,Lee,07100009,River/Stream,,40.4620485,-91.5670776
6,10560001,Des Moines River near Keokuk,05/01/2001 11:00:00,AMBIENT,333-41-5,Diazinon,Total,,0.05,ug/l,False,0.05,,,507,UHL001,Actual,SW,Water,,,Lee,07100009,River/Stream,,40.4620485,-91.5670776
6,10560001,Des Moines River near Keokuk,05/01/2001 11:00:00,AMBIENT,34256-82-1,Acetochlor,Total,,0.065,ug/l,True,0.05,,,507,UHL001,Actual,SW,Water,,,Lee,07100009,River/Stream,,40.4620485,-91.5670776
6,10560001,Des Moines River near Keokuk,05/01/2001 11:00:00,AMBIENT,40487-42-1,Pendimethalin,Total,,0.05,ug/l,False,0.05,,,507,UHL001,Actual,SW,Water,,,Lee,07100009,River/Stream,,40.4620485,-91.5670776
6,10560001,Des Moines River near Keokuk,05/01/2001 11:00:00,AMBIENT,51218-45-2,Metolachlor,Total,,0.52,ug/l,True,0.05,,,507,UHL001,Actual,SW,Water,,,Lee,07100009,River/Stream,,40.4620485,-91.5670776
6,10560001,Des Moines River near Keokuk,05/01/2001 11:00:00,AMBIENT,56-38-2,Parathion,Total,,0.05,ug/l,False,0.05,,,507,UHL001,Actual,SW,Water,,,Lee,07100009,River/Stream,,40.4620485,-91.5670776
6,10560001,Des Moines River near Keokuk,05/01/2001 11:00:00,AMBIENT,60-51-5,Dimethoate,Total,,0.05,ug/l,False,0.05,,,507,UHL001,Actual,SW,Water,,,Lee,07100009,River/Stream,,40.4620485,-91.5670776
6,10560001,Des Moines River near Keokuk,05/01/2001 11:00:00,AMBIENT,6190-65-4,2-Chloro-4-isopropylamino-6-amino-s-triazine,Total,,0.051,ug/l,True,0.05,,,507,UHL001,Actual,SW,Water,,,Lee,07100009,River/Stream,,40.4620485,-91.5670776
6,10560001,Des Moines River near Keokuk,05/01/2001 11:00:00,AMBIENT,62-73-7,Dichlorvos,Total,,0.05,ug/l,False,0.05,,,507,UHL001,Actual,SW,Water,,,Lee,07100009,River/Stream,,40.4620485,-91.5670776
6,10560001,Des Moines River near Keokuk,05/01/2001 11:00:00,AMBIENT,63-25-2,Carbaryl,Total,,0.05,ug/l,False,0.05,,,507,UHL001,Actual,SW,Water,,,Lee,07100009,River/Stream,,40.4620485,-91.5670776
6,10560001,Des Moines River near Keokuk,05/01/2001 11:00:00,AMBIENT,759-94-4,S-Ethyl dipropylthiocarbamate,Total,,0.05,ug/l,False,0.05,,,507,UHL001,Actual,SW,Water,,,Lee,07100009,River/Stream,,40.4620485,-91.5670776
6,10560001,Des Moines River near Keokuk,05/01/2001 11:00:00,AMBIENT,834-12-8,Ametryn,Total,,0.05,ug/l,False,0.05,,,507,UHL001,Actual,SW,Water,,,Lee,07100009,River/Stream,,40.4620485,-91.5670776
6,10560001,Des Moines River near Keokuk,05/01/2001 11:00:00,AMBIENT,944-22-9,Fonofos,Total,,0.05,ug/l,False,0.05,,,507,UHL001,Actual,SW,Water,,,Lee,07100009,River/Stream,,40.4620485,-91.5670776
6,10560001,Des Moines River near Keokuk,05/01/2001 11:00:00,AMBIENT,1024-57-3,Heptachlor epoxide,Total,,0.05,ug/l,False,0.05,,,508,UHL001,Actual,SW,Water,,,Lee,07100009,River/Stream,,40.4620485,-91.5670776
6,10560001,Des Moines River near Keokuk,05/01/2001 11:00:00,AMBIENT,1031-07-8,Endosulfan sulfate,Total,,0.05,ug/l,False,0.05,,,508,UHL001,Actual,SW,Water,,,Lee,07100009,River/Stream,,40.4620485,-91.5670776
6,10560001,Des Moines River near Keokuk,05/01/2001 11:00:00,AMBIENT,309-00-2,Aldrin,Total,,0.05,ug/l,False,0.05,,,508,UHL001,Actual,SW,Water,,,Lee,07100009,River/Stream,,40.4620485,-91.5670776
6,10560001,Des Moines River near Keokuk,05/01/2001 11:00:00,AMBIENT,319-84-6,.alpha.-Hexachlorocyclohexane,Total,,0.05,ug/l,False,0.05,,,508,UHL001,Actual,SW,Water,,,Lee,07100009,River/Stream,,40.4620485,-91.5670776
6,10560001,Des Moines River near Keokuk,05/01/2001 11:00:00,AMBIENT,319-85-7,.beta.-Hexachlorocyclohexane,Total,,0.05,ug/l,False,0.05,,,508,UHL001,Actual,SW,Water,,,Lee,07100009,River/Stream,,40.4620485,-91.5670776
6,10560001,Des Moines River near Keokuk,05/01/2001 11:00:00,AMBIENT,319-86-8,.delta.-Hexachlorocyclohexane,Total,,0.05,ug/l,False,0.05,,,508,UHL001,Actual,SW,Water,,,Lee,07100009,River/Stream,,40.4620485,-91.5670776
6,10560001,Des Moines River near Keokuk,05/01/2001 11:00:00,AMBIENT,33213-65-9,.beta.-Endosulfan,Total,,0.05,ug/l,False,0.05,,,508,UHL001,Actual,SW,Water,,,Lee,07100009,River/Stream,,40.4620485,-91.5670776
6,10560001,Des Moines River near Keokuk,05/01/2001 11:00:00,AMBIENT,50-29-3,"p,p'-DDT",Total,,0.05,ug/l,False,0.05,,,508,UHL001,Actual,SW,Water,,,Lee,07100009,River/Stream,,40.4620485,-91.5670776
6,10560001,Des Moines River near Keokuk,05/01/2001 11:00:00,AMBIENT,53494-70-5,Endrin ketone,Total,,0.05,ug/l,False,0.05,,,508,UHL001,Actual,SW,Water,,,Lee,07100009,River/Stream,,40.4620485,-91.5670776
6,10560001,Des Moines River near Keokuk,05/01/2001 11:00:00,AMBIENT,57-74-9,Chlordane,Total,,0.2,ug/l,False,0.2,,,508,UHL001,Actual,SW,Water,,,Lee,07100009,River/Stream,,40.4620485,-91.5670776
6,10560001,Des Moines River near Keokuk,05/01/2001 11:00:00,AMBIENT,58-89-9,Lindane,Total,,0.05,ug/l,False,0.05,,,508,UHL001,Actual,SW,Water,,,Lee,07100009,River/Stream,,40.4620485,-91.5670776
6,10560001,Des Moines River near Keokuk,05/01/2001 11:00:00,AMBIENT,60-57-1,Dieldrin,Total,,0.05,ug/l,False,0.05,,,508,UHL001,Actual,SW,Water,,,Lee,07100009,River/Stream,,40.4620485,-91.5670776
6,10560001,Des Moines River near Keokuk,05/01/2001 11:00:00,AMBIENT,72-20-8,Endrin,Total,,0.05,ug/l,False,0.05,,,508,UHL001,Actual,SW,Water,,,Lee,07100009,River/Stream,,40.4620485,-91.5670776
6,10560001,Des Moines River near Keokuk,05/01/2001 11:00:00,AMBIENT,72-43-5,Methoxychlor,Total,,0.05,ug/l,False,0.05,,,508,UHL001,Actual,SW,Water,,,Lee,07100009,River/Stream,,40.4620485,-91.5670776
6,10560001,Des Moines River near Keokuk,05/01/2001 11:00:00,AMBIENT,72-54-8,"p,p'-DDD",Total,,0.05,ug/l,False,0.05,,,508,UHL001,Actual,SW,Water,,,Lee,07100009,River/Stream,,40.4620485,-91.5670776
6,10560001,Des Moines River near Keokuk,05/01/2001 11:00:00,AMBIENT,72-55-9,"p,p'-DDE",Total,,0.05,ug/l,False,0.05,,,508,UHL001,Actual,SW,Water,,,Lee,07100009,River/Stream,,40.4620485,-91.5670776
6,10560001,Des Moines River near Keokuk,05/01/2001 11:00:00,AMBIENT,7421-93-4,Endrin aldehyde,Total,,0.05,ug/l,False,0.05,,,508,UHL001,Actual,SW,Water,,,Lee,07100009,River/Stream,,40.4620485,-91.5670776
6,10560001,Des Moines River near Keokuk,05/01/2001 11:00:00,AMBIENT,76-44-8,Heptachlor,Total,,0.05,ug/l,False,0.05,,,508,UHL001,Actual,SW,Water,,,Lee,07100009,River/Stream,,40.4620485,-91.5670776
6,10560001,Des Moines River near Keokuk,05/01/2001 11:00:00,AMBIENT,8001-35-2,Toxaphene,Total,,1,ug/l,False,1,,,508,UHL001,Actual,SW,Water,,,Lee,07100009,River/Stream,,40.4620485,-91.5670776
6,10560001,Des Moines River near Keokuk,05/01/2001 11:00:00,AMBIENT,959-98-8,.alpha.-Endosulfan,Total,,0.05,ug/l,False,0.05,,,508,UHL001,Actual,SW,Water,,,Lee,07100009,River/Stream,,40.4620485,-91.5670776
6,10560001,Des Moines River near Keokuk,05/01/2001 11:00:00,AMBIENT,77521-29-0,".alpha.-Amino-2,3-dihydro-5-methyl-3-oxo-4-isoxazolepropanoic acid",Total,,10,ug/l,False,10,,,547,UHL001,Actual,SW,Water,,,Lee,07100009,River/Stream,,40.4620485,-91.5670776
6,10560001,Des Moines River near Keokuk,05/01/2001 11:00:00,AMBIENT,CBOD-SC,"Carbonaceous biochemical oxygen demand, standard conditions",Total,,2,mg/l,False,2,,,UnknownBOD,UHL001,Actual,SW,Water,,,Lee,07100009,River/Stream,,40.4620485,-91.5670776
6,10560001,Des Moines River near Keokuk,05/01/2001 11:00:00,AMBIENT,FEC-COL,Fecal Coliform,Total,,10,MPN/100ml,True,10,,,9222-D,UHL001,Actual,SW,Water,,,Lee,07100009,River/Stream,,40.4620485,-91.5670776
6,10560001,Des Moines River near Keokuk,05/01/2001 11:00:00,AMBIENT,1071-83-6,Glyphosate,Total,,10,ug/l,False,10,,,547,UHL001,Actual,SW,Water,,,Lee,07100009,River/Stream,,40.4620485,-91.5670776
6,10560001,Des Moines River near Keokuk,05/01/2001 11:00:00,AMBIENT,HARD-CARB,"Hardness, carbonate",Total,,230,mg/l,True,1,,,Unknown,UHL001,Actual,SW,Water,,,Lee,07100009,River/Stream,,40.4620485,-91.5670776
6,10560001,Des Moines River near Keokuk,05/01/2001 11:00:00,AMBIENT,NIT-AMM,Ammonia-nitrogen (as N),Total,,0.1,mg/l,False,0.1,,,Unknown,UHL001,Actual,SW,Water,,,Lee,07100009,River/Stream,,40.4620485,-91.5670776
6,10560001,Des Moines River near Keokuk,05/01/2001 11:00:00,AMBIENT,NIT-KJELD,Kjeldahl nitrogen (AS N),Total,,0.7,mg/l,True,0.1,,,Unknown,UHL001,Actual,SW,Water,,,Lee,07100009,River/Stream,,40.4620485,-91.5670776
6,10560001,Des Moines River near Keokuk,05/01/2001 11:00:00,AMBIENT,NIT-NO3-NO2,Inorganic nitrogen (nitrate and nitrite) (as N),Total,,7.3,mg/l,True,0.1,,,Unknown,UHL001,Actual,SW,Water,,,Lee,07100009,River/Stream,,40.4620485,-91.5670776
6,10560001,Des Moines River near Keokuk,05/01/2001 11:00:00,AMBIENT,PHOSP-PHOSP,Phosphate-phosphorus (as P),Total,,0.4,mg/l,True,0.1,,,Unknown,UHL001,Actual,SW,Water,,,Lee,07100009,River/Stream,,40.4620485,-91.5670776
6,10560001,Des Moines River near Keokuk,05/01/2001 11:00:00,AMBIENT,11096-82-5,Aroclor 1260,Total,,0.5,ug/l,False,0.5,,,8082(W),UHL001,Actual,SW,Water,,,Lee,07100009,River/Stream,,40.4620485,-91.5670776
6,10560001,Des Moines River near Keokuk,05/01/2001 11:00:00,AMBIENT,11097-69-1,Aroclor 1254,Total,,0.5,ug/l,False,0.5,,,8082(W),UHL001,Actual,SW,Water,,,Lee,07100009,River/Stream,,40.4620485,-91.5670776
6,10560001,Des Moines River near Keokuk,05/01/2001 11:00:00,AMBIENT,11104-28-2,Aroclor 1221,Total,,0.5,ug/l,False,0.5,,,8082(W),UHL001,Actual,SW,Water,,,Lee,07100009,River/Stream,,40.4620485,-91.5670776
6,10560001,Des Moines River near Keokuk,05/01/2001 11:00:00,AMBIENT,11141-16-5,Aroclor 1232,Total,,0.5,ug/l,False,0.5,,,8082(W),UHL001,Actual,SW,Water,,,Lee,07100009,River/Stream,,40.4620485,-91.5670776
6,10560001,Des Moines River near Keokuk,05/01/2001 11:00:00,AMBIENT,12672-29-6,Aroclor 1248,Total,,0.5,ug/l,False,0.5,,,8082(W),UHL001,Actual,SW,Water,,,Lee,07100009,River/Stream,,40.4620485,-91.5670776
6,10560001,Des Moines River near Keokuk,05/01/2001 11:00:00,AMBIENT,12674-11-2,Aroclor 1016,Total,,0.5,ug/l,False,0.5,,,8082(W),UHL001,Actual,SW,Water,,,Lee,07100009,River/Stream,,40.4620485,-91.5670776
6,10560001,Des Moines River near Keokuk,05/01/2001 11:00:00,AMBIENT,53469-21-9,Aroclor 1242,Total,,0.5,ug/l,False,0.5,,,8082(W),UHL001,Actual,SW,Water,,,Lee,07100009,River/Stream,,40.4620485,-91.5670776
6,10560001,Des Moines River near Keokuk,05/01/2001 11:00:00,AMBIENT,603-17-8,Pheophytin a,NonFilt,,6,ug/l,True,1,,,10200H(2),UHL001,Actual,SW,Water,,,Lee,07100009,River/Stream,,40.4620485,-91.5670776
6,10560001,Des Moines River near Keokuk,05/01/2001 11:00:00,AMBIENT,14265-44-2,Orthophosphate (as P),Dissolved,,0.18,mg/l,True,0.05,,,Unknown,UHL001,Actual,SW,Water,,,Lee,07100009,River/Stream,,40.4620485,-91.5670776
6,10560001,Des Moines River near Keokuk,05/01/2001 11:00:00,AMBIENT,7631-86-9,Silica,Dissolved,,16,mg/l,True,1,,,370.1,UHL001,Actual,SW,Water,,,Lee,07100009,River/Stream,,40.4620485,-91.5670776
6,10560001,Des Moines River near Keokuk,08/06/2001 10:50:00,AMBIENT,FEC-COL,Fecal Coliform,Total,,1300,MPN/100ml,True,10,,,9222-D,UHL001,Actual,SW,Water,,,Lee,07100009,River/Stream,,40.4620485,-91.5670776
6,10560001,Des Moines River near Keokuk,08/06/2001 10:50:00,AMBIENT,HARD-CARB,"Hardness, carbonate",Total,,270,mg/l,True,1,,,Unknown,UHL001,Actual,SW,Water,,,Lee,07100009,River/Stream,,40.4620485,-91.5670776
6,10560001,Des Moines River near Keokuk,08/06/2001 10:50:00,AMBIENT,NIT-AMM,Ammonia-nitrogen (as N),Total,,0.1,mg/l,False,0.1,,,Unknown,UHL001,Actual,SW,Water,,,Lee,07100009,River/Stream,,40.4620485,-91.5670776
6,10560001,Des Moines River near Keokuk,08/06/2001 10:50:00,AMBIENT,NIT-KJELD,Kjeldahl nitrogen (AS N),Total,,1.5,mg/l,True,0.1,,,Unknown,UHL001,Actual,SW,Water,,,Lee,07100009,River/Stream,,40.4620485,-91.5670776
6,10560001,Des Moines River near Keokuk,08/06/2001 10:50:00,AMBIENT,NIT-NO3-NO2,Inorganic nitrogen (nitrate and nitrite) (as N),Total,,5,mg/l,True,0.1,,,Unknown,UHL001,Actual,SW,Water,,,Lee,07100009,River/Stream,,40.4620485,-91.5670776
6,10560001,Des Moines River near Keokuk,08/06/2001 10:50:00,AMBIENT,PHOSP-PHOSP,Phosphate-phosphorus (as P),Total,,0.3,mg/l,True,0.1,,,Unknown,UHL001,Actual,SW,Water,,,Lee,07100009,River/Stream,,40.4620485,-91.5670776
6,10560001,Des Moines River near Keokuk,08/06/2001 10:50:00,AMBIENT,603-17-8,Pheophytin a,NonFilt,,1,ug/l,False,1,,,10200H(2),UHL001,Actual,SW,Water,,,Lee,07100009,River/Stream,,40.4620485,-91.5670776
6,10560001,Des Moines River near Keokuk,08/06/2001 10:50:00,AMBIENT,14265-44-2,Orthophosphate (as P),Dissolved,,0.11,mg/l,True,0.05,,,Unknown,UHL001,Actual,SW,Water,,,Lee,07100009,River/Stream,,40.4620485,-91.5670776
6,10560001,Des Moines River near Keokuk,08/06/2001 10:50:00,AMBIENT,7631-86-9,Silica,Dissolved,,16,mg/l,True,1,,,370.1,UHL001,Actual,SW,Water,,,Lee,07100009,River/Stream,,40.4620485,-91.5670776
6,10560001,Des Moines River near Keokuk,08/06/2001 10:50:00,AMBIENT,TDS,Total dissolved solids,Dissolved,,360,mg/l,True,1,,,160.1,UHL001,Actual,SW,Water,,,Lee,07100009,River/Stream,,40.4620485,-91.5670776
6,10560001,Des Moines River near Keokuk,08/06/2001 10:50:00,AMBIENT,TSS,Total suspended solids,NonFilt,,300,mg/l,True,1,,,I3765,UHL001,Actual,SW,Water,,,Lee,07100009,River/Stream,,40.4620485,-91.5670776
6,10560001,Des Moines River near Keokuk,08/06/2001 10:50:00,AMBIENT,SPEC-COND,Specific conductance,Total,,570,uS/cm,True,1,,,2510,UHL001,Actual,SW,Water,,,Lee,07100009,River/Stream,,40.4620485,-91.5670776
6,10560001,Des Moines River near Keokuk,08/06/2001 10:50:00,AMBIENT,14808-79-8,Sulfate (as SO4),Total,,61,mg/l,True,1,,,300(A),UHL001,Actual,SW,Water,,,Lee,07100009,River/Stream,,40.4620485,-91.5670776
6,10560001,Des Moines River near Keokuk,08/06/2001 10:50:00,AMBIENT,TURB,Turbidity,Total,,180,NTU,True,1,,,180.1,UHL001,Actual,SW,Water,,,Lee,07100009,River/Stream,,40.4620485,-91.5670776
6,10560001,Des Moines River near Keokuk,09/05/2001 09:15:00,AMBIENT,7782-44-7,Dissolved oxygen (DO),Total,,9.9,mg/l,True,0.1,,,4500-O-G,,Actual,SW,Water,,,Lee,07100009,River/Stream,,40.4620485,-91.5670776
6,10560001,Des Moines River near Keokuk,09/05/2001 09:15:00,AMBIENT,FLOW,Flow,Total,,1700,cfs,True,0,,,USGS CA8,,Actual,SW,Water,,,Lee,07100009,River/Stream,,40.4620485,-91.5670776
6,10560001,Des Moines River near Keokuk,09/05/2001 09:15:00,AMBIENT,PH,pH,Total,,7.5,None,True,,,,4500-H,,Actual,SW,Water,,,Lee,07100009,River/Stream,,40.4620485,-91.5670776
6,10560001,Des Moines River near Keokuk,09/05/2001 09:15:00,AMBIENT,TSS,Total suspended solids,NonFilt,,31,mg/l,True,1,,,I3765,UHL001,Actual,SW,Water,,,Lee,07100009,River/Stream,,40.4620485,-91.5670776
6,10560001,Des Moines River near Keokuk,09/05/2001 09:15:00,AMBIENT,SPEC-COND,Specific conductance,Total,,470,uS/cm,True,1,,,2510,UHL001,Actual,SW,Water,,,Lee,07100009,River/Stream,,40.4620485,-91.5670776
6,10560001,Des Moines River near Keokuk,09/05/2001 09:15:00,AMBIENT,14808-79-8,Sulfate (as SO4),Total,,70,mg/l,True,1,,,300(A),UHL001,Actual,SW,Water,,,Lee,07100009,River/Stream,,40.4620485,-91.5670776
6,10560001,Des Moines River near Keokuk,09/05/2001 09:15:00,AMBIENT,TURB,Turbidity,Total,,18,NTU,True,1,,,180.1,UHL001,Actual,SW,Water,,,Lee,07100009,River/Stream,,40.4620485,-91.5670776
6,10560001,Des Moines River near Keokuk,10/03/2000 12:50:00,AMBIENT,ENTERO,Enterococcus,Total,,10,MPN/100ml,False,10,,,9230-C,UHL001,Actual,SW,Water,,,Lee,07100009,River/Stream,,40.4620485,-91.5670776
6,10560001,Des Moines River near Keokuk,10/03/2000 12:50:00,AMBIENT,68583-22-2,Escherichia coli,Total,,10,MPN/100ml,False,10,,,APHA 9222 G,UHL001,Actual,SW,Water,,,Lee,07100009,River/Stream,,40.4620485,-91.5670776
6,10560001,Des Moines River near Keokuk,10/03/2000 12:50:00,AMBIENT,FEC-COL,Fecal Coliform,Total,,10,MPN/100ml,False,10,,,9222-D,UHL001,Actual,SW,Water,,,Lee,07100009,River/Stream,,40.4620485,-91.5670776
6,10560001,Des Moines River near Keokuk,10/03/2000 12:50:00,AMBIENT,HARD-CARB,"Hardness, carbonate",Total,,220,mg/l,True,1,,,Unknown,UHL001,Actual,SW,Water,,,Lee,07100009,River/Stream,,40.4620485,-91.5670776
6,10560001,Des Moines River near Keokuk,10/03/2000 12:50:00,AMBIENT,NIT-AMM,Ammonia-nitrogen (as N),Total,,0.1,mg/l,False,0.1,,,Unknown,UHL001,Actual,SW,Water,,,Lee,07100009,River/Stream,,40.4620485,-91.5670776
6,10560001,Des Moines River near Keokuk,10/03/2000 12:50:00,AMBIENT,NIT-KJELD,Kjeldahl nitrogen (AS N),Total,,0.9,mg/l,True,0.1,,,Unknown,UHL001,Actual,SW,Water,,,Lee,07100009,River/Stream,,40.4620485,-91.5670776
6,10560001,Des Moines River near Keokuk,10/03/2000 12:50:00,AMBIENT,NIT-NO3-NO2,Inorganic nitrogen (nitrate and nitrite) (as N),Total,,0.1,mg/l,False,0.1,,,Unknown,UHL001,Actual,SW,Water,,,Lee,07100009,River/Stream,,40.4620485,-91.5670776
6,10560001,Des Moines River near Keokuk,10/03/2000 12:50:00,AMBIENT,PHOSP-PHOSP,Phosphate-phosphorus (as P),Total,,0.2,mg/l,True,0.1,,,Unknown,UHL001,Actual,SW,Water,,,Lee,07100009,River/Stream,,40.4620485,-91.5670776
6,10560001,Des Moines River near Keokuk,10/03/2000 12:50:00,AMBIENT,603-17-8,Pheophytin a,NonFilt,,16,ug/l,True,1,,,10200H(2),UHL001,Actual,SW,Water,,,Lee,07100009,River/Stream,,40.4620485,-91.5670776
6,10560001,Des Moines River near Keokuk,10/03/2000 12:50:00,AMBIENT,14265-44-2,Orthophosphate (as P),Dissolved,,0.1,mg/l,True,0.1,,,Unknown,UHL001,Actual,SW,Water,,,Lee,07100009,River/Stream,,40.4620485,-91.5670776
6,10560001,Des Moines River near Keokuk,10/03/2000 12:50:00,AMBIENT,7631-86-9,Silica,Dissolved,,2,mg/l,True,1,,,370.1,UHL001,Actual,SW,Water,,,Lee,07100009,River/Stream,,40.4620485,-91.5670776
6,10560001,Des Moines River near Keokuk,10/03/2000 12:50:00,AMBIENT,TDS,Total dissolved solids,Dissolved,,310,mg/l,True,1,,,160.1,UHL001,Actual,SW,Water,,,Lee,07100009,River/Stream,,40.4620485,-91.5670776
6,10560001,Des Moines River near Keokuk,10/03/2000 12:50:00,AMBIENT,TSS,Total suspended solids,NonFilt,,26,mg/l,True,1,,,I3765,UHL001,Actual,SW,Water,,,Lee,07100009,River/Stream,,40.4620485,-91.5670776
6,10560001,Des Moines River near Keokuk,10/03/2000 12:50:00,AMBIENT,SPEC-COND,Specific conductance,Total,,500,uS/cm,True,1,,,2510,UHL001,Actual,SW,Water,,,Lee,07100009,River/Stream,,40.4620485,-91.5670776
6,10560001,Des Moines River near Keokuk,10/03/2000 12:50:00,AMBIENT,TURB,Turbidity,Total,,15,NTU,True,1,,,180.1,UHL001,Actual,SW,Water,,,Lee,07100009,River/Stream,,40.4620485,-91.5670776
6,10560001,Des Moines River near Keokuk,06/11/2001 10:15:00,AMBIENT,120-36-5,Dichlorprop,Total,,0.2,ug/l,False,0.2,,,515.1,UHL001,Actual,SW,Water,,,Lee,07100009,River/Stream,,40.4620485,-91.5670776
6,10560001,Des Moines River near Keokuk,06/11/2001 10:15:00,AMBIENT,133-90-4,Chloramben,Total,,0.2,ug/l,False,0.2,,,515.1,UHL001,Actual,SW,Water,,,Lee,07100009,River/Stream,,40.4620485,-91.5670776
6,10560001,Des Moines River near Keokuk,06/11/2001 10:15:00,AMBIENT,1689-84-5,Bromoxynil,Total,,0.2,ug/l,False,0.2,,,515.1,UHL001,Actual,SW,Water,,,Lee,07100009,River/Stream,,40.4620485,-91.5670776
6,10560001,Des Moines River near Keokuk,06/11/2001 10:15:00,AMBIENT,1861-32-1,Chlorthal-dimethyl,Total,,0.2,ug/l,False,0.2,,,515.1,UHL001,Actual,SW,Water,,,Lee,07100009,River/Stream,,40.4620485,-91.5670776
6,10560001,Des Moines River near Keokuk,06/11/2001 10:15:00,AMBIENT,1918-00-9,Dicamba,Total,,0.2,ug/l,False,0.2,,,515.1,UHL001,Actual,SW,Water,,,Lee,07100009,River/Stream,,40.4620485,-91.5670776
6,10560001,Des Moines River near Keokuk,06/11/2001 10:15:00,AMBIENT,1918-02-01,Picloram,Total,,0.2,ug/l,False,0.2,,,515.1,UHL001,Actual,SW,Water,,,Lee,07100009,River/Stream,,40.4620485,-91.5670776
6,10560001,Des Moines River near Keokuk,06/11/2001 10:15:00,AMBIENT,25057-89-0,Bentazon,Total,,0.2,ug/l,False,0.2,,,515.1,UHL001,Actual,SW,Water,,,Lee,07100009,River/Stream,,40.4620485,-91.5670776
6,10560001,Des Moines River near Keokuk,06/11/2001 10:15:00,AMBIENT,50594-66-6,Acifluorfen,Total,,0.2,ug/l,False,0.2,,,515.1,UHL001,Actual,SW,Water,,,Lee,07100009,River/Stream,,40.4620485,-91.5670776
6,10560001,Des Moines River near Keokuk,06/11/2001 10:15:00,AMBIENT,55335-06-3,Triclopyr,Total,,0.2,ug/l,False,0.2,,,515.1,UHL001,Actual,SW,Water,,,Lee,07100009,River/Stream,,40.4620485,-91.5670776
6,10560001,Des Moines River near Keokuk,06/11/2001 10:15:00,AMBIENT,75-99-0,Dalapon,Total,,0.2,ug/l,False,0.2,,,515.1,UHL001,Actual,SW,Water,,,Lee,07100009,River/Stream,,40.4620485,-91.5670776
6,10560001,Des Moines River near Keokuk,06/11/2001 10:15:00,AMBIENT,87-86-5,Pentachlorophenol,Total,,0.2,ug/l,False,0.2,,,515.1,UHL001,Actual,SW,Water,,,Lee,07100009,River/Stream,,40.4620485,-91.5670776
6,10560001,Des Moines River near Keokuk,06/11/2001 10:15:00,AMBIENT,88-85-7,Dinoseb,Total,,0.2,ug/l,False,0.2,,,515.1,UHL001,Actual,SW,Water,,,Lee,07100009,River/Stream,,40.4620485,-91.5670776
6,10560001,Des Moines River near Keokuk,06/11/2001 10:15:00,AMBIENT,93-72-1,Silvex,Total,,0.2,ug/l,False,0.2,,,515.1,UHL001,Actual,SW,Water,,,Lee,07100009,River/Stream,,40.4620485,-91.5670776
6,10560001,Des Moines River near Keokuk,06/11/2001 10:15:00,AMBIENT,93-76-5,"2,4,5-T",Total,,0.2,ug/l,False,0.2,,,515.1,UHL001,Actual,SW,Water,,,Lee,07100009,River/Stream,,40.4620485,-91.5670776
6,10560001,Des Moines River near Keokuk,06/11/2001 10:15:00,AMBIENT,94-74-6,MCPA,Total,,200,ug/l,False,200,,,515.1,UHL001,Actual,SW,Water,,,Lee,07100009,River/Stream,,40.4620485,-91.5670776
6,10560001,Des Moines River near Keokuk,06/11/2001 10:15:00,AMBIENT,94-75-7,"2,4-D",Total,,0.2,ug/l,False,0.2,,,515.1,UHL001,Actual,SW,Water,,,Lee,07100009,River/Stream,,40.4620485,-91.5670776
6,10560001,Des Moines River near Keokuk,06/11/2001 10:15:00,AMBIENT,94-82-6,"2,4-DB",Total,,0.2,ug/l,False,0.2,,,515.1,UHL001,Actual,SW,Water,,,Lee,07100009,River/Stream,,40.4620485,-91.5670776
6,10560001,Des Moines River near Keokuk,06/11/2001 10:15:00,AMBIENT,1007-28-9,2-Choro-6-ethylamino-4-amino-s-triazine,Total,,0.05,ug/l,False,0.05,,,507,UHL001,Actual,SW,Water,,,Lee,07100009,River/Stream,,40.4620485,-91.5670776
6,10560001,Des Moines River near Keokuk,06/11/2001 10:15:00,AMBIENT,121-75-5,Malathion,Total,,0.05,ug/l,False,0.05,,,507,UHL001,Actual,SW,Water,,,Lee,07100009,River/Stream,,40.4620485,-91.5670776
6,10560001,Des Moines River near Keokuk,06/11/2001 10:15:00,AMBIENT,122-34-9,Simazine,Total,,0.05,ug/l,False,0.05,,,507,UHL001,Actual,SW,Water,,,Lee,07100009,River/Stream,,40.4620485,-91.5670776
6,10560001,Des Moines River near Keokuk,06/11/2001 10:15:00,AMBIENT,13071-79-9,Terbufos,Total,,0.05,ug/l,False,0.05,,,507,UHL001,Actual,SW,Water,,,Lee,07100009,River/Stream,,40.4620485,-91.5670776
6,10560001,Des Moines River near Keokuk,06/11/2001 10:15:00,AMBIENT,13194-48-4,Ethoprop,Total,,0.05,ug/l,False,0.05,,,507,UHL001,Actual,SW,Water,,,Lee,07100009,River/Stream,,40.4620485,-91.5670776
6,10560001,Des Moines River near Keokuk,06/11/2001 10:15:00,AMBIENT,139-40-2,Propazine,Total,,0.05,ug/l,False,0.05,,,507,UHL001,Actual,SW,Water,,,Lee,07100009,River/Stream,,40.4620485,-91.5670776
6,10560001,Des Moines River near Keokuk,06/11/2001 10:15:00,AMBIENT,1563-66-2,Carbofuran,Total,,0.05,ug/l,False,0.05,,,507,UHL001,Actual,SW,Water,,,Lee,07100009,River/Stream,,40.4620485,-91.5670776
6,10560001,Des Moines River near Keokuk,06/11/2001 10:15:00,AMBIENT,1582-09-8,Trifluralin,Total,,0.05,ug/l,False,0.05,,,507,UHL001,Actual,SW,Water,,,Lee,07100009,River/Stream,,40.4620485,-91.5670776
6,10560001,Des Moines River near Keokuk,06/11/2001 10:15:00,AMBIENT,15972-60-8,Alachlor,Total,,0.05,ug/l,False,0.05,,,507,UHL001,Actual,SW,Water,,,Lee,07100009,River/Stream,,40.4620485,-91.5670776
6,10560001,Des Moines River near Keokuk,06/11/2001 10:15:00,AMBIENT,1610-18-0,Prometon,Total,,0.05,ug/l,False,0.05,,,507,UHL001,Actual,SW,Water,,,Lee,07100009,River/Stream,,40.4620485,-91.5670776
6,10560001,Des Moines River near Keokuk,06/11/2001 10:15:00,AMBIENT,1912-24-9,Atrazine,Total,,1,ug/l,True,0.05,,,507,UHL001,Actual,SW,Water,,,Lee,07100009,River/Stream,,40.4620485,-91.5670776
6,10560001,Des Moines River near Keokuk,06/11/2001 10:15:00,AMBIENT,1918-16-7,Propachlor,Total,,0.05,ug/l,False,0.05,,,507,UHL001,Actual,SW,Water,,,Lee,07100009,River/Stream,,40.4620485,-91.5670776
6,10560001,Des Moines River near Keokuk,06/11/2001 10:15:00,AMBIENT,2008-41-5,Butylate,Total,,0.05,ug/l,False,0.05,,,507,UHL001,Actual,SW,Water,,,Lee,07100009,River/Stream,,40.4620485,-91.5670776
6,10560001,Des Moines River near Keokuk,06/11/2001 10:15:00,AMBIENT,21087-64-9,Metribuzin,Total,,0.05,ug/l,False,0.05,,,507,UHL001,Actual,SW,Water,,,Lee,07100009,River/Stream,,40.4620485,-91.5670776
6,10560001,Des Moines River near Keokuk,06/11/2001 10:15:00,AMBIENT,21725-46-2,Cyanazine,Total,,0.05,ug/l,False,0.05,,,507,UHL001,Actual,SW,Water,,,Lee,07100009,River/Stream,,40.4620485,-91.5670776
6,10560001,Des Moines River near Keokuk,06/11/2001 10:15:00,AMBIENT,2303-17-5,Triallate,Total,,0.05,ug/l,False,0.05,,,507,UHL001,Actual,SW,Water,,,Lee,07100009,River/Stream,,40.4620485,-91.5670776
6,10560001,Des Moines River near Keokuk,06/11/2001 10:15:00,AMBIENT,23184-66-9,Butachlor,Total,,0.05,ug/l,False,0.05,,,507,UHL001,Actual,SW,Water,,,Lee,07100009,River/Stream,,40.4620485,-91.5670776
6,10560001,Des Moines River near Keokuk,06/11/2001 10:15:00,AMBIENT,25311-71-1,Isofenphos,Total,,0.05,ug/l,False,0.05,,,507,UHL001,Actual,SW,Water,,,Lee,07100009,River/Stream,,40.4620485,-91.5670776
6,10560001,Des Moines River near Keokuk,06/11/2001 10:15:00,AMBIENT,2921-88-2,Chlorpyrifos,Total,,0.05,ug/l,False,0.05,,,507,UHL001,Actual,SW,Water,,,Lee,07100009,River/Stream,,40.4620485,-91.5670776
6,10560001,Des Moines River near Keokuk,06/11/2001 10:15:00,AMBIENT,298-00-0,Methyl parathion,Total,,0.05,ug/l,False,0.05,,,507,UHL001,Actual,SW,Water,,,Lee,07100009,River/Stream,,40.4620485,-91.5670776
6,10560001,Des Moines River near Keokuk,06/11/2001 10:15:00,AMBIENT,298-02-2,Phorate,Total,,0.05,ug/l,False,0.05,,,507,UHL001,Actual,SW,Water,,,Lee,07100009,River/Stream,,40.4620485,-91.5670776
6,10560001,Des Moines River near Keokuk,06/11/2001 10:15:00,AMBIENT,298-04-4,Disulfoton,Total,,0.05,ug/l,False,0.05,,,507,UHL001,Actual,SW,Water,,,Lee,07100009,River/Stream,,40.4620485,-91.5670776
6,10560001,Des Moines River near Keokuk,06/11/2001 10:15:00,AMBIENT,314-40-9,Bromacil,Total,,0.05,ug/l,False,0.05,,,507,UHL001,Actual,SW,Water,,,Lee,07100009,River/Stream,,40.4620485,-91.5670776
6,10560001,Des Moines River near Keokuk,06/11/2001 10:15:00,AMBIENT,333-41-5,Diazinon,Total,,0.05,ug/l,False,0.05,,,507,UHL001,Actual,SW,Water,,,Lee,07100009,River/Stream,,40.4620485,-91.5670776
6,10560001,Des Moines River near Keokuk,06/11/2001 10:15:00,AMBIENT,34256-82-1,Acetochlor,Total,,0.85,ug/l,True,0.05,,,507,UHL001,Actual,SW,Water,,,Lee,07100009,River/Stream,,40.4620485,-91.5670776
6,10560001,Des Moines River near Keokuk,06/11/2001 10:15:00,AMBIENT,40487-42-1,Pendimethalin,Total,,0.05,ug/l,False,0.05,,,507,UHL001,Actual,SW,Water,,,Lee,07100009,River/Stream,,40.4620485,-91.5670776
6,10560001,Des Moines River near Keokuk,06/11/2001 10:15:00,AMBIENT,51218-45-2,Metolachlor,Total,,0.92,ug/l,True,0.05,,,507,UHL001,Actual,SW,Water,,,Lee,07100009,River/Stream,,40.4620485,-91.5670776
6,10560001,Des Moines River near Keokuk,06/11/2001 10:15:00,AMBIENT,56-38-2,Parathion,Total,,0.05,ug/l,False,0.05,,,507,UHL001,Actual,SW,Water,,,Lee,07100009,River/Stream,,40.4620485,-91.5670776
6,10560001,Des Moines River near Keokuk,06/11/2001 10:15:00,AMBIENT,60-51-5,Dimethoate,Total,,0.05,ug/l,False,0.05,,,507,UHL001,Actual,SW,Water,,,Lee,07100009,River/Stream,,40.4620485,-91.5670776
6,10560001,Des Moines River near Keokuk,06/11/2001 10:15:00,AMBIENT,6190-65-4,2-Chloro-4-isopropylamino-6-amino-s-triazine,Total,,0.13,ug/l,True,0.05,,,507,UHL001,Actual,SW,Water,,,Lee,07100009,River/Stream,,40.4620485,-91.5670776
6,10560001,Des Moines River near Keokuk,06/11/2001 10:15:00,AMBIENT,62-73-7,Dichlorvos,Total,,0.05,ug/l,False,0.05,,,507,UHL001,Actual,SW,Water,,,Lee,07100009,River/Stream,,40.4620485,-91.5670776
6,10560001,Des Moines River near Keokuk,06/11/2001 10:15:00,AMBIENT,63-25-2,Carbaryl,Total,,0.05,ug/l,False,0.05,,,507,UHL001,Actual,SW,Water,,,Lee,07100009,River/Stream,,40.4620485,-91.5670776
6,10560001,Des Moines River near Keokuk,06/11/2001 10:15:00,AMBIENT,759-94-4,S-Ethyl dipropylthiocarbamate,Total,,0.05,ug/l,False,0.05,,,507,UHL001,Actual,SW,Water,,,Lee,07100009,River/Stream,,40.4620485,-91.5670776
6,10560001,Des Moines River near Keokuk,06/11/2001 10:15:00,AMBIENT,834-12-8,Ametryn,Total,,0.05,ug/l,False,0.05,,,507,UHL001,Actual,SW,Water,,,Lee,07100009,River/Stream,,40.4620485,-91.5670776
6,10560001,Des Moines River near Keokuk,06/11/2001 10:15:00,AMBIENT,944-22-9,Fonofos,Total,,0.05,ug/l,False,0.05,,,507,UHL001,Actual,SW,Water,,,Lee,07100009,River/Stream,,40.4620485,-91.5670776
6,10560001,Des Moines River near Keokuk,06/11/2001 10:15:00,AMBIENT,1024-57-3,Heptachlor epoxide,Total,,0.05,ug/l,False,0.05,,,508,UHL001,Actual,SW,Water,,,Lee,07100009,River/Stream,,40.4620485,-91.5670776
6,10560001,Des Moines River near Keokuk,06/11/2001 10:15:00,AMBIENT,1031-07-8,Endosulfan sulfate,Total,,0.05,ug/l,False,0.05,,,508,UHL001,Actual,SW,Water,,,Lee,07100009,River/Stream,,40.4620485,-91.5670776
6,10560001,Des Moines River near Keokuk,06/11/2001 10:15:00,AMBIENT,309-00-2,Aldrin,Total,,0.05,ug/l,False,0.05,,,508,UHL001,Actual,SW,Water,,,Lee,07100009,River/Stream,,40.4620485,-91.5670776
6,10560001,Des Moines River near Keokuk,06/11/2001 10:15:00,AMBIENT,319-84-6,.alpha.-Hexachlorocyclohexane,Total,,0.05,ug/l,False,0.05,,,508,UHL001,Actual,SW,Water,,,Lee,07100009,River/Stream,,40.4620485,-91.5670776
6,10560001,Des Moines River near Keokuk,06/11/2001 10:15:00,AMBIENT,319-85-7,.beta.-Hexachlorocyclohexane,Total,,0.05,ug/l,False,0.05,,,508,UHL001,Actual,SW,Water,,,Lee,07100009,River/Stream,,40.4620485,-91.5670776
6,10560001,Des Moines River near Keokuk,06/11/2001 10:15:00,AMBIENT,319-86-8,.delta.-Hexachlorocyclohexane,Total,,0.05,ug/l,False,0.05,,,508,UHL001,Actual,SW,Water,,,Lee,07100009,River/Stream,,40.4620485,-91.5670776
6,10560001,Des Moines River near Keokuk,06/11/2001 10:15:00,AMBIENT,33213-65-9,.beta.-Endosulfan,Total,,0.05,ug/l,False,0.05,,,508,UHL001,Actual,SW,Water,,,Lee,07100009,River/Stream,,40.4620485,-91.5670776
6,10560001,Des Moines River near Keokuk,06/11/2001 10:15:00,AMBIENT,50-29-3,"p,p'-DDT",Total,,0.05,ug/l,False,0.05,,,508,UHL001,Actual,SW,Water,,,Lee,07100009,River/Stream,,40.4620485,-91.5670776
6,10560001,Des Moines River near Keokuk,06/11/2001 10:15:00,AMBIENT,53494-70-5,Endrin ketone,Total,,0.05,ug/l,False,0.05,,,508,UHL001,Actual,SW,Water,,,Lee,07100009,River/Stream,,40.4620485,-91.5670776
6,10560001,Des Moines River near Keokuk,06/11/2001 10:15:00,AMBIENT,57-74-9,Chlordane,Total,,0.05,ug/l,False,0.05,,,508,UHL001,Actual,SW,Water,,,Lee,07100009,River/Stream,,40.4620485,-91.5670776
6,10560001,Des Moines River near Keokuk,06/11/2001 10:15:00,AMBIENT,58-89-9,Lindane,Total,,0.05,ug/l,False,0.05,,,508,UHL001,Actual,SW,Water,,,Lee,07100009,River/Stream,,40.4620485,-91.5670776
6,10560001,Des Moines River near Keokuk,06/11/2001 10:15:00,AMBIENT,60-57-1,Dieldrin,Total,,0.05,ug/l,False,0.05,,,508,UHL001,Actual,SW,Water,,,Lee,07100009,River/Stream,,40.4620485,-91.5670776
6,10560001,Des Moines River near Keokuk,06/11/2001 10:15:00,AMBIENT,72-20-8,Endrin,Total,,0.05,ug/l,False,0.05,,,508,UHL001,Actual,SW,Water,,,Lee,07100009,River/Stream,,40.4620485,-91.5670776
6,10560001,Des Moines River near Keokuk,06/11/2001 10:15:00,AMBIENT,72-43-5,Methoxychlor,Total,,0.05,ug/l,False,0.05,,,508,UHL001,Actual,SW,Water,,,Lee,07100009,River/Stream,,40.4620485,-91.5670776
6,10560001,Des Moines River near Keokuk,06/11/2001 10:15:00,AMBIENT,72-54-8,"p,p'-DDD",Total,,0.05,ug/l,False,0.05,,,508,UHL001,Actual,SW,Water,,,Lee,07100009,River/Stream,,40.4620485,-91.5670776
6,10560001,Des Moines River near Keokuk,06/11/2001 10:15:00,AMBIENT,72-55-9,"p,p'-DDE",Total,,0.05,ug/l,False,0.05,,,508,UHL001,Actual,SW,Water,,,Lee,07100009,River/Stream,,40.4620485,-91.5670776
6,10560001,Des Moines River near Keokuk,06/11/2001 10:15:00,AMBIENT,7421-93-4,Endrin aldehyde,Total,,0.05,ug/l,False,0.05,,,508,UHL001,Actual,SW,Water,,,Lee,07100009,River/Stream,,40.4620485,-91.5670776
6,10560001,Des Moines River near Keokuk,06/11/2001 10:15:00,AMBIENT,76-44-8,Heptachlor,Total,,0.05,ug/l,False,0.05,,,508,UHL001,Actual,SW,Water,,,Lee,07100009,River/Stream,,40.4620485,-91.5670776
6,10560001,Des Moines River near Keokuk,06/11/2001 10:15:00,AMBIENT,8001-35-2,Toxaphene,Total,,0.5,ug/l,False,0.5,,,508,UHL001,Actual,SW,Water,,,Lee,07100009,River/Stream,,40.4620485,-91.5670776
6,10560001,Des Moines River near Keokuk,06/11/2001 10:15:00,AMBIENT,959-98-8,.alpha.-Endosulfan,Total,,0.05,ug/l,False,0.05,,,508,UHL001,Actual,SW,Water,,,Lee,07100009,River/Stream,,40.4620485,-91.5670776
6,10560001,Des Moines River near Keokuk,06/11/2001 10:15:00,AMBIENT,77521-29-0,".alpha.-Amino-2,3-dihydro-5-methyl-3-oxo-4-isoxazolepropanoic acid",Total,,10,ug/l,False,10,,,547,UHL001,Actual,SW,Water,,,Lee,07100009,River/Stream,,40.4620485,-91.5670776
6,10560001,Des Moines River near Keokuk,06/11/2001 10:15:00,AMBIENT,CBOD-SC,"Carbonaceous biochemical oxygen demand, standard conditions",Total,,2,mg/l,False,2,,,UnknownBOD,UHL001,Actual,SW,Water,,,Lee,07100009,River/Stream,,40.4620485,-91.5670776
6,10560001,Des Moines River near Keokuk,06/11/2001 10:15:00,AMBIENT,16887-00-6,Chloride,Total,,18,mg/l,True,1,,,325.3,UHL001,Actual,SW,Water,,,Lee,07100009,River/Stream,,40.4620485,-91.5670776
6,10560001,Des Moines River near Keokuk,06/11/2001 10:15:00,AMBIENT,11003-45-5,Chlorophyll c,NonFilt,,1,ug/l,False,1,,,10200-H,UHL001,Actual,SW,Water,,,Lee,07100009,River/Stream,,40.4620485,-91.5670776
6,10560001,Des Moines River near Keokuk,06/11/2001 10:15:00,AMBIENT,479-61-8,Chlorophyll a,NonFilt,,2,ug/l,True,1,,,10200-H,UHL001,Actual,SW,Water,,,Lee,07100009,River/Stream,,40.4620485,-91.5670776
6,10560001,Des Moines River near Keokuk,06/11/2001 10:15:00,AMBIENT,519-62-0,Chlorophyll b,NonFilt,,1,ug/l,False,1,,,10200-H,UHL001,Actual,SW,Water,,,Lee,07100009,River/Stream,,40.4620485,-91.5670776
6,10560001,Des Moines River near Keokuk,06/11/2001 10:15:00,AMBIENT,CLR-A-UCP,"Chlorophyll a, uncorrected for pheophytin",NonFilt,,4,ug/l,True,1,,,10200-H,UHL001,Actual,SW,Water,,,Lee,07100009,River/Stream,,40.4620485,-91.5670776
6,10560001,Des Moines River near Keokuk,06/11/2001 10:15:00,AMBIENT,11096-82-5,Aroclor 1260,Total,,0.5,ug/l,False,0.5,,,8082(W),UHL001,Actual,SW,Water,,,Lee,07100009,River/Stream,,40.4620485,-91.5670776
6,10560001,Des Moines River near Keokuk,06/11/2001 10:15:00,AMBIENT,11097-69-1,Aroclor 1254,Total,,0.5,ug/l,False,0.5,,,8082(W),UHL001,Actual,SW,Water,,,Lee,07100009,River/Stream,,40.4620485,-91.5670776
6,10560001,Des Moines River near Keokuk,06/11/2001 10:15:00,AMBIENT,11104-28-2,Aroclor 1221,Total,,0.5,ug/l,False,0.5,,,8082(W),UHL001,Actual,SW,Water,,,Lee,07100009,River/Stream,,40.4620485,-91.5670776
6,10560001,Des Moines River near Keokuk,06/11/2001 10:15:00,AMBIENT,11141-16-5,Aroclor 1232,Total,,0.5,ug/l,False,0.5,,,8082(W),UHL001,Actual,SW,Water,,,Lee,07100009,River/Stream,,40.4620485,-91.5670776
6,10560001,Des Moines River near Keokuk,06/11/2001 10:15:00,AMBIENT,12672-29-6,Aroclor 1248,Total,,0.5,ug/l,False,0.5,,,8082(W),UHL001,Actual,SW,Water,,,Lee,07100009,River/Stream,,40.4620485,-91.5670776
6,10560001,Des Moines River near Keokuk,06/11/2001 10:15:00,AMBIENT,12674-11-2,Aroclor 1016,Total,,0.5,ug/l,False,0.5,,,8082(W),UHL001,Actual,SW,Water,,,Lee,07100009,River/Stream,,40.4620485,-91.5670776
6,10560001,Des Moines River near Keokuk,06/11/2001 10:15:00,AMBIENT,53469-21-9,Aroclor 1242,Total,,0.5,ug/l,False,0.5,,,8082(W),UHL001,Actual,SW,Water,,,Lee,07100009,River/Stream,,40.4620485,-91.5670776
6,10560001,Des Moines River near Keokuk,06/11/2001 10:15:00,AMBIENT,603-17-8,Pheophytin a,NonFilt,,2,ug/l,True,1,,,10200H(2),UHL001,Actual,SW,Water,,,Lee,07100009,River/Stream,,40.4620485,-91.5670776
6,10560001,Des Moines River near Keokuk,06/11/2001 10:15:00,AMBIENT,14265-44-2,Orthophosphate (as P),Dissolved,,0.17,mg/l,True,0.05,,,Unknown,UHL001,Actual,SW,Water,,,Lee,07100009,River/Stream,,40.4620485,-91.5670776
6,10560001,Des Moines River near Keokuk,06/11/2001 10:15:00,AMBIENT,7631-86-9,Silica,Dissolved,,17,mg/l,True,1,,,370.1,UHL001,Actual,SW,Water,,,Lee,07100009,River/Stream,,40.4620485,-91.5670776
6,10560001,Des Moines River near Keokuk,06/11/2001 10:15:00,AMBIENT,TDS,Total dissolved solids,Dissolved,,350,mg/l,True,1,,,160.1,UHL001,Actual,SW,Water,,,Lee,07100009,River/Stream,,40.4620485,-91.5670776
6,10560001,Des Moines River near Keokuk,06/11/2001 10:15:00,AMBIENT,TSS,Total suspended solids,NonFilt,,72,mg/l,True,1,,,I3765,UHL001,Actual,SW,Water,,,Lee,07100009,River/Stream,,40.4620485,-91.5670776
6,10560001,Des Moines River near Keokuk,11/06/2000 13:20:00,AMBIENT,7782-44-7,Dissolved oxygen (DO),Total,,10.9,mg/l,True,0.1,,,4500-O-G,,Actual,SW,Water,,,Lee,07100009,River/Stream,,40.4620485,-91.5670776
6,10560001,Des Moines River near Keokuk,11/06/2000 13:20:00,AMBIENT,FLOW,Flow,Total,,950,cfs,True,0,,,USGS CA8,,Actual,SW,Water,,,Lee,07100009,River/Stream,,40.4620485,-91.5670776
6,10560001,Des Moines River near Keokuk,11/06/2000 13:20:00,AMBIENT,PH,pH,Total,,9.2,None,True,,,,4500-H,,Actual,SW,Water,,,Lee,07100009,River/Stream,,40.4620485,-91.5670776
6,10560001,Des Moines River near Keokuk,11/06/2000 13:20:00,AMBIENT,TEMP-WATER,"Temperature, water",Total,,11,deg C,True,0,,,2550,,Actual,SW,Water,,,Lee,07100009,River/Stream,,40.4620485,-91.5670776
6,10560001,Des Moines River near Keokuk,11/06/2000 13:20:00,AMBIENT,1007-28-9,2-Choro-6-ethylamino-4-amino-s-triazine,Total,,0.05,ug/l,False,0.05,,,507,UHL001,Actual,SW,Water,,,Lee,07100009,River/Stream,,40.4620485,-91.5670776
6,10560001,Des Moines River near Keokuk,11/06/2000 13:20:00,AMBIENT,122-34-9,Simazine,Total,,0.05,ug/l,False,0.05,,,507,UHL001,Actual,SW,Water,,,Lee,07100009,River/Stream,,40.4620485,-91.5670776
6,10560001,Des Moines River near Keokuk,11/06/2000 13:20:00,AMBIENT,139-40-2,Propazine,Total,,0.05,ug/l,False,0.05,,,507,UHL001,Actual,SW,Water,,,Lee,07100009,River/Stream,,40.4620485,-91.5670776
6,10560001,Des Moines River near Keokuk,11/06/2000 13:20:00,AMBIENT,1582-09-8,Trifluralin,Total,,0.05,ug/l,False,0.05,,,507,UHL001,Actual,SW,Water,,,Lee,07100009,River/Stream,,40.4620485,-91.5670776
6,10560001,Des Moines River near Keokuk,11/06/2000 13:20:00,AMBIENT,15972-60-8,Alachlor,Total,,0.05,ug/l,False,0.05,,,507,UHL001,Actual,SW,Water,,,Lee,07100009,River/Stream,,40.4620485,-91.5670776
6,10560001,Des Moines River near Keokuk,11/06/2000 13:20:00,AMBIENT,1610-18-0,Prometon,Total,,0.05,ug/l,False,0.05,,,507,UHL001,Actual,SW,Water,,,Lee,07100009,River/Stream,,40.4620485,-91.5670776
6,10560001,Des Moines River near Keokuk,11/06/2000 13:20:00,AMBIENT,1912-24-9,Atrazine,Total,,0.17,ug/l,True,0.05,,,507,UHL001,Actual,SW,Water,,,Lee,07100009,River/Stream,,40.4620485,-91.5670776
6,10560001,Des Moines River near Keokuk,11/06/2000 13:20:00,AMBIENT,1918-16-7,Propachlor,Total,,0.05,ug/l,False,0.05,,,507,UHL001,Actual,SW,Water,,,Lee,07100009,River/Stream,,40.4620485,-91.5670776
6,10560001,Des Moines River near Keokuk,11/06/2000 13:20:00,AMBIENT,2008-41-5,Butylate,Total,,0.05,ug/l,False,0.05,,,507,UHL001,Actual,SW,Water,,,Lee,07100009,River/Stream,,40.4620485,-91.5670776
6,10560001,Des Moines River near Keokuk,11/06/2000 13:20:00,AMBIENT,21087-64-9,Metribuzin,Total,,0.05,ug/l,False,0.05,,,507,UHL001,Actual,SW,Water,,,Lee,07100009,River/Stream,,40.4620485,-91.5670776
6,10560001,Des Moines River near Keokuk,11/06/2000 13:20:00,AMBIENT,21725-46-2,Cyanazine,Total,,0.05,ug/l,False,0.05,,,507,UHL001,Actual,SW,Water,,,Lee,07100009,River/Stream,,40.4620485,-91.5670776
6,10560001,Des Moines River near Keokuk,11/06/2000 13:20:00,AMBIENT,34256-82-1,Acetochlor,Total,,0.05,ug/l,False,0.05,,,507,UHL001,Actual,SW,Water,,,Lee,07100009,River/Stream,,40.4620485,-91.5670776
6,10560001,Des Moines River near Keokuk,11/06/2000 13:20:00,AMBIENT,51218-45-2,Metolachlor,Total,,0.05,ug/l,False,0.05,,,507,UHL001,Actual,SW,Water,,,Lee,07100009,River/Stream,,40.4620485,-91.5670776
6,10560001,Des Moines River near Keokuk,11/06/2000 13:20:00,AMBIENT,6190-65-4,2-Chloro-4-isopropylamino-6-amino-s-triazine,Total,,0.064,ug/l,True,0.05,,,507,UHL001,Actual,SW,Water,,,Lee,07100009,River/Stream,,40.4620485,-91.5670776
6,10560001,Des Moines River near Keokuk,11/06/2000 13:20:00,AMBIENT,759-94-4,S-Ethyl dipropylthiocarbamate,Total,,0.05,ug/l,False,0.05,,,507,UHL001,Actual,SW,Water,,,Lee,07100009,River/Stream,,40.4620485,-91.5670776
6,10560001,Des Moines River near Keokuk,11/06/2000 13:20:00,AMBIENT,834-12-8,Ametryn,Total,,0.05,ug/l,False,0.05,,,507,UHL001,Actual,SW,Water,,,Lee,07100009,River/Stream,,40.4620485,-91.5670776
6,10560001,Des Moines River near Keokuk,12/07/2000 14:40:00,AMBIENT,11003-45-5,Chlorophyll c,NonFilt,,1,ug/l,False,1,,,10200-H,UHL001,Actual,SW,Water,,,Lee,07100009,River/Stream,,40.4620485,-91.5670776
6,10560001,Des Moines River near Keokuk,12/07/2000 14:40:00,AMBIENT,479-61-8,Chlorophyll a,NonFilt,,10,ug/l,True,1,,,10200-H,UHL001,Actual,SW,Water,,,Lee,07100009,River/Stream,,40.4620485,-91.5670776
6,10560001,Des Moines River near Keokuk,12/07/2000 14:40:00,AMBIENT,519-62-0,Chlorophyll b,NonFilt,,1,ug/l,False,1,,,10200-H,UHL001,Actual,SW,Water,,,Lee,07100009,River/Stream,,40.4620485,-91.5670776
6,10560001,Des Moines River near Keokuk,12/07/2000 14:40:00,AMBIENT,CLR-A-UCP,"Chlorophyll a, uncorrected for pheophytin",NonFilt,,19,ug/l,True,1,,,10200-H,UHL001,Actual,SW,Water,,,Lee,07100009,River/Stream,,40.4620485,-91.5670776
6,10560001,Des Moines River near Keokuk,12/07/2000 14:40:00,AMBIENT,87674-68-8,Dimethenamid,Total,,0.05,ug/l,False,0.05,,,507,UHL001,Actual,SW,Water,,,Lee,07100009,River/Stream,,40.4620485,-91.5670776
6,10560001,Des Moines River near Keokuk,12/07/2000 14:40:00,AMBIENT,ENTERO,Enterococcus,Total,,20,MPN/100ml,True,10,,,9230-C,UHL001,Actual,SW,Water,,,Lee,07100009,River/Stream,,40.4620485,-91.5670776
6,10560001,Des Moines River near Keokuk,12/07/2000 14:40:00,AMBIENT,68583-22-2,Escherichia coli,Total,,10,MPN/100ml,False,10,,,APHA 9222 G,UHL001,Actual,SW,Water,,,Lee,07100009,River/Stream,,40.4620485,-91.5670776
6,10560001,Des Moines River near Keokuk,12/07/2000 14:40:00,AMBIENT,FEC-COL,Fecal Coliform,Total,,10,MPN/100ml,False,10,,,9222-D,UHL001,Actual,SW,Water,,,Lee,07100009,River/Stream,,40.4620485,-91.5670776
6,10560001,Des Moines River near Keokuk,12/07/2000 14:40:00,AMBIENT,HARD-CARB,"Hardness, carbonate",Total,,270,mg/l,True,1,,,Unknown,UHL001,Actual,SW,Water,,,Lee,07100009,River/Stream,,40.4620485,-91.5670776
6,10560001,Des Moines River near Keokuk,12/07/2000 14:40:00,AMBIENT,NIT-AMM,Ammonia-nitrogen (as N),Total,,0.1,mg/l,False,0.1,,,Unknown,UHL001,Actual,SW,Water,,,Lee,07100009,River/Stream,,40.4620485,-91.5670776
6,10560001,Des Moines River near Keokuk,12/07/2000 14:40:00,AMBIENT,NIT-KJELD,Kjeldahl nitrogen (AS N),Total,,0.8,mg/l,True,0.1,,,Unknown,UHL001,Actual,SW,Water,,,Lee,07100009,River/Stream,,40.4620485,-91.5670776
6,10560001,Des Moines River near Keokuk,12/07/2000 14:40:00,AMBIENT,NIT-NO3-NO2,Inorganic nitrogen (nitrate and nitrite) (as N),Total,,2.9,mg/l,True,0.1,,,Unknown,UHL001,Actual,SW,Water,,,Lee,07100009,River/Stream,,40.4620485,-91.5670776
6,10560001,Des Moines River near Keokuk,12/07/2000 14:40:00,AMBIENT,PHOSP-PHOSP,Phosphate-phosphorus (as P),Total,,0.6,mg/l,True,0.1,,,Unknown,UHL001,Actual,SW,Water,,,Lee,07100009,River/Stream,,40.4620485,-91.5670776
6,10560001,Des Moines River near Keokuk,12/07/2000 14:40:00,AMBIENT,603-17-8,Pheophytin a,NonFilt,,13,ug/l,True,1,,,10200H(2),UHL001,Actual,SW,Water,,,Lee,07100009,River/Stream,,40.4620485,-91.5670776
6,10560001,Des Moines River near Keokuk,12/07/2000 14:40:00,AMBIENT,14265-44-2,Orthophosphate (as P),Dissolved,,0.3,mg/l,True,0.1,,,Unknown,UHL001,Actual,SW,Water,,,Lee,07100009,River/Stream,,40.4620485,-91.5670776
6,10560001,Des Moines River near Keokuk,12/07/2000 14:40:00,AMBIENT,7631-86-9,Silica,Dissolved,,11,mg/l,True,1,,,370.1,UHL001,Actual,SW,Water,,,Lee,07100009,River/Stream,,40.4620485,-91.5670776
6,10560001,Des Moines River near Keokuk,12/07/2000 14:40:00,AMBIENT,TDS,Total dissolved solids,Dissolved,,390,mg/l,True,1,,,160.1,UHL001,Actual,SW,Water,,,Lee,07100009,River/Stream,,40.4620485,-91.5670776
6,10560001,Des Moines River near Keokuk,12/07/2000 14:40:00,AMBIENT,TSS,Total suspended solids,NonFilt,,46,mg/l,True,1,,,I3765,UHL001,Actual,SW,Water,,,Lee,07100009,River/Stream,,40.4620485,-91.5670776
6,10560001,Des Moines River near Keokuk,12/07/2000 14:40:00,AMBIENT,SPEC-COND,Specific conductance,Total,,640,uS/cm,True,1,,,2510,UHL001,Actual,SW,Water,,,Lee,07100009,River/Stream,,40.4620485,-91.5670776
6,10560001,Des Moines River near Keokuk,12/07/2000 14:40:00,AMBIENT,TURB,Turbidity,Total,,29,NTU,True,1,,,180.1,UHL001,Actual,SW,Water,,,Lee,07100009,River/Stream,,40.4620485,-91.5670776
6,10560001,Des Moines River near Keokuk,07/05/2001 09:30:00,AMBIENT,1024-57-3,Heptachlor epoxide,Total,,0.05,ug/l,False,0.05,,,508,UHL001,Actual,SW,Water,,,Lee,07100009,River/Stream,,40.4620485,-91.5670776
6,10560001,Des Moines River near Keokuk,07/05/2001 09:30:00,AMBIENT,1031-07-8,Endosulfan sulfate,Total,,0.05,ug/l,False,0.05,,,508,UHL001,Actual,SW,Water,,,Lee,07100009,River/Stream,,40.4620485,-91.5670776
6,10560001,Des Moines River near Keokuk,07/05/2001 09:30:00,AMBIENT,309-00-2,Aldrin,Total,,0.05,ug/l,False,0.05,,,508,UHL001,Actual,SW,Water,,,Lee,07100009,River/Stream,,40.4620485,-91.5670776
6,10560001,Des Moines River near Keokuk,07/05/2001 09:30:00,AMBIENT,319-84-6,.alpha.-Hexachlorocyclohexane,Total,,0.05,ug/l,False,0.05,,,508,UHL001,Actual,SW,Water,,,Lee,07100009,River/Stream,,40.4620485,-91.5670776
6,10560001,Des Moines River near Keokuk,07/05/2001 09:30:00,AMBIENT,319-85-7,.beta.-Hexachlorocyclohexane,Total,,0.05,ug/l,False,0.05,,,508,UHL001,Actual,SW,Water,,,Lee,07100009,River/Stream,,40.4620485,-91.5670776
6,10560001,Des Moines River near Keokuk,07/05/2001 09:30:00,AMBIENT,319-86-8,.delta.-Hexachlorocyclohexane,Total,,0.05,ug/l,False,0.05,,,508,UHL001,Actual,SW,Water,,,Lee,07100009,River/Stream,,40.4620485,-91.5670776
6,10560001,Des Moines River near Keokuk,07/05/2001 09:30:00,AMBIENT,33213-65-9,.beta.-Endosulfan,Total,,0.05,ug/l,False,0.05,,,508,UHL001,Actual,SW,Water,,,Lee,07100009,River/Stream,,40.4620485,-91.5670776
6,10560001,Des Moines River near Keokuk,07/05/2001 09:30:00,AMBIENT,50-29-3,"p,p'-DDT",Total,,0.05,ug/l,False,0.05,,,508,UHL001,Actual,SW,Water,,,Lee,07100009,River/Stream,,40.4620485,-91.5670776
6,10560001,Des Moines River near Keokuk,07/05/2001 09:30:00,AMBIENT,53494-70-5,Endrin ketone,Total,,0.05,ug/l,False,0.05,,,508,UHL001,Actual,SW,Water,,,Lee,07100009,River/Stream,,40.4620485,-91.5670776
6,10560001,Des Moines River near Keokuk,07/05/2001 09:30:00,AMBIENT,57-74-9,Chlordane,Total,,0.05,ug/l,False,0.05,,,508,UHL001,Actual,SW,Water,,,Lee,07100009,River/Stream,,40.4620485,-91.5670776
6,10560001,Des Moines River near Keokuk,07/05/2001 09:30:00,AMBIENT,58-89-9,Lindane,Total,,0.05,ug/l,False,0.05,,,508,UHL001,Actual,SW,Water,,,Lee,07100009,River/Stream,,40.4620485,-91.5670776
6,10560001,Des Moines River near Keokuk,07/05/2001 09:30:00,AMBIENT,60-57-1,Dieldrin,Total,,0.05,ug/l,False,0.05,,,508,UHL001,Actual,SW,Water,,,Lee,07100009,River/Stream,,40.4620485,-91.5670776
6,10560001,Des Moines River near Keokuk,07/05/2001 09:30:00,AMBIENT,72-20-8,Endrin,Total,,0.05,ug/l,False,0.05,,,508,UHL001,Actual,SW,Water,,,Lee,07100009,River/Stream,,40.4620485,-91.5670776
6,10560001,Des Moines River near Keokuk,07/05/2001 09:30:00,AMBIENT,72-43-5,Methoxychlor,Total,,0.05,ug/l,False,0.05,,,508,UHL001,Actual,SW,Water,,,Lee,07100009,River/Stream,,40.4620485,-91.5670776
6,10560001,Des Moines River near Keokuk,07/05/2001 09:30:00,AMBIENT,72-54-8,"p,p'-DDD",Total,,0.05,ug/l,False,0.05,,,508,UHL001,Actual,SW,Water,,,Lee,07100009,River/Stream,,40.4620485,-91.5670776
6,10560001,Des Moines River near Keokuk,07/05/2001 09:30:00,AMBIENT,72-55-9,"p,p'-DDE",Total,,0.05,ug/l,False,0.05,,,508,UHL001,Actual,SW,Water,,,Lee,07100009,River/Stream,,40.4620485,-91.5670776
6,10560001,Des Moines River near Keokuk,07/05/2001 09:30:00,AMBIENT,7421-93-4,Endrin aldehyde,Total,,0.05,ug/l,False,0.05,,,508,UHL001,Actual,SW,Water,,,Lee,07100009,River/Stream,,40.4620485,-91.5670776
6,10560001,Des Moines River near Keokuk,07/05/2001 09:30:00,AMBIENT,76-44-8,Heptachlor,Total,,0.05,ug/l,False,0.05,,,508,UHL001,Actual,SW,Water,,,Lee,07100009,River/Stream,,40.4620485,-91.5670776
6,10560001,Des Moines River near Keokuk,07/05/2001 09:30:00,AMBIENT,8001-35-2,Toxaphene,Total,,0.5,ug/l,False,0.5,,,508,UHL001,Actual,SW,Water,,,Lee,07100009,River/Stream,,40.4620485,-91.5670776
6,10560001,Des Moines River near Keokuk,07/05/2001 09:30:00,AMBIENT,959-98-8,.alpha.-Endosulfan,Total,,0.05,ug/l,False,0.05,,,508,UHL001,Actual,SW,Water,,,Lee,07100009,River/Stream,,40.4620485,-91.5670776
6,10560001,Des Moines River near Keokuk,07/05/2001 09:30:00,AMBIENT,CBOD-SC,"Carbonaceous biochemical oxygen demand, standard conditions",Total,,2,mg/l,False,2,,,UnknownBOD,UHL001,Actual,SW,Water,,,Lee,07100009,River/Stream,,40.4620485,-91.5670776
6,10560001,Des Moines River near Keokuk,07/05/2001 09:30:00,AMBIENT,16887-00-6,Chloride,Total,,19,mg/l,True,1,,,325.3,UHL001,Actual,SW,Water,,,Lee,07100009,River/Stream,,40.4620485,-91.5670776
6,10560001,Des Moines River near Keokuk,07/05/2001 09:30:00,AMBIENT,11003-45-5,Chlorophyll c,NonFilt,,1,ug/l,False,1,,,10200-H,UHL001,Actual,SW,Water,,,Lee,07100009,River/Stream,,40.4620485,-91.5670776
6,10560001,Des Moines River near Keokuk,07/05/2001 09:30:00,AMBIENT,479-61-8,Chlorophyll a,NonFilt,,5,ug/l,True,1,,,10200-H,UHL001,Actual,SW,Water,,,Lee,07100009,River/Stream,,40.4620485,-91.5670776
6,10560001,Des Moines River near Keokuk,07/05/2001 09:30:00,AMBIENT,519-62-0,Chlorophyll b,NonFilt,,1,ug/l,False,1,,,10200-H,UHL001,Actual,SW,Water,,,Lee,07100009,River/Stream,,40.4620485,-91.5670776
6,10560001,Des Moines River near Keokuk,07/05/2001 09:30:00,AMBIENT,CLR-A-UCP,"Chlorophyll a, uncorrected for pheophytin",NonFilt,,7,ug/l,True,1,,,10200-H,UHL001,Actual,SW,Water,,,Lee,07100009,River/Stream,,40.4620485,-91.5670776
6,10560001,Des Moines River near Keokuk,07/05/2001 09:30:00,AMBIENT,603-17-8,Pheophytin a,NonFilt,,3,ug/l,True,1,,,10200H(2),UHL001,Actual,SW,Water,,,Lee,07100009,River/Stream,,40.4620485,-91.5670776
6,10560001,Des Moines River near Keokuk,07/05/2001 09:30:00,AMBIENT,14265-44-2,Orthophosphate (as P),Dissolved,,0.14,mg/l,True,0.05,,,Unknown,UHL001,Actual,SW,Water,,,Lee,07100009,River/Stream,,40.4620485,-91.5670776
6,10560001,Des Moines River near Keokuk,07/05/2001 09:30:00,AMBIENT,7631-86-9,Silica,Dissolved,,18,mg/l,True,1,,,370.1,UHL001,Actual,SW,Water,,,Lee,07100009,River/Stream,,40.4620485,-91.5670776
6,10560001,Des Moines River near Keokuk,07/05/2001 09:30:00,AMBIENT,TDS,Total dissolved solids,Dissolved,,340,mg/l,True,1,,,160.1,UHL001,Actual,SW,Water,,,Lee,07100009,River/Stream,,40.4620485,-91.5670776
6,10560001,Des Moines River near Keokuk,07/05/2001 09:30:00,AMBIENT,TSS,Total suspended solids,NonFilt,,68,mg/l,True,1,,,I3765,UHL001,Actual,SW,Water,,,Lee,07100009,River/Stream,,40.4620485,-91.5670776
6,10560001,Des Moines River near Keokuk,07/05/2001 09:30:00,AMBIENT,SPEC-COND,Specific conductance,Total,,550,uS/cm,True,1,,,2510,UHL001,Actual,SW,Water,,,Lee,07100009,River/Stream,,40.4620485,-91.5670776
6,10560001,Des Moines River near Keokuk,07/05/2001 09:30:00,AMBIENT,14808-79-8,Sulfate (as SO4),Total,,40,mg/l,True,1,,,300(A),UHL001,Actual,SW,Water,,,Lee,07100009,River/Stream,,40.4620485,-91.5670776
6,10560001,Des Moines River near Keokuk,07/05/2001 09:30:00,AMBIENT,TURB,Turbidity,Total,,31,NTU,True,1,,,180.1,UHL001,Actual,SW,Water,,,Lee,07100009,River/Stream,,40.4620485,-91.5670776
6,10560001,Des Moines River near Keokuk,07/05/2001 09:30:00,AMBIENT,87674-68-8,Dimethenamid,Total,,0.15,ug/l,True,0.05,,,507,UHL001,Actual,SW,Water,,,Lee,07100009,River/Stream,,40.4620485,-91.5670776
6,10560001,Des Moines River near Keokuk,01/04/2001 09:20:00,AMBIENT,1007-28-9,2-Choro-6-ethylamino-4-amino-s-triazine,Total,,0.05,ug/l,False,0.05,,,507,UHL001,Actual,SW,Water,,,Lee,07100009,River/Stream,,40.4620485,-91.5670776
6,10560001,Des Moines River near Keokuk,01/04/2001 09:20:00,AMBIENT,122-34-9,Simazine,Total,,0.05,ug/l,False,0.05,,,507,UHL001,Actual,SW,Water,,,Lee,07100009,River/Stream,,40.4620485,-91.5670776
6,10560001,Des Moines River near Keokuk,01/04/2001 09:20:00,AMBIENT,139-40-2,Propazine,Total,,0.05,ug/l,False,0.05,,,507,UHL001,Actual,SW,Water,,,Lee,07100009,River/Stream,,40.4620485,-91.5670776
6,10560001,Des Moines River near Keokuk,01/04/2001 09:20:00,AMBIENT,1582-09-8,Trifluralin,Total,,0.05,ug/l,False,0.05,,,507,UHL001,Actual,SW,Water,,,Lee,07100009,River/Stream,,40.4620485,-91.5670776
6,10560001,Des Moines River near Keokuk,01/04/2001 09:20:00,AMBIENT,15972-60-8,Alachlor,Total,,0.05,ug/l,False,0.05,,,507,UHL001,Actual,SW,Water,,,Lee,07100009,River/Stream,,40.4620485,-91.5670776
6,10560001,Des Moines River near Keokuk,01/04/2001 09:20:00,AMBIENT,1610-18-0,Prometon,Total,,0.05,ug/l,False,0.05,,,507,UHL001,Actual,SW,Water,,,Lee,07100009,River/Stream,,40.4620485,-91.5670776
6,10560001,Des Moines River near Keokuk,01/04/2001 09:20:00,AMBIENT,1912-24-9,Atrazine,Total,,0.12,ug/l,True,0.05,,,507,UHL001,Actual,SW,Water,,,Lee,07100009,River/Stream,,40.4620485,-91.5670776
6,10560001,Des Moines River near Keokuk,01/04/2001 09:20:00,AMBIENT,1918-16-7,Propachlor,Total,,0.05,ug/l,False,0.05,,,507,UHL001,Actual,SW,Water,,,Lee,07100009,River/Stream,,40.4620485,-91.5670776
6,10560001,Des Moines River near Keokuk,01/04/2001 09:20:00,AMBIENT,2008-41-5,Butylate,Total,,0.05,ug/l,False,0.05,,,507,UHL001,Actual,SW,Water,,,Lee,07100009,River/Stream,,40.4620485,-91.5670776
6,10560001,Des Moines River near Keokuk,01/04/2001 09:20:00,AMBIENT,21087-64-9,Metribuzin,Total,,0.05,ug/l,False,0.05,,,507,UHL001,Actual,SW,Water,,,Lee,07100009,River/Stream,,40.4620485,-91.5670776
6,10560001,Des Moines River near Keokuk,01/04/2001 09:20:00,AMBIENT,21725-46-2,Cyanazine,Total,,0.05,ug/l,False,0.05,,,507,UHL001,Actual,SW,Water,,,Lee,07100009,River/Stream,,40.4620485,-91.5670776
6,10560001,Des Moines River near Keokuk,01/04/2001 09:20:00,AMBIENT,34256-82-1,Acetochlor,Total,,0.05,ug/l,False,0.05,,,507,UHL001,Actual,SW,Water,,,Lee,07100009,River/Stream,,40.4620485,-91.5670776
6,10560001,Des Moines River near Keokuk,01/04/2001 09:20:00,AMBIENT,51218-45-2,Metolachlor,Total,,0.05,ug/l,False,0.05,,,507,UHL001,Actual,SW,Water,,,Lee,07100009,River/Stream,,40.4620485,-91.5670776
6,10560001,Des Moines River near Keokuk,01/04/2001 09:20:00,AMBIENT,6190-65-4,2-Chloro-4-isopropylamino-6-amino-s-triazine,Total,,0.05,ug/l,False,0.05,,,507,UHL001,Actual,SW,Water,,,Lee,07100009,River/Stream,,40.4620485,-91.5670776
6,10560001,Des Moines River near Keokuk,01/04/2001 09:20:00,AMBIENT,759-94-4,S-Ethyl dipropylthiocarbamate,Total,,0.05,ug/l,False,0.05,,,507,UHL001,Actual,SW,Water,,,Lee,07100009,River/Stream,,40.4620485,-91.5670776
6,10560001,Des Moines River near Keokuk,01/04/2001 09:20:00,AMBIENT,834-12-8,Ametryn,Total,,0.05,ug/l,False,0.05,,,507,UHL001,Actual,SW,Water,,,Lee,07100009,River/Stream,,40.4620485,-91.5670776
6,10560001,Des Moines River near Keokuk,01/04/2001 09:20:00,AMBIENT,CBOD-SC,"Carbonaceous biochemical oxygen demand, standard conditions",Total,,1,mg/l,False,1,,,UnknownBOD,UHL001,Actual,SW,Water,,,Lee,07100009,River/Stream,,40.4620485,-91.5670776
6,10560001,Des Moines River near Keokuk,01/04/2001 09:20:00,AMBIENT,11003-45-5,Chlorophyll c,NonFilt,,1,ug/l,False,1,,,10200-H,UHL001,Actual,SW,Water,,,Lee,07100009,River/Stream,,40.4620485,-91.5670776
6,10560001,Des Moines River near Keokuk,01/04/2001 09:20:00,AMBIENT,479-61-8,Chlorophyll a,NonFilt,,2,ug/l,True,1,,,10200-H,UHL001,Actual,SW,Water,,,Lee,07100009,River/Stream,,40.4620485,-91.5670776
6,10560001,Des Moines River near Keokuk,01/04/2001 09:20:00,AMBIENT,519-62-0,Chlorophyll b,NonFilt,,1,ug/l,False,1,,,10200-H,UHL001,Actual,SW,Water,,,Lee,07100009,River/Stream,,40.4620485,-91.5670776
6,10560001,Des Moines River near Keokuk,01/04/2001 09:20:00,AMBIENT,CLR-A-UCP,"Chlorophyll a, uncorrected for pheophytin",NonFilt,,3,ug/l,True,1,,,10200-H,UHL001,Actual,SW,Water,,,Lee,07100009,River/Stream,,40.4620485,-91.5670776
6,10560001,Des Moines River near Keokuk,01/04/2001 09:20:00,AMBIENT,87674-68-8,Dimethenamid,Total,,0.05,ug/l,False,0.05,,,507,UHL001,Actual,SW,Water,,,Lee,07100009,River/Stream,,40.4620485,-91.5670776
6,10560001,Des Moines River near Keokuk,01/04/2001 09:20:00,AMBIENT,ENTERO,Enterococcus,Total,,20,MPN/100ml,True,10,,,9230-C,UHL001,Actual,SW,Water,,,Lee,07100009,River/Stream,,40.4620485,-91.5670776
6,10560001,Des Moines River near Keokuk,01/04/2001 09:20:00,AMBIENT,68583-22-2,Escherichia coli,Total,,10,MPN/100ml,False,10,,,APHA 9222 G,UHL001,Actual,SW,Water,,,Lee,07100009,River/Stream,,40.4620485,-91.5670776
6,10560001,Des Moines River near Keokuk,01/04/2001 09:20:00,AMBIENT,FEC-COL,Fecal Coliform,Total,,10,MPN/100ml,False,10,,,9222-D,UHL001,Actual,SW,Water,,,Lee,07100009,River/Stream,,40.4620485,-91.5670776
6,10560001,Des Moines River near Keokuk,01/04/2001 09:20:00,AMBIENT,HARD-CARB,"Hardness, carbonate",Total,,400,mg/l,True,1,,,Unknown,UHL001,Actual,SW,Water,,,Lee,07100009,River/Stream,,40.4620485,-91.5670776
6,10560001,Des Moines River near Keokuk,01/04/2001 09:20:00,AMBIENT,NIT-AMM,Ammonia-nitrogen (as N),Total,,0.1,mg/l,False,0.1,,,Unknown,UHL001,Actual,SW,Water,,,Lee,07100009,River/Stream,,40.4620485,-91.5670776
6,10560001,Des Moines River near Keokuk,01/04/2001 09:20:00,AMBIENT,NIT-KJELD,Kjeldahl nitrogen (AS N),Total,,0.7,mg/l,True,0.1,,,Unknown,UHL001,Actual,SW,Water,,,Lee,07100009,River/Stream,,40.4620485,-91.5670776
6,10560001,Des Moines River near Keokuk,01/04/2001 09:20:00,AMBIENT,NIT-NO3-NO2,Inorganic nitrogen (nitrate and nitrite) (as N),Total,,3.9,mg/l,True,0.1,,,Unknown,UHL001,Actual,SW,Water,,,Lee,07100009,River/Stream,,40.4620485,-91.5670776
6,10560001,Des Moines River near Keokuk,01/04/2001 09:20:00,AMBIENT,PHOSP-PHOSP,Phosphate-phosphorus (as P),Total,,0.3,mg/l,True,0.1,,,Unknown,UHL001,Actual,SW,Water,,,Lee,07100009,River/Stream,,40.4620485,-91.5670776
6,10560001,Des Moines River near Keokuk,01/04/2001 09:20:00,AMBIENT,603-17-8,Pheophytin a,NonFilt,,2,ug/l,True,1,,,10200H(2),UHL001,Actual,SW,Water,,,Lee,07100009,River/Stream,,40.4620485,-91.5670776
6,10560001,Des Moines River near Keokuk,01/04/2001 09:20:00,AMBIENT,14265-44-2,Orthophosphate (as P),Dissolved,,0.3,mg/l,True,0.1,,,Unknown,UHL001,Actual,SW,Water,,,Lee,07100009,River/Stream,,40.4620485,-91.5670776
6,10560001,Des Moines River near Keokuk,01/04/2001 09:20:00,AMBIENT,7631-86-9,Silica,Dissolved,,13,mg/l,True,1,,,370.1,UHL001,Actual,SW,Water,,,Lee,07100009,River/Stream,,40.4620485,-91.5670776
6,10560001,Des Moines River near Keokuk,01/04/2001 09:20:00,AMBIENT,TDS,Total dissolved solids,Dissolved,,420,mg/l,True,1,,,160.1,UHL001,Actual,SW,Water,,,Lee,07100009,River/Stream,,40.4620485,-91.5670776
6,10560001,Des Moines River near Keokuk,01/04/2001 09:20:00,AMBIENT,TSS,Total suspended solids,NonFilt,,1,mg/l,False,1,,,I3765,UHL001,Actual,SW,Water,,,Lee,07100009,River/Stream,,40.4620485,-91.5670776
6,10560001,Des Moines River near Keokuk,01/04/2001 09:20:00,AMBIENT,SPEC-COND,Specific conductance,Total,,790,uS/cm,True,1,,,2510,UHL001,Actual,SW,Water,,,Lee,07100009,River/Stream,,40.4620485,-91.5670776
6,10560001,Des Moines River near Keokuk,01/04/2001 09:20:00,AMBIENT,TURB,Turbidity,Total,,2.2,NTU,True,1,,,180.1,UHL001,Actual,SW,Water,,,Lee,07100009,River/Stream,,40.4620485,-91.5670776
6,10560001,Des Moines River near Keokuk,02/06/2001 09:15:00,AMBIENT,7782-44-7,Dissolved oxygen (DO),Total,,11.4,mg/l,True,0.1,,,4500-O-G,,Actual,SW,Water,,,Lee,07100009,River/Stream,,40.4620485,-91.5670776
6,10560001,Des Moines River near Keokuk,02/06/2001 09:15:00,AMBIENT,PH,pH,Total,,8.1,None,True,,,,4500-H,,Actual,SW,Water,,,Lee,07100009,River/Stream,,40.4620485,-91.5670776
6,10560001,Des Moines River near Keokuk,02/06/2001 09:15:00,AMBIENT,TEMP-WATER,"Temperature, water",Total,,0,deg C,True,0,,,2550,,Actual,SW,Water,,,Lee,07100009,River/Stream,,40.4620485,-91.5670776
6,10560001,Des Moines River near Keokuk,02/06/2001 09:15:00,AMBIENT,1007-28-9,2-Choro-6-ethylamino-4-amino-s-triazine,Total,,0.05,ug/l,False,0.05,,,507,UHL001,Actual,SW,Water,,,Lee,07100009,River/Stream,,40.4620485,-91.5670776
6,10560001,Des Moines River near Keokuk,02/06/2001 09:15:00,AMBIENT,122-34-9,Simazine,Total,,0.05,ug/l,False,0.05,,,507,UHL001,Actual,SW,Water,,,Lee,07100009,River/Stream,,40.4620485,-91.5670776
6,10560001,Des Moines River near Keokuk,02/06/2001 09:15:00,AMBIENT,139-40-2,Propazine,Total,,0.05,ug/l,False,0.05,,,507,UHL001,Actual,SW,Water,,,Lee,07100009,River/Stream,,40.4620485,-91.5670776
6,10560001,Des Moines River near Keokuk,02/06/2001 09:15:00,AMBIENT,1582-09-8,Trifluralin,Total,,0.05,ug/l,False,0.05,,,507,UHL001,Actual,SW,Water,,,Lee,07100009,River/Stream,,40.4620485,-91.5670776
6,10560001,Des Moines River near Keokuk,02/06/2001 09:15:00,AMBIENT,15972-60-8,Alachlor,Total,,0.05,ug/l,False,0.05,,,507,UHL001,Actual,SW,Water,,,Lee,07100009,River/Stream,,40.4620485,-91.5670776
6,10560001,Des Moines River near Keokuk,02/06/2001 09:15:00,AMBIENT,1610-18-0,Prometon,Total,,0.05,ug/l,False,0.05,,,507,UHL001,Actual,SW,Water,,,Lee,07100009,River/Stream,,40.4620485,-91.5670776
6,10560001,Des Moines River near Keokuk,02/06/2001 09:15:00,AMBIENT,1912-24-9,Atrazine,Total,,0.089,ug/l,True,0.05,,,507,UHL001,Actual,SW,Water,,,Lee,07100009,River/Stream,,40.4620485,-91.5670776
6,10560001,Des Moines River near Keokuk,02/06/2001 09:15:00,AMBIENT,1918-16-7,Propachlor,Total,,0.05,ug/l,False,0.05,,,507,UHL001,Actual,SW,Water,,,Lee,07100009,River/Stream,,40.4620485,-91.5670776
6,10560001,Des Moines River near Keokuk,02/06/2001 09:15:00,AMBIENT,2008-41-5,Butylate,Total,,0.05,ug/l,False,0.05,,,507,UHL001,Actual,SW,Water,,,Lee,07100009,River/Stream,,40.4620485,-91.5670776
6,10560001,Des Moines River near Keokuk,02/06/2001 09:15:00,AMBIENT,21087-64-9,Metribuzin,Total,,0.05,ug/l,False,0.05,,,507,UHL001,Actual,SW,Water,,,Lee,07100009,River/Stream,,40.4620485,-91.5670776
6,10560001,Des Moines River near Keokuk,02/06/2001 09:15:00,AMBIENT,21725-46-2,Cyanazine,Total,,0.05,ug/l,False,0.05,,,507,UHL001,Actual,SW,Water,,,Lee,07100009,River/Stream,,40.4620485,-91.5670776
6,10560001,Des Moines River near Keokuk,02/06/2001 09:15:00,AMBIENT,34256-82-1,Acetochlor,Total,,0.05,ug/l,False,0.05,,,507,UHL001,Actual,SW,Water,,,Lee,07100009,River/Stream,,40.4620485,-91.5670776
6,10560001,Des Moines River near Keokuk,02/06/2001 09:15:00,AMBIENT,51218-45-2,Metolachlor,Total,,0.05,ug/l,False,0.05,,,507,UHL001,Actual,SW,Water,,,Lee,07100009,River/Stream,,40.4620485,-91.5670776
6,10560001,Des Moines River near Keokuk,02/06/2001 09:15:00,AMBIENT,6190-65-4,2-Chloro-4-isopropylamino-6-amino-s-triazine,Total,,0.05,ug/l,False,0.05,,,507,UHL001,Actual,SW,Water,,,Lee,07100009,River/Stream,,40.4620485,-91.5670776
6,10560001,Des Moines River near Keokuk,02/06/2001 09:15:00,AMBIENT,759-94-4,S-Ethyl dipropylthiocarbamate,Total,,0.05,ug/l,False,0.05,,,507,UHL001,Actual,SW,Water,,,Lee,07100009,River/Stream,,40.4620485,-91.5670776
6,10560001,Des Moines River near Keokuk,02/06/2001 09:15:00,AMBIENT,834-12-8,Ametryn,Total,,0.05,ug/l,False,0.05,,,507,UHL001,Actual,SW,Water,,,Lee,07100009,River/Stream,,40.4620485,-91.5670776
6,10560001,Des Moines River near Keokuk,02/06/2001 09:15:00,AMBIENT,CBOD-SC,"Carbonaceous biochemical oxygen demand, standard conditions",Total,,1,mg/l,True,1,,,UnknownBOD,UHL001,Actual,SW,Water,,,Lee,07100009,River/Stream,,40.4620485,-91.5670776
6,10560001,Des Moines River near Keokuk,02/06/2001 09:15:00,AMBIENT,16887-00-6,Chloride,Total,,36,mg/l,True,1,,,325.3,UHL001,Actual,SW,Water,,,Lee,07100009,River/Stream,,40.4620485,-91.5670776
6,10560001,Des Moines River near Keokuk,02/06/2001 09:15:00,AMBIENT,11003-45-5,Chlorophyll c,NonFilt,,1,ug/l,False,1,,,10200-H,UHL001,Actual,SW,Water,,,Lee,07100009,River/Stream,,40.4620485,-91.5670776
6,10560001,Des Moines River near Keokuk,02/06/2001 09:15:00,AMBIENT,479-61-8,Chlorophyll a,NonFilt,,1,ug/l,False,1,,,10200-H,UHL001,Actual,SW,Water,,,Lee,07100009,River/Stream,,40.4620485,-91.5670776
6,10560001,Des Moines River near Keokuk,02/06/2001 09:15:00,AMBIENT,519-62-0,Chlorophyll b,NonFilt,,1,ug/l,False,1,,,10200-H,UHL001,Actual,SW,Water,,,Lee,07100009,River/Stream,,40.4620485,-91.5670776
6,10560001,Des Moines River near Keokuk,02/06/2001 09:15:00,AMBIENT,CLR-A-UCP,"Chlorophyll a, uncorrected for pheophytin",NonFilt,,2,ug/l,True,1,,,10200-H,UHL001,Actual,SW,Water,,,Lee,07100009,River/Stream,,40.4620485,-91.5670776
6,10560001,Des Moines River near Keokuk,02/06/2001 09:15:00,AMBIENT,87674-68-8,Dimethenamid,Total,,0.05,ug/l,False,0.05,,,507,UHL001,Actual,SW,Water,,,Lee,07100009,River/Stream,,40.4620485,-91.5670776
6,10560001,Des Moines River near Keokuk,02/06/2001 09:15:00,AMBIENT,ENTERO,Enterococcus,Total,,120,MPN/100ml,True,10,,,9230-C,UHL001,Actual,SW,Water,,,Lee,07100009,River/Stream,,40.4620485,-91.5670776
6,10560001,Des Moines River near Keokuk,02/06/2001 09:15:00,AMBIENT,68583-22-2,Escherichia coli,Total,,10,MPN/100ml,False,10,,,APHA 9222 G,UHL001,Actual,SW,Water,,,Lee,07100009,River/Stream,,40.4620485,-91.5670776
6,10560001,Des Moines River near Keokuk,02/06/2001 09:15:00,AMBIENT,FEC-COL,Fecal Coliform,Total,,10,MPN/100ml,False,10,,,9222-D,UHL001,Actual,SW,Water,,,Lee,07100009,River/Stream,,40.4620485,-91.5670776
6,10560001,Des Moines River near Keokuk,02/06/2001 09:15:00,AMBIENT,HARD-CARB,"Hardness, carbonate",Total,,250,mg/l,True,1,,,Unknown,UHL001,Actual,SW,Water,,,Lee,07100009,River/Stream,,40.4620485,-91.5670776
6,10560001,Des Moines River near Keokuk,02/06/2001 09:15:00,AMBIENT,NIT-AMM,Ammonia-nitrogen (as N),Total,,0.2,mg/l,True,0.1,,,Unknown,UHL001,Actual,SW,Water,,,Lee,07100009,River/Stream,,40.4620485,-91.5670776
6,10560001,Des Moines River near Keokuk,02/06/2001 09:15:00,AMBIENT,NIT-KJELD,Kjeldahl nitrogen (AS N),Total,,0.9,mg/l,True,0.1,,,Unknown,UHL001,Actual,SW,Water,,,Lee,07100009,River/Stream,,40.4620485,-91.5670776
6,10560001,Des Moines River near Keokuk,02/06/2001 09:15:00,AMBIENT,NIT-NO3-NO2,Inorganic nitrogen (nitrate and nitrite) (as N),Total,,3.7,mg/l,True,0.1,,,Unknown,UHL001,Actual,SW,Water,,,Lee,07100009,River/Stream,,40.4620485,-91.5670776
6,10560001,Des Moines River near Keokuk,02/06/2001 09:15:00,AMBIENT,PHOSP-PHOSP,Phosphate-phosphorus (as P),Total,,0.3,mg/l,True,0.1,,,Unknown,UHL001,Actual,SW,Water,,,Lee,07100009,River/Stream,,40.4620485,-91.5670776
6,10560001,Des Moines River near Keokuk,02/06/2001 09:15:00,AMBIENT,603-17-8,Pheophytin a,NonFilt,,2,ug/l,True,1,,,10200H(2),UHL001,Actual,SW,Water,,,Lee,07100009,River/Stream,,40.4620485,-91.5670776
6,10560001,Des Moines River near Keokuk,02/06/2001 09:15:00,AMBIENT,14265-44-2,Orthophosphate (as P),Dissolved,,0.2,mg/l,True,0.1,,,Unknown,UHL001,Actual,SW,Water,,,Lee,07100009,River/Stream,,40.4620485,-91.5670776
6,10560001,Des Moines River near Keokuk,02/06/2001 09:15:00,AMBIENT,7631-86-9,Silica,Dissolved,,10,mg/l,True,1,,,370.1,UHL001,Actual,SW,Water,,,Lee,07100009,River/Stream,,40.4620485,-91.5670776
6,10560001,Des Moines River near Keokuk,02/06/2001 09:15:00,AMBIENT,TDS,Total dissolved solids,Dissolved,,390,mg/l,True,1,,,160.1,UHL001,Actual,SW,Water,,,Lee,07100009,River/Stream,,40.4620485,-91.5670776
6,10560001,Des Moines River near Keokuk,03/07/2001 09:20:00,AMBIENT,14808-79-8,Sulfate (as SO4),Total,,72,mg/l,True,1,,,300(A),UHL001,Actual,SW,Water,,,Lee,07100009,River/Stream,,40.4620485,-91.5670776
6,10560001,Des Moines River near Keokuk,03/07/2001 09:20:00,AMBIENT,TURB,Turbidity,Total,,55,NTU,True,1,,,180.1,UHL001,Actual,SW,Water,,,Lee,07100009,River/Stream,,40.4620485,-91.5670776
6,10560001,Des Moines River near Keokuk,03/07/2001 09:20:00,AMBIENT,81777-89-1,Clomazone,Total,,0.05,ug/l,False,0.05,,,507,UHL001,Actual,SW,Water,,,Lee,07100009,River/Stream,,40.4620485,-91.5670776
6,10560001,Des Moines River near Keokuk,04/02/2001 11:10:00,AMBIENT,7782-44-7,Dissolved oxygen (DO),Total,,13.3,mg/l,True,0.1,,,4500-O-G,,Actual,SW,Water,,,Lee,07100009,River/Stream,,40.4620485,-91.5670776
6,10560001,Des Moines River near Keokuk,04/02/2001 11:10:00,AMBIENT,FLOW,Flow,Total,,25000,cfs,True,0,,,USGS CA8,,Actual,SW,Water,,,Lee,07100009,River/Stream,,40.4620485,-91.5670776
6,10560001,Des Moines River near Keokuk,04/02/2001 11:10:00,AMBIENT,PH,pH,Total,,7.7,None,True,,,,4500-H,,Actual,SW,Water,,,Lee,07100009,River/Stream,,40.4620485,-91.5670776
6,10560001,Des Moines River near Keokuk,04/02/2001 11:10:00,AMBIENT,TEMP-WATER,"Temperature, water",Total,,6,deg C,True,0,,,2550,,Actual,SW,Water,,,Lee,07100009,River/Stream,,40.4620485,-91.5670776
6,10560001,Des Moines River near Keokuk,04/02/2001 11:10:00,AMBIENT,120-36-5,Dichlorprop,Total,,0.2,ug/l,False,0.2,,,515.1,UHL001,Actual,SW,Water,,,Lee,07100009,River/Stream,,40.4620485,-91.5670776
6,10560001,Des Moines River near Keokuk,04/02/2001 11:10:00,AMBIENT,133-90-4,Chloramben,Total,,0.2,ug/l,False,0.2,,,515.1,UHL001,Actual,SW,Water,,,Lee,07100009,River/Stream,,40.4620485,-91.5670776
6,10560001,Des Moines River near Keokuk,04/02/2001 11:10:00,AMBIENT,1689-84-5,Bromoxynil,Total,,0.2,ug/l,False,0.2,,,515.1,UHL001,Actual,SW,Water,,,Lee,07100009,River/Stream,,40.4620485,-91.5670776
6,10560001,Des Moines River near Keokuk,04/02/2001 11:10:00,AMBIENT,1861-32-1,Chlorthal-dimethyl,Total,,0.2,ug/l,False,0.2,,,515.1,UHL001,Actual,SW,Water,,,Lee,07100009,River/Stream,,40.4620485,-91.5670776
6,10560001,Des Moines River near Keokuk,04/02/2001 11:10:00,AMBIENT,1918-00-9,Dicamba,Total,,0.2,ug/l,False,0.2,,,515.1,UHL001,Actual,SW,Water,,,Lee,07100009,River/Stream,,40.4620485,-91.5670776
6,10560001,Des Moines River near Keokuk,04/02/2001 11:10:00,AMBIENT,1918-02-01,Picloram,Total,,0.2,ug/l,False,0.2,,,515.1,UHL001,Actual,SW,Water,,,Lee,07100009,River/Stream,,40.4620485,-91.5670776
6,10560001,Des Moines River near Keokuk,04/02/2001 11:10:00,AMBIENT,25057-89-0,Bentazon,Total,,0.2,ug/l,False,0.2,,,515.1,UHL001,Actual,SW,Water,,,Lee,07100009,River/Stream,,40.4620485,-91.5670776
6,10560001,Des Moines River near Keokuk,04/02/2001 11:10:00,AMBIENT,50594-66-6,Acifluorfen,Total,,0.2,ug/l,False,0.2,,,515.1,UHL001,Actual,SW,Water,,,Lee,07100009,River/Stream,,40.4620485,-91.5670776
6,10560001,Des Moines River near Keokuk,04/02/2001 11:10:00,AMBIENT,55335-06-3,Triclopyr,Total,,0.2,ug/l,False,0.2,,,515.1,UHL001,Actual,SW,Water,,,Lee,07100009,River/Stream,,40.4620485,-91.5670776
6,10560001,Des Moines River near Keokuk,04/02/2001 11:10:00,AMBIENT,75-99-0,Dalapon,Total,,0.2,ug/l,False,0.2,,,515.1,UHL001,Actual,SW,Water,,,Lee,07100009,River/Stream,,40.4620485,-91.5670776
6,10560001,Des Moines River near Keokuk,04/02/2001 11:10:00,AMBIENT,87-86-5,Pentachlorophenol,Total,,0.2,ug/l,False,0.2,,,515.1,UHL001,Actual,SW,Water,,,Lee,07100009,River/Stream,,40.4620485,-91.5670776
6,10560001,Des Moines River near Keokuk,04/02/2001 11:10:00,AMBIENT,88-85-7,Dinoseb,Total,,0.2,ug/l,False,0.2,,,515.1,UHL001,Actual,SW,Water,,,Lee,07100009,River/Stream,,40.4620485,-91.5670776
6,10560001,Des Moines River near Keokuk,04/02/2001 11:10:00,AMBIENT,93-72-1,Silvex,Total,,0.2,ug/l,False,0.2,,,515.1,UHL001,Actual,SW,Water,,,Lee,07100009,River/Stream,,40.4620485,-91.5670776
6,10560001,Des Moines River near Keokuk,04/02/2001 11:10:00,AMBIENT,93-76-5,"2,4,5-T",Total,,0.2,ug/l,False,0.2,,,515.1,UHL001,Actual,SW,Water,,,Lee,07100009,River/Stream,,40.4620485,-91.5670776
6,10560001,Des Moines River near Keokuk,04/02/2001 11:10:00,AMBIENT,94-74-6,MCPA,Total,,200,ug/l,False,200,,,515.1,UHL001,Actual,SW,Water,,,Lee,07100009,River/Stream,,40.4620485,-91.5670776
6,10560001,Des Moines River near Keokuk,04/02/2001 11:10:00,AMBIENT,94-75-7,"2,4-D",Total,,0.2,ug/l,False,0.2,,,515.1,UHL001,Actual,SW,Water,,,Lee,07100009,River/Stream,,40.4620485,-91.5670776
6,10560001,Des Moines River near Keokuk,04/02/2001 11:10:00,AMBIENT,94-82-6,"2,4-DB",Total,,0.2,ug/l,False,0.2,,,515.1,UHL001,Actual,SW,Water,,,Lee,07100009,River/Stream,,40.4620485,-91.5670776
6,10560001,Des Moines River near Keokuk,04/02/2001 11:10:00,AMBIENT,1007-28-9,2-Choro-6-ethylamino-4-amino-s-triazine,Total,,0.05,ug/l,False,0.05,,,507,UHL001,Actual,SW,Water,,,Lee,07100009,River/Stream,,40.4620485,-91.5670776
6,10560001,Des Moines River near Keokuk,04/02/2001 11:10:00,AMBIENT,121-75-5,Malathion,Total,,0.05,ug/l,False,0.05,,,507,UHL001,Actual,SW,Water,,,Lee,07100009,River/Stream,,40.4620485,-91.5670776
6,10560001,Des Moines River near Keokuk,04/02/2001 11:10:00,AMBIENT,122-34-9,Simazine,Total,,0.05,ug/l,False,0.05,,,507,UHL001,Actual,SW,Water,,,Lee,07100009,River/Stream,,40.4620485,-91.5670776
6,10560001,Des Moines River near Keokuk,04/02/2001 11:10:00,AMBIENT,13071-79-9,Terbufos,Total,,0.05,ug/l,False,0.05,,,507,UHL001,Actual,SW,Water,,,Lee,07100009,River/Stream,,40.4620485,-91.5670776
6,10560001,Des Moines River near Keokuk,04/02/2001 11:10:00,AMBIENT,13194-48-4,Ethoprop,Total,,0.05,ug/l,False,0.05,,,507,UHL001,Actual,SW,Water,,,Lee,07100009,River/Stream,,40.4620485,-91.5670776
6,10560001,Des Moines River near Keokuk,04/02/2001 11:10:00,AMBIENT,139-40-2,Propazine,Total,,0.05,ug/l,False,0.05,,,507,UHL001,Actual,SW,Water,,,Lee,07100009,River/Stream,,40.4620485,-91.5670776
6,10560001,Des Moines River near Keokuk,04/02/2001 11:10:00,AMBIENT,1563-66-2,Carbofuran,Total,,0.05,ug/l,False,0.05,,,507,UHL001,Actual,SW,Water,,,Lee,07100009,River/Stream,,40.4620485,-91.5670776
6,10560001,Des Moines River near Keokuk,04/02/2001 11:10:00,AMBIENT,1582-09-8,Trifluralin,Total,,0.05,ug/l,False,0.05,,,507,UHL001,Actual,SW,Water,,,Lee,07100009,River/Stream,,40.4620485,-91.5670776
6,10560001,Des Moines River near Keokuk,04/02/2001 11:10:00,AMBIENT,15972-60-8,Alachlor,Total,,0.05,ug/l,False,0.05,,,507,UHL001,Actual,SW,Water,,,Lee,07100009,River/Stream,,40.4620485,-91.5670776
6,10560001,Des Moines River near Keokuk,04/02/2001 11:10:00,AMBIENT,1610-18-0,Prometon,Total,,0.05,ug/l,False,0.05,,,507,UHL001,Actual,SW,Water,,,Lee,07100009,River/Stream,,40.4620485,-91.5670776
6,10560001,Des Moines River near Keokuk,04/02/2001 11:10:00,AMBIENT,1912-24-9,Atrazine,Total,,0.058,ug/l,True,0.05,,,507,UHL001,Actual,SW,Water,,,Lee,07100009,River/Stream,,40.4620485,-91.5670776
6,10560001,Des Moines River near Keokuk,04/02/2001 11:10:00,AMBIENT,1918-16-7,Propachlor,Total,,0.05,ug/l,False,0.05,,,507,UHL001,Actual,SW,Water,,,Lee,07100009,River/Stream,,40.4620485,-91.5670776
6,10560001,Des Moines River near Keokuk,04/02/2001 11:10:00,AMBIENT,2008-41-5,Butylate,Total,,0.05,ug/l,False,0.05,,,507,UHL001,Actual,SW,Water,,,Lee,07100009,River/Stream,,40.4620485,-91.5670776
6,10560001,Des Moines River near Keokuk,04/02/2001 11:10:00,AMBIENT,21087-64-9,Metribuzin,Total,,0.05,ug/l,False,0.05,,,507,UHL001,Actual,SW,Water,,,Lee,07100009,River/Stream,,40.4620485,-91.5670776
6,10560001,Des Moines River near Keokuk,04/02/2001 11:10:00,AMBIENT,21725-46-2,Cyanazine,Total,,0.05,ug/l,False,0.05,,,507,UHL001,Actual,SW,Water,,,Lee,07100009,River/Stream,,40.4620485,-91.5670776
6,10560001,Des Moines River near Keokuk,04/02/2001 11:10:00,AMBIENT,2303-17-5,Triallate,Total,,0.05,ug/l,False,0.05,,,507,UHL001,Actual,SW,Water,,,Lee,07100009,River/Stream,,40.4620485,-91.5670776
6,10560001,Des Moines River near Keokuk,04/02/2001 11:10:00,AMBIENT,23184-66-9,Butachlor,Total,,0.05,ug/l,False,0.05,,,507,UHL001,Actual,SW,Water,,,Lee,07100009,River/Stream,,40.4620485,-91.5670776
6,10560001,Des Moines River near Keokuk,04/02/2001 11:10:00,AMBIENT,25311-71-1,Isofenphos,Total,,0.05,ug/l,False,0.05,,,507,UHL001,Actual,SW,Water,,,Lee,07100009,River/Stream,,40.4620485,-91.5670776
6,10560001,Des Moines River near Keokuk,04/02/2001 11:10:00,AMBIENT,2921-88-2,Chlorpyrifos,Total,,0.05,ug/l,False,0.05,,,507,UHL001,Actual,SW,Water,,,Lee,07100009,River/Stream,,40.4620485,-91.5670776
6,10560001,Des Moines River near Keokuk,04/02/2001 11:10:00,AMBIENT,298-00-0,Methyl parathion,Total,,0.05,ug/l,False,0.05,,,507,UHL001,Actual,SW,Water,,,Lee,07100009,River/Stream,,40.4620485,-91.5670776
6,10560001,Des Moines River near Keokuk,04/02/2001 11:10:00,AMBIENT,298-02-2,Phorate,Total,,0.05,ug/l,False,0.05,,,507,UHL001,Actual,SW,Water,,,Lee,07100009,River/Stream,,40.4620485,-91.5670776
6,10560001,Des Moines River near Keokuk,04/02/2001 11:10:00,AMBIENT,298-04-4,Disulfoton,Total,,0.05,ug/l,False,0.05,,,507,UHL001,Actual,SW,Water,,,Lee,07100009,River/Stream,,40.4620485,-91.5670776
6,10560001,Des Moines River near Keokuk,04/02/2001 11:10:00,AMBIENT,314-40-9,Bromacil,Total,,0.05,ug/l,False,0.05,,,507,UHL001,Actual,SW,Water,,,Lee,07100009,River/Stream,,40.4620485,-91.5670776
6,10560001,Des Moines River near Keokuk,04/02/2001 11:10:00,AMBIENT,333-41-5,Diazinon,Total,,0.05,ug/l,False,0.05,,,507,UHL001,Actual,SW,Water,,,Lee,07100009,River/Stream,,40.4620485,-91.5670776
6,10560001,Des Moines River near Keokuk,04/02/2001 11:10:00,AMBIENT,34256-82-1,Acetochlor,Total,,0.05,ug/l,False,0.05,,,507,UHL001,Actual,SW,Water,,,Lee,07100009,River/Stream,,40.4620485,-91.5670776
6,10560001,Des Moines River near Keokuk,04/02/2001 11:10:00,AMBIENT,40487-42-1,Pendimethalin,Total,,0.05,ug/l,False,0.05,,,507,UHL001,Actual,SW,Water,,,Lee,07100009,River/Stream,,40.4620485,-91.5670776
6,10560001,Des Moines River near Keokuk,04/02/2001 11:10:00,AMBIENT,51218-45-2,Metolachlor,Total,,2.4,ug/l,True,0.05,,,507,UHL001,Actual,SW,Water,,,Lee,07100009,River/Stream,,40.4620485,-91.5670776
6,10560001,Des Moines River near Keokuk,04/02/2001 11:10:00,AMBIENT,56-38-2,Parathion,Total,,0.05,ug/l,False,0.05,,,507,UHL001,Actual,SW,Water,,,Lee,07100009,River/Stream,,40.4620485,-91.5670776
6,10560001,Des Moines River near Keokuk,04/02/2001 11:10:00,AMBIENT,60-51-5,Dimethoate,Total,,0.05,ug/l,False,0.05,,,507,UHL001,Actual,SW,Water,,,Lee,07100009,River/Stream,,40.4620485,-91.5670776
6,10560001,Des Moines River near Keokuk,04/02/2001 11:10:00,AMBIENT,6190-65-4,2-Chloro-4-isopropylamino-6-amino-s-triazine,Total,,0.05,ug/l,False,0.05,,,507,UHL001,Actual,SW,Water,,,Lee,07100009,River/Stream,,40.4620485,-91.5670776
6,10560001,Des Moines River near Keokuk,04/02/2001 11:10:00,AMBIENT,62-73-7,Dichlorvos,Total,,0.05,ug/l,False,0.05,,,507,UHL001,Actual,SW,Water,,,Lee,07100009,River/Stream,,40.4620485,-91.5670776
6,10560001,Des Moines River near Keokuk,04/02/2001 11:10:00,AMBIENT,63-25-2,Carbaryl,Total,,0.05,ug/l,False,0.05,,,507,UHL001,Actual,SW,Water,,,Lee,07100009,River/Stream,,40.4620485,-91.5670776
6,10560001,Des Moines River near Keokuk,04/02/2001 11:10:00,AMBIENT,759-94-4,S-Ethyl dipropylthiocarbamate,Total,,0.05,ug/l,False,0.05,,,507,UHL001,Actual,SW,Water,,,Lee,07100009,River/Stream,,40.4620485,-91.5670776
6,10560001,Des Moines River near Keokuk,04/02/2001 11:10:00,AMBIENT,834-12-8,Ametryn,Total,,0.05,ug/l,False,0.05,,,507,UHL001,Actual,SW,Water,,,Lee,07100009,River/Stream,,40.4620485,-91.5670776
6,10560001,Des Moines River near Keokuk,04/02/2001 11:10:00,AMBIENT,944-22-9,Fonofos,Total,,0.05,ug/l,False,0.05,,,507,UHL001,Actual,SW,Water,,,Lee,07100009,River/Stream,,40.4620485,-91.5670776
6,10560001,Des Moines River near Keokuk,04/02/2001 11:10:00,AMBIENT,1024-57-3,Heptachlor epoxide,Total,,0.05,ug/l,False,0.05,,,508,UHL001,Actual,SW,Water,,,Lee,07100009,River/Stream,,40.4620485,-91.5670776
6,10560001,Des Moines River near Keokuk,04/02/2001 11:10:00,AMBIENT,1031-07-8,Endosulfan sulfate,Total,,0.05,ug/l,False,0.05,,,508,UHL001,Actual,SW,Water,,,Lee,07100009,River/Stream,,40.4620485,-91.5670776
6,10560001,Des Moines River near Keokuk,04/02/2001 11:10:00,AMBIENT,309-00-2,Aldrin,Total,,0.05,ug/l,False,0.05,,,508,UHL001,Actual,SW,Water,,,Lee,07100009,River/Stream,,40.4620485,-91.5670776
6,10560001,Des Moines River near Keokuk,04/02/2001 11:10:00,AMBIENT,319-84-6,.alpha.-Hexachlorocyclohexane,Total,,0.05,ug/l,False,0.05,,,508,UHL001,Actual,SW,Water,,,Lee,07100009,River/Stream,,40.4620485,-91.5670776
6,10560001,Des Moines River near Keokuk,04/02/2001 11:10:00,AMBIENT,319-85-7,.beta.-Hexachlorocyclohexane,Total,,0.05,ug/l,False,0.05,,,508,UHL001,Actual,SW,Water,,,Lee,07100009,River/Stream,,40.4620485,-91.5670776
6,10560001,Des Moines River near Keokuk,04/02/2001 11:10:00,AMBIENT,319-86-8,.delta.-Hexachlorocyclohexane,Total,,0.05,ug/l,False,0.05,,,508,UHL001,Actual,SW,Water,,,Lee,07100009,River/Stream,,40.4620485,-91.5670776
6,10560001,Des Moines River near Keokuk,04/02/2001 11:10:00,AMBIENT,33213-65-9,.beta.-Endosulfan,Total,,0.05,ug/l,False,0.05,,,508,UHL001,Actual,SW,Water,,,Lee,07100009,River/Stream,,40.4620485,-91.5670776
6,10560001,Des Moines River near Keokuk,04/02/2001 11:10:00,AMBIENT,50-29-3,"p,p'-DDT",Total,,0.05,ug/l,False,0.05,,,508,UHL001,Actual,SW,Water,,,Lee,07100009,River/Stream,,40.4620485,-91.5670776
6,10560001,Des Moines River near Keokuk,04/02/2001 11:10:00,AMBIENT,53494-70-5,Endrin ketone,Total,,0.05,ug/l,False,0.05,,,508,UHL001,Actual,SW,Water,,,Lee,07100009,River/Stream,,40.4620485,-91.5670776
6,10560001,Des Moines River near Keokuk,04/02/2001 11:10:00,AMBIENT,57-74-9,Chlordane,Total,,0.2,ug/l,False,0.2,,,508,UHL001,Actual,SW,Water,,,Lee,07100009,River/Stream,,40.4620485,-91.5670776
6,10560001,Des Moines River near Keokuk,04/02/2001 11:10:00,AMBIENT,58-89-9,Lindane,Total,,0.05,ug/l,False,0.05,,,508,UHL001,Actual,SW,Water,,,Lee,07100009,River/Stream,,40.4620485,-91.5670776
6,10560001,Des Moines River near Keokuk,04/02/2001 11:10:00,AMBIENT,60-57-1,Dieldrin,Total,,0.05,ug/l,False,0.05,,,508,UHL001,Actual,SW,Water,,,Lee,07100009,River/Stream,,40.4620485,-91.5670776
6,10560001,Des Moines River near Keokuk,04/02/2001 11:10:00,AMBIENT,72-20-8,Endrin,Total,,0.05,ug/l,False,0.05,,,508,UHL001,Actual,SW,Water,,,Lee,07100009,River/Stream,,40.4620485,-91.5670776
6,10560001,Des Moines River near Keokuk,04/02/2001 11:10:00,AMBIENT,72-43-5,Methoxychlor,Total,,0.05,ug/l,False,0.05,,,508,UHL001,Actual,SW,Water,,,Lee,07100009,River/Stream,,40.4620485,-91.5670776
6,10560001,Des Moines River near Keokuk,04/02/2001 11:10:00,AMBIENT,72-54-8,"p,p'-DDD",Total,,0.05,ug/l,False,0.05,,,508,UHL001,Actual,SW,Water,,,Lee,07100009,River/Stream,,40.4620485,-91.5670776
6,10560001,Des Moines River near Keokuk,04/02/2001 11:10:00,AMBIENT,72-55-9,"p,p'-DDE",Total,,0.05,ug/l,False,0.05,,,508,UHL001,Actual,SW,Water,,,Lee,07100009,River/Stream,,40.4620485,-91.5670776
6,10560001,Des Moines River near Keokuk,04/02/2001 11:10:00,AMBIENT,7421-93-4,Endrin aldehyde,Total,,0.05,ug/l,False,0.05,,,508,UHL001,Actual,SW,Water,,,Lee,07100009,River/Stream,,40.4620485,-91.5670776
6,10560001,Des Moines River near Keokuk,04/02/2001 11:10:00,AMBIENT,76-44-8,Heptachlor,Total,,0.05,ug/l,False,0.05,,,508,UHL001,Actual,SW,Water,,,Lee,07100009,River/Stream,,40.4620485,-91.5670776
6,10560001,Des Moines River near Keokuk,04/02/2001 11:10:00,AMBIENT,8001-35-2,Toxaphene,Total,,1,ug/l,False,1,,,508,UHL001,Actual,SW,Water,,,Lee,07100009,River/Stream,,40.4620485,-91.5670776
6,10560001,Des Moines River near Keokuk,04/02/2001 11:10:00,AMBIENT,959-98-8,.alpha.-Endosulfan,Total,,0.05,ug/l,False,0.05,,,508,UHL001,Actual,SW,Water,,,Lee,07100009,River/Stream,,40.4620485,-91.5670776
6,10560001,Des Moines River near Keokuk,04/02/2001 11:10:00,AMBIENT,77521-29-0,".alpha.-Amino-2,3-dihydro-5-methyl-3-oxo-4-isoxazolepropanoic acid",Total,,10,ug/l,False,10,,,547,UHL001,Actual,SW,Water,,,Lee,07100009,River/Stream,,40.4620485,-91.5670776
6,10560001,Des Moines River near Keokuk,04/02/2001 11:10:00,AMBIENT,CBOD-SC,"Carbonaceous biochemical oxygen demand, standard conditions",Total,,2,mg/l,False,2,,,UnknownBOD,UHL001,Actual,SW,Water,,,Lee,07100009,River/Stream,,40.4620485,-91.5670776
6,10560001,Des Moines River near Keokuk,04/02/2001 11:10:00,AMBIENT,16887-00-6,Chloride,Total,,12,mg/l,True,1,,,325.3,UHL001,Actual,SW,Water,,,Lee,07100009,River/Stream,,40.4620485,-91.5670776
6,10560001,Des Moines River near Keokuk,04/02/2001 11:10:00,AMBIENT,11003-45-5,Chlorophyll c,NonFilt,,1,ug/l,False,1,,,10200-H,UHL001,Actual,SW,Water,,,Lee,07100009,River/Stream,,40.4620485,-91.5670776
6,10560001,Des Moines River near Keokuk,04/02/2001 11:10:00,AMBIENT,479-61-8,Chlorophyll a,NonFilt,,1,ug/l,False,1,,,10200-H,UHL001,Actual,SW,Water,,,Lee,07100009,River/Stream,,40.4620485,-91.5670776
6,10560001,Des Moines River near Keokuk,04/02/2001 11:10:00,AMBIENT,519-62-0,Chlorophyll b,NonFilt,,1,ug/l,False,1,,,10200-H,UHL001,Actual,SW,Water,,,Lee,07100009,River/Stream,,40.4620485,-91.5670776
6,10560001,Des Moines River near Keokuk,04/02/2001 11:10:00,AMBIENT,CLR-A-UCP,"Chlorophyll a, uncorrected for pheophytin",NonFilt,,1,ug/l,True,1,,,10200-H,UHL001,Actual,SW,Water,,,Lee,07100009,River/Stream,,40.4620485,-91.5670776
6,10560001,Des Moines River near Keokuk,04/02/2001 11:10:00,AMBIENT,87674-68-8,Dimethenamid,Total,,0.05,ug/l,False,0.05,,,507,UHL001,Actual,SW,Water,,,Lee,07100009,River/Stream,,40.4620485,-91.5670776
6,10560001,Des Moines River near Keokuk,04/02/2001 11:10:00,AMBIENT,ENTERO,Enterococcus,Total,,30,MPN/100ml,True,10,,,9230-C,UHL001,Actual,SW,Water,,,Lee,07100009,River/Stream,,40.4620485,-91.5670776
6,10560001,Des Moines River near Keokuk,04/02/2001 11:10:00,AMBIENT,68583-22-2,Escherichia coli,Total,,20,MPN/100ml,True,10,,,APHA 9222 G,UHL001,Actual,SW,Water,,,Lee,07100009,River/Stream,,40.4620485,-91.5670776
6,10560001,Des Moines River near Keokuk,04/02/2001 11:10:00,AMBIENT,FEC-COL,Fecal Coliform,Total,,20,MPN/100ml,True,10,,,9222-D,UHL001,Actual,SW,Water,,,Lee,07100009,River/Stream,,40.4620485,-91.5670776
6,10560001,Des Moines River near Keokuk,02/05/2002 12:30:00,AMBIENT,7782-44-7,Dissolved oxygen (DO),Total,,13.8,mg/l,True,0.1,,,4500-O-G,,Actual,SW,Water,,,Lee,07100009,River/Stream,,40.4620485,-91.5670776
6,10560001,Des Moines River near Keokuk,02/05/2002 12:30:00,AMBIENT,PH,pH,Total,,8.8,None,True,,,,4500-H,,Actual,SW,Water,,,Lee,07100009,River/Stream,,40.4620485,-91.5670776
6,10560001,Des Moines River near Keokuk,02/05/2002 12:30:00,AMBIENT,TEMP-WATER,"Temperature, water",Total,,0.5,deg C,True,0,,,2550,,Actual,SW,Water,,,Lee,07100009,River/Stream,,40.4620485,-91.5670776
6,10560001,Des Moines River near Keokuk,02/05/2002 12:30:00,AMBIENT,CLOUD-COVCL,Cloud cover (choice list),Total,,0,None,True,,,,Unknown,,,AIR,Air,,,Lee,07100009,River/Stream,,40.4620485,-91.5670776
6,10560001,Des Moines River near Keokuk,02/05/2002 12:30:00,AMBIENT,TEMP-AIR,"Temperature, air",Total,,26,deg F,True,,,,Unknown,,Estimated,AIR,Air,,,Lee,07100009,River/Stream,,40.4620485,-91.5670776
6,10560001,Des Moines River near Keokuk,02/05/2002 12:30:00,AMBIENT,WIND-DIR,"Wind direction (direction from, expressed 0-360 deg)",Total,,225,Deg,True,,,,Unknown,,Estimated,AIR,Air,,,Lee,07100009,River/Stream,,40.4620485,-91.5670776
6,10560001,Des Moines River near Keokuk,02/05/2002 12:30:00,AMBIENT,WIND-VEL,Wind velocity,Total,,7,mph,True,,,,Unknown,,Estimated,AIR,Air,,,Lee,07100009,River/Stream,,40.4620485,-91.5670776
6,10560001,Des Moines River near Keokuk,02/05/2002 12:30:00,AMBIENT,FLOW-SEV,"Flow, severity (choice list)",Total,,0,None,True,,,,Unknown,,,SW,Water,,,Lee,07100009,River/Stream,,40.4620485,-91.5670776
6,10560001,Des Moines River near Keokuk,02/05/2002 12:30:00,AMBIENT,ICE-COVERCL,"Ice cover, floating or solid - severity (choice list)",Total,,0,None,True,,,,Unknown,,,SW,Water,,,Lee,07100009,River/Stream,,40.4620485,-91.5670776
6,10560001,Des Moines River near Keokuk,02/05/2002 12:30:00,AMBIENT,1007-28-9,2-Choro-6-ethylamino-4-amino-s-triazine,Total,,0.05,ug/l,False,0.05,,,507,UHL001,Actual,SW,Water,,,Lee,07100009,River/Stream,,40.4620485,-91.5670776
6,10560001,Des Moines River near Keokuk,02/05/2002 12:30:00,AMBIENT,122-34-9,Simazine,Total,,0.05,ug/l,False,0.05,,,507,UHL001,Actual,SW,Water,,,Lee,07100009,River/Stream,,40.4620485,-91.5670776
6,10560001,Des Moines River near Keokuk,02/05/2002 12:30:00,AMBIENT,139-40-2,Propazine,Total,,0.05,ug/l,False,0.05,,,507,UHL001,Actual,SW,Water,,,Lee,07100009,River/Stream,,40.4620485,-91.5670776
6,10560001,Des Moines River near Keokuk,02/05/2002 12:30:00,AMBIENT,1582-09-8,Trifluralin,Total,,0.05,ug/l,False,0.05,,,507,UHL001,Actual,SW,Water,,,Lee,07100009,River/Stream,,40.4620485,-91.5670776
6,10560001,Des Moines River near Keokuk,02/05/2002 12:30:00,AMBIENT,15972-60-8,Alachlor,Total,,0.05,ug/l,False,0.05,,,507,UHL001,Actual,SW,Water,,,Lee,07100009,River/Stream,,40.4620485,-91.5670776
6,10560001,Des Moines River near Keokuk,02/05/2002 12:30:00,AMBIENT,1610-18-0,Prometon,Total,,0.05,ug/l,False,0.05,,,507,UHL001,Actual,SW,Water,,,Lee,07100009,River/Stream,,40.4620485,-91.5670776
6,10560001,Des Moines River near Keokuk,02/05/2002 12:30:00,AMBIENT,1912-24-9,Atrazine,Total,,0.11,ug/l,True,0.05,,,507,UHL001,Actual,SW,Water,,,Lee,07100009,River/Stream,,40.4620485,-91.5670776
6,10560001,Des Moines River near Keokuk,02/05/2002 12:30:00,AMBIENT,1918-16-7,Propachlor,Total,,0.05,ug/l,False,0.05,,,507,UHL001,Actual,SW,Water,,,Lee,07100009,River/Stream,,40.4620485,-91.5670776
6,10560001,Des Moines River near Keokuk,02/05/2002 12:30:00,AMBIENT,2008-41-5,Butylate,Total,,0.05,ug/l,False,0.05,,,507,UHL001,Actual,SW,Water,,,Lee,07100009,River/Stream,,40.4620485,-91.5670776
6,10560001,Des Moines River near Keokuk,02/05/2002 12:30:00,AMBIENT,21087-64-9,Metribuzin,Total,,0.05,ug/l,False,0.05,,,507,UHL001,Actual,SW,Water,,,Lee,07100009,River/Stream,,40.4620485,-91.5670776
6,10560001,Des Moines River near Keokuk,02/05/2002 12:30:00,AMBIENT,21725-46-2,Cyanazine,Total,,0.05,ug/l,False,0.05,,,507,UHL001,Actual,SW,Water,,,Lee,07100009,River/Stream,,40.4620485,-91.5670776
6,10560001,Des Moines River near Keokuk,02/05/2002 12:30:00,AMBIENT,34256-82-1,Acetochlor,Total,,0.05,ug/l,False,0.05,,,507,UHL001,Actual,SW,Water,,,Lee,07100009,River/Stream,,40.4620485,-91.5670776
6,10560001,Des Moines River near Keokuk,02/05/2002 12:30:00,AMBIENT,51218-45-2,Metolachlor,Total,,0.05,ug/l,False,0.05,,,507,UHL001,Actual,SW,Water,,,Lee,07100009,River/Stream,,40.4620485,-91.5670776
6,10560001,Des Moines River near Keokuk,02/05/2002 12:30:00,AMBIENT,6190-65-4,2-Chloro-4-isopropylamino-6-amino-s-triazine,Total,,0.05,ug/l,True,0.05,,,507,UHL001,Actual,SW,Water,,,Lee,07100009,River/Stream,,40.4620485,-91.5670776
6,10560001,Des Moines River near Keokuk,02/05/2002 12:30:00,AMBIENT,759-94-4,S-Ethyl dipropylthiocarbamate,Total,,0.05,ug/l,False,0.05,,,507,UHL001,Actual,SW,Water,,,Lee,07100009,River/Stream,,40.4620485,-91.5670776
6,10560001,Des Moines River near Keokuk,02/05/2002 12:30:00,AMBIENT,834-12-8,Ametryn,Total,,0.05,ug/l,False,0.05,,,507,UHL001,Actual,SW,Water,,,Lee,07100009,River/Stream,,40.4620485,-91.5670776
6,10560001,Des Moines River near Keokuk,02/05/2002 12:30:00,AMBIENT,87674-68-8,Dimethenamid,Total,,0.05,ug/l,False,0.05,,,507,UHL001,Actual,SW,Water,,,Lee,07100009,River/Stream,,40.4620485,-91.5670776
6,10560001,Des Moines River near Keokuk,02/05/2002 12:30:00,AMBIENT,CBOD-SC,"Carbonaceous biochemical oxygen demand, standard conditions",Total,,2,mg/l,False,2,,,UnknownBOD,UHL001,Actual,SW,Water,,,Lee,07100009,River/Stream,,40.4620485,-91.5670776
6,10560001,Des Moines River near Keokuk,02/05/2002 12:30:00,AMBIENT,16887-00-6,Chloride,Total,,42,mg/l,True,1,,,325.3,UHL001,Actual,SW,Water,,,Lee,07100009,River/Stream,,40.4620485,-91.5670776
6,10560001,Des Moines River near Keokuk,02/05/2002 12:30:00,AMBIENT,11003-45-5,Chlorophyll c,NonFilt,,2,ug/l,True,1,,,10200-H,UHL001,Actual,SW,Water,,,Lee,07100009,River/Stream,,40.4620485,-91.5670776
6,10560001,Des Moines River near Keokuk,02/05/2002 12:30:00,AMBIENT,479-61-8,Chlorophyll a,NonFilt,,25,ug/l,True,1,,,10200-H,UHL001,Actual,SW,Water,,,Lee,07100009,River/Stream,,40.4620485,-91.5670776
6,10560001,Des Moines River near Keokuk,02/05/2002 12:30:00,AMBIENT,519-62-0,Chlorophyll b,NonFilt,,1,ug/l,False,1,,,10200-H,UHL001,Actual,SW,Water,,,Lee,07100009,River/Stream,,40.4620485,-91.5670776
6,10560001,Des Moines River near Keokuk,02/05/2002 12:30:00,AMBIENT,CLR-A-UCP,"Chlorophyll a, uncorrected for pheophytin",NonFilt,,25,ug/l,True,1,,,10200-H,UHL001,Actual,SW,Water,,,Lee,07100009,River/Stream,,40.4620485,-91.5670776
6,10560001,Des Moines River near Keokuk,03/05/2002 09:30:00,AMBIENT,FLOW,Flow,Total,,1100,cfs,True,0.1,,,USGS CA8,,Actual,SW,Water,,,Lee,07100009,River/Stream,,40.4620485,-91.5670776
6,10560001,Des Moines River near Keokuk,03/05/2002 09:30:00,AMBIENT,PH,pH,Total,,9,None,True,,,,4500-H,,Actual,SW,Water,,,Lee,07100009,River/Stream,,40.4620485,-91.5670776
6,10560001,Des Moines River near Keokuk,03/05/2002 09:30:00,AMBIENT,TEMP-WATER,"Temperature, water",Total,,0,deg C,True,0,,,2550,,Actual,SW,Water,,,Lee,07100009,River/Stream,,40.4620485,-91.5670776
6,10560001,Des Moines River near Keokuk,03/05/2002 09:30:00,AMBIENT,CLOUD-COVCL,Cloud cover (choice list),Total,,0,None,True,,,,Unknown,,,AIR,Air,,,Lee,07100009,River/Stream,,40.4620485,-91.5670776
6,10560001,Des Moines River near Keokuk,03/05/2002 09:30:00,AMBIENT,TEMP-AIR,"Temperature, air",Total,,21,deg F,True,,,,Unknown,,Estimated,AIR,Air,,,Lee,07100009,River/Stream,,40.4620485,-91.5670776
6,10560001,Des Moines River near Keokuk,03/05/2002 09:30:00,AMBIENT,WIND-DIR,"Wind direction (direction from, expressed 0-360 deg)",Total,,135,Deg,True,,,,Unknown,,Estimated,AIR,Air,,,Lee,07100009,River/Stream,,40.4620485,-91.5670776
6,10560001,Des Moines River near Keokuk,03/05/2002 09:30:00,AMBIENT,WIND-VEL,Wind velocity,Total,,2,mph,True,,,,Unknown,,Estimated,AIR,Air,,,Lee,07100009,River/Stream,,40.4620485,-91.5670776
6,10560001,Des Moines River near Keokuk,03/05/2002 09:30:00,AMBIENT,FLOW-SEV,"Flow, severity (choice list)",Total,,0,None,True,,,,Unknown,,,SW,Water,,,Lee,07100009,River/Stream,,40.4620485,-91.5670776
6,10560001,Des Moines River near Keokuk,03/05/2002 09:30:00,AMBIENT,ICE-COVERCL,"Ice cover, floating or solid - severity (choice list)",Total,,0,None,True,,,,Unknown,,,SW,Water,,,Lee,07100009,River/Stream,,40.4620485,-91.5670776
6,10560001,Des Moines River near Keokuk,04/01/2002 08:50:00,AMBIENT,TEMP-WATER,"Temperature, water",Total,,7.4,deg C,True,0,,,2550,,Actual,SW,Water,,,Lee,07100009,River/Stream,,40.4620485,-91.5670776
6,10560001,Des Moines River near Keokuk,04/01/2002 08:50:00,AMBIENT,CLOUD-COVCL,Cloud cover (choice list),Total,,0,None,True,,,,Unknown,,,AIR,Air,,,Lee,07100009,River/Stream,,40.4620485,-91.5670776
6,10560001,Des Moines River near Keokuk,04/01/2002 08:50:00,AMBIENT,TEMP-AIR,"Temperature, air",Total,,33,deg F,True,,,,Unknown,,Estimated,AIR,Air,,,Lee,07100009,River/Stream,,40.4620485,-91.5670776
6,10560001,Des Moines River near Keokuk,04/01/2002 08:50:00,AMBIENT,WIND-DIR,"Wind direction (direction from, expressed 0-360 deg)",Total,,90,Deg,True,,,,Unknown,,Estimated,AIR,Air,,,Lee,07100009,River/Stream,,40.4620485,-91.5670776
6,10560001,Des Moines River near Keokuk,04/01/2002 08:50:00,AMBIENT,WIND-VEL,Wind velocity,Total,,7,mph,True,,,,Unknown,,Estimated,AIR,Air,,,Lee,07100009,River/Stream,,40.4620485,-91.5670776
6,10560001,Des Moines River near Keokuk,04/01/2002 08:50:00,AMBIENT,FLOW-SEV,"Flow, severity (choice list)",Total,,0,None,True,,,,Unknown,,,SW,Water,,,Lee,07100009,River/Stream,,40.4620485,-91.5670776
6,10560001,Des Moines River near Keokuk,04/01/2002 08:50:00,AMBIENT,ICE-COVERCL,"Ice cover, floating or solid - severity (choice list)",Total,,0,None,True,,,,Unknown,,,SW,Water,,,Lee,07100009,River/Stream,,40.4620485,-91.5670776
6,10560001,Des Moines River near Keokuk,04/01/2002 08:50:00,AMBIENT,120-36-5,Dichlorprop,Total,,0.2,ug/l,False,0.2,,,515.1,UHL001,Actual,SW,Water,,,Lee,07100009,River/Stream,,40.4620485,-91.5670776
6,10560001,Des Moines River near Keokuk,04/01/2002 08:50:00,AMBIENT,133-90-4,Chloramben,Total,,0.2,ug/l,False,0.2,,,515.1,UHL001,Actual,SW,Water,,,Lee,07100009,River/Stream,,40.4620485,-91.5670776
6,10560001,Des Moines River near Keokuk,04/01/2002 08:50:00,AMBIENT,1689-84-5,Bromoxynil,Total,,0.2,ug/l,False,0.2,,,515.1,UHL001,Actual,SW,Water,,,Lee,07100009,River/Stream,,40.4620485,-91.5670776
6,10560001,Des Moines River near Keokuk,04/01/2002 08:50:00,AMBIENT,1861-32-1,Chlorthal-dimethyl,Total,,0.2,ug/l,False,0.2,,,515.1,UHL001,Actual,SW,Water,,,Lee,07100009,River/Stream,,40.4620485,-91.5670776
6,10560001,Des Moines River near Keokuk,04/01/2002 08:50:00,AMBIENT,1918-00-9,Dicamba,Total,,0.2,ug/l,False,0.2,,,515.1,UHL001,Actual,SW,Water,,,Lee,07100009,River/Stream,,40.4620485,-91.5670776
6,10560001,Des Moines River near Keokuk,04/01/2002 08:50:00,AMBIENT,1918-02-01,Picloram,Total,,0.2,ug/l,False,0.2,,,515.1,UHL001,Actual,SW,Water,,,Lee,07100009,River/Stream,,40.4620485,-91.5670776
6,10560001,Des Moines River near Keokuk,04/01/2002 08:50:00,AMBIENT,25057-89-0,Bentazon,Total,,0.2,ug/l,False,0.2,,,515.1,UHL001,Actual,SW,Water,,,Lee,07100009,River/Stream,,40.4620485,-91.5670776
6,10560001,Des Moines River near Keokuk,04/01/2002 08:50:00,AMBIENT,50594-66-6,Acifluorfen,Total,,0.2,ug/l,False,0.2,,,515.1,UHL001,Actual,SW,Water,,,Lee,07100009,River/Stream,,40.4620485,-91.5670776
6,10560001,Des Moines River near Keokuk,04/01/2002 08:50:00,AMBIENT,55335-06-3,Triclopyr,Total,,0.2,ug/l,False,0.2,,,515.1,UHL001,Actual,SW,Water,,,Lee,07100009,River/Stream,,40.4620485,-91.5670776
6,10560001,Des Moines River near Keokuk,04/01/2002 08:50:00,AMBIENT,75-99-0,Dalapon,Total,,0.2,ug/l,False,0.2,,,515.1,UHL001,Actual,SW,Water,,,Lee,07100009,River/Stream,,40.4620485,-91.5670776
6,10560001,Des Moines River near Keokuk,04/01/2002 08:50:00,AMBIENT,87-86-5,Pentachlorophenol,Total,,0.2,ug/l,False,0.2,,,515.1,UHL001,Actual,SW,Water,,,Lee,07100009,River/Stream,,40.4620485,-91.5670776
6,10560001,Des Moines River near Keokuk,04/01/2002 08:50:00,AMBIENT,88-85-7,Dinoseb,Total,,0.2,ug/l,False,0.2,,,515.1,UHL001,Actual,SW,Water,,,Lee,07100009,River/Stream,,40.4620485,-91.5670776
6,10560001,Des Moines River near Keokuk,04/01/2002 08:50:00,AMBIENT,93-72-1,Silvex,Total,,0.2,ug/l,False,0.2,,,515.1,UHL001,Actual,SW,Water,,,Lee,07100009,River/Stream,,40.4620485,-91.5670776
6,10560001,Des Moines River near Keokuk,04/01/2002 08:50:00,AMBIENT,93-76-5,"2,4,5-T",Total,,0.2,ug/l,False,0.2,,,515.1,UHL001,Actual,SW,Water,,,Lee,07100009,River/Stream,,40.4620485,-91.5670776
6,10560001,Des Moines River near Keokuk,04/01/2002 08:50:00,AMBIENT,94-74-6,MCPA,Total,,200,ug/l,False,200,,,515.1,UHL001,Actual,SW,Water,,,Lee,07100009,River/Stream,,40.4620485,-91.5670776
6,10560001,Des Moines River near Keokuk,04/01/2002 08:50:00,AMBIENT,94-75-7,"2,4-D",Total,,0.2,ug/l,False,0.2,,,515.1,UHL001,Actual,SW,Water,,,Lee,07100009,River/Stream,,40.4620485,-91.5670776
6,10560001,Des Moines River near Keokuk,04/01/2002 08:50:00,AMBIENT,94-82-6,"2,4-DB",Total,,0.2,ug/l,False,0.2,,,515.1,UHL001,Actual,SW,Water,,,Lee,07100009,River/Stream,,40.4620485,-91.5670776
6,10560001,Des Moines River near Keokuk,04/01/2002 08:50:00,AMBIENT,120-36-5,Dichlorprop,Total,,0.2,ug/l,False,0.2,,,515.1,UHL001,Actual,SW,Water,,,Lee,07100009,River/Stream,,40.4620485,-91.5670776
6,10560001,Des Moines River near Keokuk,04/01/2002 08:50:00,AMBIENT,133-90-4,Chloramben,Total,,0.2,ug/l,False,0.2,,,515.1,UHL001,Actual,SW,Water,,,Lee,07100009,River/Stream,,40.4620485,-91.5670776
6,10560001,Des Moines River near Keokuk,04/01/2002 08:50:00,AMBIENT,1689-84-5,Bromoxynil,Total,,0.2,ug/l,False,0.2,,,515.1,UHL001,Actual,SW,Water,,,Lee,07100009,River/Stream,,40.4620485,-91.5670776
6,10560001,Des Moines River near Keokuk,04/01/2002 08:50:00,AMBIENT,1861-32-1,Chlorthal-dimethyl,Total,,0.2,ug/l,False,0.2,,,515.1,UHL001,Actual,SW,Water,,,Lee,07100009,River/Stream,,40.4620485,-91.5670776
6,10560001,Des Moines River near Keokuk,04/01/2002 08:50:00,AMBIENT,1918-00-9,Dicamba,Total,,0.2,ug/l,False,0.2,,,515.1,UHL001,Actual,SW,Water,,,Lee,07100009,River/Stream,,40.4620485,-91.5670776
6,10560001,Des Moines River near Keokuk,04/01/2002 08:50:00,AMBIENT,1918-02-01,Picloram,Total,,0.4,ug/l,False,0.4,,,515.1,UHL001,Actual,SW,Water,,,Lee,07100009,River/Stream,,40.4620485,-91.5670776
6,10560001,Des Moines River near Keokuk,04/01/2002 08:50:00,AMBIENT,25057-89-0,Bentazon,Total,,0.5,ug/l,False,0.5,,,515.1,UHL001,Actual,SW,Water,,,Lee,07100009,River/Stream,,40.4620485,-91.5670776
6,10560001,Des Moines River near Keokuk,04/01/2002 08:50:00,AMBIENT,50594-66-6,Acifluorfen,Total,,0.2,ug/l,False,0.2,,,515.1,UHL001,Actual,SW,Water,,,Lee,07100009,River/Stream,,40.4620485,-91.5670776
6,10560001,Des Moines River near Keokuk,04/01/2002 08:50:00,AMBIENT,55335-06-3,Triclopyr,Total,,0.2,ug/l,False,0.2,,,515.1,UHL001,Actual,SW,Water,,,Lee,07100009,River/Stream,,40.4620485,-91.5670776
6,10560001,Des Moines River near Keokuk,04/01/2002 08:50:00,AMBIENT,88-85-7,Dinoseb,Total,,0.2,ug/l,False,0.2,,,515.1,UHL001,Actual,SW,Water,,,Lee,07100009,River/Stream,,40.4620485,-91.5670776
6,10560001,Des Moines River near Keokuk,04/01/2002 08:50:00,AMBIENT,93-72-1,Silvex,Total,,0.2,ug/l,False,0.2,,,515.1,UHL001,Actual,SW,Water,,,Lee,07100009,River/Stream,,40.4620485,-91.5670776
6,10560001,Des Moines River near Keokuk,04/01/2002 08:50:00,AMBIENT,93-76-5,"2,4,5-T",Total,,0.2,ug/l,False,0.2,,,515.1,UHL001,Actual,SW,Water,,,Lee,07100009,River/Stream,,40.4620485,-91.5670776
6,10560001,Des Moines River near Keokuk,04/01/2002 08:50:00,AMBIENT,94-75-7,"2,4-D",Total,,0.4,ug/l,False,0.4,,,515.1,UHL001,Actual,SW,Water,,,Lee,07100009,River/Stream,,40.4620485,-91.5670776
6,10560001,Des Moines River near Keokuk,04/01/2002 08:50:00,AMBIENT,94-82-6,"2,4-DB",Total,,0.4,ug/l,False,0.4,,,515.1,UHL001,Actual,SW,Water,,,Lee,07100009,River/Stream,,40.4620485,-91.5670776
6,10560001,Des Moines River near Keokuk,04/01/2002 08:50:00,AMBIENT,1007-28-9,2-Choro-6-ethylamino-4-amino-s-triazine,Total,,0.05,ug/l,False,0.05,,,507,UHL001,Actual,SW,Water,,,Lee,07100009,River/Stream,,40.4620485,-91.5670776
6,10560001,Des Moines River near Keokuk,04/01/2002 08:50:00,AMBIENT,121-75-5,Malathion,Total,,0.05,ug/l,False,0.05,,,507,UHL001,Actual,SW,Water,,,Lee,07100009,River/Stream,,40.4620485,-91.5670776
6,10560001,Des Moines River near Keokuk,04/01/2002 08:50:00,AMBIENT,122-34-9,Simazine,Total,,0.05,ug/l,False,0.05,,,507,UHL001,Actual,SW,Water,,,Lee,07100009,River/Stream,,40.4620485,-91.5670776
6,10560001,Des Moines River near Keokuk,04/01/2002 08:50:00,AMBIENT,13071-79-9,Terbufos,Total,,0.05,ug/l,False,0.05,,,507,UHL001,Actual,SW,Water,,,Lee,07100009,River/Stream,,40.4620485,-91.5670776
6,10560001,Des Moines River near Keokuk,04/01/2002 08:50:00,AMBIENT,13194-48-4,Ethoprop,Total,,0.05,ug/l,False,0.05,,,507,UHL001,Actual,SW,Water,,,Lee,07100009,River/Stream,,40.4620485,-91.5670776
6,10560001,Des Moines River near Keokuk,04/01/2002 08:50:00,AMBIENT,139-40-2,Propazine,Total,,0.05,ug/l,False,0.05,,,507,UHL001,Actual,SW,Water,,,Lee,07100009,River/Stream,,40.4620485,-91.5670776
6,10560001,Des Moines River near Keokuk,04/01/2002 08:50:00,AMBIENT,1563-66-2,Carbofuran,Total,,0.05,ug/l,False,0.05,,,507,UHL001,Actual,SW,Water,,,Lee,07100009,River/Stream,,40.4620485,-91.5670776
6,10560001,Des Moines River near Keokuk,04/01/2002 08:50:00,AMBIENT,1582-09-8,Trifluralin,Total,,0.05,ug/l,False,0.05,,,507,UHL001,Actual,SW,Water,,,Lee,07100009,River/Stream,,40.4620485,-91.5670776
6,10560001,Des Moines River near Keokuk,04/01/2002 08:50:00,AMBIENT,15972-60-8,Alachlor,Total,,0.05,ug/l,False,0.05,,,507,UHL001,Actual,SW,Water,,,Lee,07100009,River/Stream,,40.4620485,-91.5670776
6,10560001,Des Moines River near Keokuk,04/01/2002 08:50:00,AMBIENT,1610-18-0,Prometon,Total,,0.05,ug/l,False,0.05,,,507,UHL001,Actual,SW,Water,,,Lee,07100009,River/Stream,,40.4620485,-91.5670776
6,10560001,Des Moines River near Keokuk,04/01/2002 08:50:00,AMBIENT,1912-24-9,Atrazine,Total,,0.1,ug/l,True,0.05,,,507,UHL001,Actual,SW,Water,,,Lee,07100009,River/Stream,,40.4620485,-91.5670776
6,10560001,Des Moines River near Keokuk,04/01/2002 08:50:00,AMBIENT,1918-16-7,Propachlor,Total,,0.05,ug/l,False,0.05,,,507,UHL001,Actual,SW,Water,,,Lee,07100009,River/Stream,,40.4620485,-91.5670776
6,10560001,Des Moines River near Keokuk,04/01/2002 08:50:00,AMBIENT,2008-41-5,Butylate,Total,,0.05,ug/l,False,0.05,,,507,UHL001,Actual,SW,Water,,,Lee,07100009,River/Stream,,40.4620485,-91.5670776
6,10560001,Des Moines River near Keokuk,04/01/2002 08:50:00,AMBIENT,21087-64-9,Metribuzin,Total,,0.05,ug/l,False,0.05,,,507,UHL001,Actual,SW,Water,,,Lee,07100009,River/Stream,,40.4620485,-91.5670776
6,10560001,Des Moines River near Keokuk,04/01/2002 08:50:00,AMBIENT,21725-46-2,Cyanazine,Total,,0.05,ug/l,False,0.05,,,507,UHL001,Actual,SW,Water,,,Lee,07100009,River/Stream,,40.4620485,-91.5670776
6,10560001,Des Moines River near Keokuk,04/01/2002 08:50:00,AMBIENT,2303-17-5,Triallate,Total,,0.05,ug/l,False,0.05,,,507,UHL001,Actual,SW,Water,,,Lee,07100009,River/Stream,,40.4620485,-91.5670776
6,10560001,Des Moines River near Keokuk,04/01/2002 08:50:00,AMBIENT,23184-66-9,Butachlor,Total,,0.05,ug/l,False,0.05,,,507,UHL001,Actual,SW,Water,,,Lee,07100009,River/Stream,,40.4620485,-91.5670776
6,10560001,Des Moines River near Keokuk,04/01/2002 08:50:00,AMBIENT,25311-71-1,Isofenphos,Total,,0.05,ug/l,False,0.05,,,507,UHL001,Actual,SW,Water,,,Lee,07100009,River/Stream,,40.4620485,-91.5670776
6,10560001,Des Moines River near Keokuk,04/01/2002 08:50:00,AMBIENT,2921-88-2,Chlorpyrifos,Total,,0.05,ug/l,False,0.05,,,507,UHL001,Actual,SW,Water,,,Lee,07100009,River/Stream,,40.4620485,-91.5670776
6,10560001,Des Moines River near Keokuk,04/01/2002 08:50:00,AMBIENT,298-00-0,Methyl parathion,Total,,0.05,ug/l,False,0.05,,,507,UHL001,Actual,SW,Water,,,Lee,07100009,River/Stream,,40.4620485,-91.5670776
6,10560001,Des Moines River near Keokuk,04/01/2002 08:50:00,AMBIENT,298-02-2,Phorate,Total,,0.05,ug/l,False,0.05,,,507,UHL001,Actual,SW,Water,,,Lee,07100009,River/Stream,,40.4620485,-91.5670776
6,10560001,Des Moines River near Keokuk,04/01/2002 08:50:00,AMBIENT,298-04-4,Disulfoton,Total,,0.05,ug/l,False,0.05,,,507,UHL001,Actual,SW,Water,,,Lee,07100009,River/Stream,,40.4620485,-91.5670776
6,10560001,Des Moines River near Keokuk,04/01/2002 08:50:00,AMBIENT,314-40-9,Bromacil,Total,,0.05,ug/l,False,0.05,,,507,UHL001,Actual,SW,Water,,,Lee,07100009,River/Stream,,40.4620485,-91.5670776
6,10560001,Des Moines River near Keokuk,04/01/2002 08:50:00,AMBIENT,333-41-5,Diazinon,Total,,0.05,ug/l,False,0.05,,,507,UHL001,Actual,SW,Water,,,Lee,07100009,River/Stream,,40.4620485,-91.5670776
6,10560001,Des Moines River near Keokuk,04/01/2002 08:50:00,AMBIENT,34256-82-1,Acetochlor,Total,,0.05,ug/l,False,0.05,,,507,UHL001,Actual,SW,Water,,,Lee,07100009,River/Stream,,40.4620485,-91.5670776
6,10560001,Des Moines River near Keokuk,04/01/2002 08:50:00,AMBIENT,40487-42-1,Pendimethalin,Total,,0.05,ug/l,False,0.05,,,507,UHL001,Actual,SW,Water,,,Lee,07100009,River/Stream,,40.4620485,-91.5670776
6,10560001,Des Moines River near Keokuk,04/01/2002 08:50:00,AMBIENT,51218-45-2,Metolachlor,Total,,0.05,ug/l,False,0.05,,,507,UHL001,Actual,SW,Water,,,Lee,07100009,River/Stream,,40.4620485,-91.5670776
6,10560001,Des Moines River near Keokuk,04/01/2002 08:50:00,AMBIENT,56-38-2,Parathion,Total,,0.05,ug/l,False,0.05,,,507,UHL001,Actual,SW,Water,,,Lee,07100009,River/Stream,,40.4620485,-91.5670776
6,10560001,Des Moines River near Keokuk,04/01/2002 08:50:00,AMBIENT,60-51-5,Dimethoate,Total,,0.05,ug/l,False,0.05,,,507,UHL001,Actual,SW,Water,,,Lee,07100009,River/Stream,,40.4620485,-91.5670776
6,10560001,Des Moines River near Keokuk,04/01/2002 08:50:00,AMBIENT,6190-65-4,2-Chloro-4-isopropylamino-6-amino-s-triazine,Total,,0.05,ug/l,True,0.05,,,507,UHL001,Actual,SW,Water,,,Lee,07100009,River/Stream,,40.4620485,-91.5670776
6,10560001,Des Moines River near Keokuk,04/01/2002 08:50:00,AMBIENT,62-73-7,Dichlorvos,Total,,0.05,ug/l,False,0.05,,,507,UHL001,Actual,SW,Water,,,Lee,07100009,River/Stream,,40.4620485,-91.5670776
6,10560001,Des Moines River near Keokuk,04/01/2002 08:50:00,AMBIENT,63-25-2,Carbaryl,Total,,0.05,ug/l,False,0.05,,,507,UHL001,Actual,SW,Water,,,Lee,07100009,River/Stream,,40.4620485,-91.5670776
6,10560001,Des Moines River near Keokuk,04/01/2002 08:50:00,AMBIENT,759-94-4,S-Ethyl dipropylthiocarbamate,Total,,0.05,ug/l,False,0.05,,,507,UHL001,Actual,SW,Water,,,Lee,07100009,River/Stream,,40.4620485,-91.5670776
6,10560001,Des Moines River near Keokuk,04/01/2002 08:50:00,AMBIENT,834-12-8,Ametryn,Total,,0.05,ug/l,False,0.05,,,507,UHL001,Actual,SW,Water,,,Lee,07100009,River/Stream,,40.4620485,-91.5670776
6,10560001,Des Moines River near Keokuk,04/01/2002 08:50:00,AMBIENT,87674-68-8,Dimethenamid,Total,,0.05,ug/l,False,0.05,,,507,UHL001,Actual,SW,Water,,,Lee,07100009,River/Stream,,40.4620485,-91.5670776
6,10560001,Des Moines River near Keokuk,04/01/2002 08:50:00,AMBIENT,944-22-9,Fonofos,Total,,0.05,ug/l,False,0.05,,,507,UHL001,Actual,SW,Water,,,Lee,07100009,River/Stream,,40.4620485,-91.5670776
6,10560001,Des Moines River near Keokuk,04/01/2002 08:50:00,AMBIENT,1024-57-3,Heptachlor epoxide,Total,,0.05,ug/l,False,0.05,,,508,UHL001,Actual,SW,Water,,,Lee,07100009,River/Stream,,40.4620485,-91.5670776
6,10560001,Des Moines River near Keokuk,04/01/2002 08:50:00,AMBIENT,1031-07-8,Endosulfan sulfate,Total,,0.05,ug/l,False,0.05,,,508,UHL001,Actual,SW,Water,,,Lee,07100009,River/Stream,,40.4620485,-91.5670776
6,10560001,Des Moines River near Keokuk,04/01/2002 08:50:00,AMBIENT,309-00-2,Aldrin,Total,,0.05,ug/l,False,0.05,,,508,UHL001,Actual,SW,Water,,,Lee,07100009,River/Stream,,40.4620485,-91.5670776
6,10560001,Des Moines River near Keokuk,04/01/2002 08:50:00,AMBIENT,319-84-6,.alpha.-Hexachlorocyclohexane,Total,,0.05,ug/l,False,0.05,,,508,UHL001,Actual,SW,Water,,,Lee,07100009,River/Stream,,40.4620485,-91.5670776
6,10560001,Des Moines River near Keokuk,04/01/2002 08:50:00,AMBIENT,319-85-7,.beta.-Hexachlorocyclohexane,Total,,0.05,ug/l,False,0.05,,,508,UHL001,Actual,SW,Water,,,Lee,07100009,River/Stream,,40.4620485,-91.5670776
6,10560001,Des Moines River near Keokuk,04/01/2002 08:50:00,AMBIENT,319-86-8,.delta.-Hexachlorocyclohexane,Total,,0.05,ug/l,False,0.05,,,508,UHL001,Actual,SW,Water,,,Lee,07100009,River/Stream,,40.4620485,-91.5670776
6,10560001,Des Moines River near Keokuk,04/01/2002 08:50:00,AMBIENT,33213-65-9,.beta.-Endosulfan,Total,,0.05,ug/l,False,0.05,,,508,UHL001,Actual,SW,Water,,,Lee,07100009,River/Stream,,40.4620485,-91.5670776
6,10560001,Des Moines River near Keokuk,04/01/2002 08:50:00,AMBIENT,50-29-3,"p,p'-DDT",Total,,0.05,ug/l,False,0.05,,,508,UHL001,Actual,SW,Water,,,Lee,07100009,River/Stream,,40.4620485,-91.5670776
6,10560001,Des Moines River near Keokuk,04/01/2002 08:50:00,AMBIENT,53494-70-5,Endrin ketone,Total,,0.05,ug/l,False,0.05,,,508,UHL001,Actual,SW,Water,,,Lee,07100009,River/Stream,,40.4620485,-91.5670776
6,10560001,Des Moines River near Keokuk,04/01/2002 08:50:00,AMBIENT,57-74-9,Chlordane,Total,,0.05,ug/l,False,0.05,,,508,UHL001,Actual,SW,Water,,,Lee,07100009,River/Stream,,40.4620485,-91.5670776
6,10560001,Des Moines River near Keokuk,04/01/2002 08:50:00,AMBIENT,58-89-9,Lindane,Total,,0.05,ug/l,False,0.05,,,508,UHL001,Actual,SW,Water,,,Lee,07100009,River/Stream,,40.4620485,-91.5670776
6,10560001,Des Moines River near Keokuk,04/01/2002 08:50:00,AMBIENT,60-57-1,Dieldrin,Total,,0.05,ug/l,False,0.05,,,508,UHL001,Actual,SW,Water,,,Lee,07100009,River/Stream,,40.4620485,-91.5670776
6,10560001,Des Moines River near Keokuk,04/01/2002 08:50:00,AMBIENT,72-20-8,Endrin,Total,,0.05,ug/l,False,0.05,,,508,UHL001,Actual,SW,Water,,,Lee,07100009,River/Stream,,40.4620485,-91.5670776
6,10560001,Des Moines River near Keokuk,04/01/2002 08:50:00,AMBIENT,72-43-5,Methoxychlor,Total,,0.05,ug/l,False,0.05,,,508,UHL001,Actual,SW,Water,,,Lee,07100009,River/Stream,,40.4620485,-91.5670776
6,10560001,Des Moines River near Keokuk,04/01/2002 08:50:00,AMBIENT,72-54-8,"p,p'-DDD",Total,,0.05,ug/l,False,0.05,,,508,UHL001,Actual,SW,Water,,,Lee,07100009,River/Stream,,40.4620485,-91.5670776
6,10560001,Des Moines River near Keokuk,04/01/2002 08:50:00,AMBIENT,72-55-9,"p,p'-DDE",Total,,0.05,ug/l,False,0.05,,,508,UHL001,Actual,SW,Water,,,Lee,07100009,River/Stream,,40.4620485,-91.5670776
6,10560001,Des Moines River near Keokuk,04/01/2002 08:50:00,AMBIENT,7421-93-4,Endrin aldehyde,Total,,0.05,ug/l,False,0.05,,,508,UHL001,Actual,SW,Water,,,Lee,07100009,River/Stream,,40.4620485,-91.5670776
6,10560001,Des Moines River near Keokuk,04/01/2002 08:50:00,AMBIENT,76-44-8,Heptachlor,Total,,0.05,ug/l,False,0.05,,,508,UHL001,Actual,SW,Water,,,Lee,07100009,River/Stream,,40.4620485,-91.5670776
6,10560001,Des Moines River near Keokuk,04/01/2002 08:50:00,AMBIENT,8001-35-2,Toxaphene,Total,,0.5,ug/l,False,0.5,,,508,UHL001,Actual,SW,Water,,,Lee,07100009,River/Stream,,40.4620485,-91.5670776
6,10560001,Des Moines River near Keokuk,04/01/2002 08:50:00,AMBIENT,959-98-8,.alpha.-Endosulfan,Total,,0.05,ug/l,False,0.05,,,508,UHL001,Actual,SW,Water,,,Lee,07100009,River/Stream,,40.4620485,-91.5670776
6,10560001,Des Moines River near Keokuk,04/01/2002 08:50:00,AMBIENT,CBOD-SC,"Carbonaceous biochemical oxygen demand, standard conditions",Total,,18,mg/l,True,2,,,UnknownBOD,UHL001,Actual,SW,Water,,,Lee,07100009,River/Stream,,40.4620485,-91.5670776
6,10560001,Des Moines River near Keokuk,04/01/2002 08:50:00,AMBIENT,16887-00-6,Chloride,Total,,40,mg/l,True,1,,,325.3,UHL001,Actual,SW,Water,,,Lee,07100009,River/Stream,,40.4620485,-91.5670776
6,10560001,Des Moines River near Keokuk,04/01/2002 08:50:00,AMBIENT,11003-45-5,Chlorophyll c,NonFilt,,49,ug/l,True,1,,,10200-H,UHL001,Actual,SW,Water,,,Lee,07100009,River/Stream,,40.4620485,-91.5670776
6,10560001,Des Moines River near Keokuk,04/01/2002 08:50:00,AMBIENT,479-61-8,Chlorophyll a,NonFilt,,226,ug/l,True,1,,,10200-H,UHL001,Actual,SW,Water,,,Lee,07100009,River/Stream,,40.4620485,-91.5670776
6,10560001,Des Moines River near Keokuk,04/01/2002 08:50:00,AMBIENT,519-62-0,Chlorophyll b,NonFilt,,1,ug/l,False,1,,,10200-H,UHL001,Actual,SW,Water,,,Lee,07100009,River/Stream,,40.4620485,-91.5670776
6,10560001,Des Moines River near Keokuk,04/01/2002 08:50:00,AMBIENT,CLR-A-UCP,"Chlorophyll a, uncorrected for pheophytin",NonFilt,,299,ug/l,True,1,,,10200-H,UHL001,Actual,SW,Water,,,Lee,07100009,River/Stream,,40.4620485,-91.5670776
6,10560001,Des Moines River near Keokuk,04/01/2002 08:50:00,AMBIENT,ENTERO,Enterococcus,Total,,50,MPN/100ml,True,10,,,1600,UHL001,Actual,SW,Water,,,Lee,07100009,River/Stream,,40.4620485,-91.5670776
6,10560001,Des Moines River near Keokuk,04/01/2002 08:50:00,AMBIENT,68583-22-2,Escherichia coli,Total,,10,MPN/100ml,False,10,,,APHA 9222 G,UHL001,Actual,SW,Water,,,Lee,07100009,River/Stream,,40.4620485,-91.5670776
6,10560001,Des Moines River near Keokuk,04/01/2002 08:50:00,AMBIENT,FEC-COL,Fecal Coliform,Total,,10,MPN/100ml,False,10,,,9222-D,UHL001,Actual,SW,Water,,,Lee,07100009,River/Stream,,40.4620485,-91.5670776
6,10560001,Des Moines River near Keokuk,04/01/2002 08:50:00,AMBIENT,HARD-CARB,"Hardness, carbonate",Total,,210,mg/l,True,1,,,Unknown,UHL001,Actual,SW,Water,,,Lee,07100009,River/Stream,,40.4620485,-91.5670776
6,10560001,Des Moines River near Keokuk,04/01/2002 08:50:00,AMBIENT,NIT-AMM,Ammonia-nitrogen (as N),Total,,0.33,mg/l,True,0.05,,,Unknown,UHL001,Actual,SW,Water,,,Lee,07100009,River/Stream,,40.4620485,-91.5670776
6,10560001,Des Moines River near Keokuk,04/01/2002 08:50:00,AMBIENT,PHOSP-PHOSP,Phosphate-phosphorus (as P),Total,,0.24,mg/l,True,0.05,,,Unknown,UHL001,Actual,SW,Water,,,Lee,07100009,River/Stream,,40.4620485,-91.5670776
6,10560001,Des Moines River near Keokuk,04/01/2002 08:50:00,AMBIENT,NIT-KJELD,Kjeldahl nitrogen (AS N),Total,,2.9,mg/l,True,0.05,,,Unknown,UHL001,Actual,SW,Water,,,Lee,07100009,River/Stream,,40.4620485,-91.5670776
6,10560001,Des Moines River near Keokuk,04/01/2002 08:50:00,AMBIENT,NIT-NO3-NO2,Inorganic nitrogen (nitrate and nitrite) (as N),Total,,1.8,mg/l,True,0.1,,,Unknown,UHL001,Actual,SW,Water,,,Lee,07100009,River/Stream,,40.4620485,-91.5670776
6,10560001,Des Moines River near Keokuk,04/01/2002 08:50:00,AMBIENT,11096-82-5,Aroclor 1260,Total,,0.5,ug/l,False,0.5,,,8082(W),UHL001,Actual,SW,Water,,,Lee,07100009,River/Stream,,40.4620485,-91.5670776
6,10560001,Des Moines River near Keokuk,04/01/2002 08:50:00,AMBIENT,11097-69-1,Aroclor 1254,Total,,0.5,ug/l,False,0.5,,,8082(W),UHL001,Actual,SW,Water,,,Lee,07100009,River/Stream,,40.4620485,-91.5670776
6,10560001,Des Moines River near Keokuk,04/01/2002 08:50:00,AMBIENT,11104-28-2,Aroclor 1221,Total,,0.5,ug/l,False,0.5,,,8082(W),UHL001,Actual,SW,Water,,,Lee,07100009,River/Stream,,40.4620485,-91.5670776
6,10560001,Des Moines River near Keokuk,04/01/2002 08:50:00,AMBIENT,11141-16-5,Aroclor 1232,Total,,0.5,ug/l,False,0.5,,,8082(W),UHL001,Actual,SW,Water,,,Lee,07100009,River/Stream,,40.4620485,-91.5670776
6,10560001,Des Moines River near Keokuk,04/01/2002 08:50:00,AMBIENT,12672-29-6,Aroclor 1248,Total,,0.5,ug/l,False,0.5,,,8082(W),UHL001,Actual,SW,Water,,,Lee,07100009,River/Stream,,40.4620485,-91.5670776
6,10560001,Des Moines River near Keokuk,04/01/2002 08:50:00,AMBIENT,12674-11-2,Aroclor 1016,Total,,0.5,ug/l,False,0.5,,,8082(W),UHL001,Actual,SW,Water,,,Lee,07100009,River/Stream,,40.4620485,-91.5670776
6,10560001,Des Moines River near Keokuk,04/01/2002 08:50:00,AMBIENT,53469-21-9,Aroclor 1242,Total,,0.5,ug/l,False,0.5,,,8082(W),UHL001,Actual,SW,Water,,,Lee,07100009,River/Stream,,40.4620485,-91.5670776
6,10560001,Des Moines River near Keokuk,04/01/2002 08:50:00,AMBIENT,87-86-5,Pentachlorophenol,Total,,0.2,ug/l,False,0.2,,,515.3,UHL001,Actual,SW,Water,,,Lee,07100009,River/Stream,,40.4620485,-91.5670776
6,10560001,Des Moines River near Keokuk,04/01/2002 08:50:00,AMBIENT,603-17-8,Pheophytin a,NonFilt,,106,ug/l,True,1,,,10200H(2),UHL001,Actual,SW,Water,,,Lee,07100009,River/Stream,,40.4620485,-91.5670776
6,10560001,Des Moines River near Keokuk,04/01/2002 08:50:00,AMBIENT,14265-44-2,Orthophosphate (as P),Dissolved,,0.05,mg/l,False,0.05,,,Unknown,UHL001,Actual,SW,Water,,,Lee,07100009,River/Stream,,40.4620485,-91.5670776
6,10560001,Des Moines River near Keokuk,04/01/2002 08:50:00,AMBIENT,7631-86-9,Silica,Dissolved,,1,mg/l,False,1,,,370.1,UHL001,Actual,SW,Water,,,Lee,07100009,River/Stream,,40.4620485,-91.5670776
6,10560001,Des Moines River near Keokuk,08/01/2002 11:45:00,AMBIENT,7782-44-7,Dissolved oxygen (DO),Total,,8.9,mg/l,True,0.1,,,4500-O-G,,Actual,SW,Water,,,Lee,07100009,River/Stream,,40.4620485,-91.5670776
6,10560001,Des Moines River near Keokuk,08/01/2002 11:45:00,AMBIENT,FLOW,Flow,Total,,1400,cfs,True,0.1,,,USGS CA8,,Actual,SW,Water,,,Lee,07100009,River/Stream,,40.4620485,-91.5670776
6,10560001,Des Moines River near Keokuk,08/01/2002 11:45:00,AMBIENT,PH,pH,Total,,9.2,None,True,,,,4500-H,,Actual,SW,Water,,,Lee,07100009,River/Stream,,40.4620485,-91.5670776
6,10560001,Des Moines River near Keokuk,08/01/2002 11:45:00,AMBIENT,TEMP-WATER,"Temperature, water",Total,,31.3,deg C,True,0,,,2550,,Actual,SW,Water,,,Lee,07100009,River/Stream,,40.4620485,-91.5670776
6,10560001,Des Moines River near Keokuk,08/01/2002 11:45:00,AMBIENT,1007-28-9,2-Choro-6-ethylamino-4-amino-s-triazine,Total,,0.05,ug/l,False,0.05,,,507,UHL001,Actual,SW,Water,,,Lee,07100009,River/Stream,,40.4620485,-91.5670776
6,10560001,Des Moines River near Keokuk,08/01/2002 11:45:00,AMBIENT,122-34-9,Simazine,Total,,0.05,ug/l,False,0.05,,,507,UHL001,Actual,SW,Water,,,Lee,07100009,River/Stream,,40.4620485,-91.5670776
6,10560001,Des Moines River near Keokuk,08/01/2002 11:45:00,AMBIENT,139-40-2,Propazine,Total,,0.05,ug/l,False,0.05,,,507,UHL001,Actual,SW,Water,,,Lee,07100009,River/Stream,,40.4620485,-91.5670776
6,10560001,Des Moines River near Keokuk,08/01/2002 11:45:00,AMBIENT,1582-09-8,Trifluralin,Total,,0.05,ug/l,False,0.05,,,507,UHL001,Actual,SW,Water,,,Lee,07100009,River/Stream,,40.4620485,-91.5670776
6,10560001,Des Moines River near Keokuk,08/01/2002 11:45:00,AMBIENT,15972-60-8,Alachlor,Total,,0.05,ug/l,False,0.05,,,507,UHL001,Actual,SW,Water,,,Lee,07100009,River/Stream,,40.4620485,-91.5670776
6,10560001,Des Moines River near Keokuk,08/01/2002 11:45:00,AMBIENT,1610-18-0,Prometon,Total,,0.05,ug/l,False,0.05,,,507,UHL001,Actual,SW,Water,,,Lee,07100009,River/Stream,,40.4620485,-91.5670776
6,10560001,Des Moines River near Keokuk,08/01/2002 11:45:00,AMBIENT,1912-24-9,Atrazine,Total,,0.81,ug/l,True,0.05,,,507,UHL001,Actual,SW,Water,,,Lee,07100009,River/Stream,,40.4620485,-91.5670776
6,10560001,Des Moines River near Keokuk,08/01/2002 11:45:00,AMBIENT,1918-16-7,Propachlor,Total,,0.05,ug/l,False,0.05,,,507,UHL001,Actual,SW,Water,,,Lee,07100009,River/Stream,,40.4620485,-91.5670776
6,10560001,Des Moines River near Keokuk,08/01/2002 11:45:00,AMBIENT,2008-41-5,Butylate,Total,,0.05,ug/l,False,0.05,,,507,UHL001,Actual,SW,Water,,,Lee,07100009,River/Stream,,40.4620485,-91.5670776
6,10560001,Des Moines River near Keokuk,08/01/2002 11:45:00,AMBIENT,21087-64-9,Metribuzin,Total,,0.05,ug/l,False,0.05,,,507,UHL001,Actual,SW,Water,,,Lee,07100009,River/Stream,,40.4620485,-91.5670776
6,10560001,Des Moines River near Keokuk,08/01/2002 11:45:00,AMBIENT,21725-46-2,Cyanazine,Total,,0.05,ug/l,False,0.05,,,507,UHL001,Actual,SW,Water,,,Lee,07100009,River/Stream,,40.4620485,-91.5670776
6,10560001,Des Moines River near Keokuk,08/01/2002 11:45:00,AMBIENT,34256-82-1,Acetochlor,Total,,0.05,ug/l,False,0.05,,,507,UHL001,Actual,SW,Water,,,Lee,07100009,River/Stream,,40.4620485,-91.5670776
6,10560001,Des Moines River near Keokuk,08/01/2002 11:45:00,AMBIENT,51218-45-2,Metolachlor,Total,,0.05,ug/l,True,0.05,,,507,UHL001,Actual,SW,Water,,,Lee,07100009,River/Stream,,40.4620485,-91.5670776
6,10560001,Des Moines River near Keokuk,08/01/2002 11:45:00,AMBIENT,6190-65-4,2-Chloro-4-isopropylamino-6-amino-s-triazine,Total,,0.23,ug/l,True,0.05,,,507,UHL001,Actual,SW,Water,,,Lee,07100009,River/Stream,,40.4620485,-91.5670776
6,10560001,Des Moines River near Keokuk,08/01/2002 11:45:00,AMBIENT,759-94-4,S-Ethyl dipropylthiocarbamate,Total,,0.05,ug/l,False,0.05,,,507,UHL001,Actual,SW,Water,,,Lee,07100009,River/Stream,,40.4620485,-91.5670776
6,10560001,Des Moines River near Keokuk,08/01/2002 11:45:00,AMBIENT,834-12-8,Ametryn,Total,,0.05,ug/l,False,0.05,,,507,UHL001,Actual,SW,Water,,,Lee,07100009,River/Stream,,40.4620485,-91.5670776
6,10560001,Des Moines River near Keokuk,08/01/2002 11:45:00,AMBIENT,87674-68-8,Dimethenamid,Total,,0.05,ug/l,False,0.05,,,507,UHL001,Actual,SW,Water,,,Lee,07100009,River/Stream,,40.4620485,-91.5670776
6,10560001,Des Moines River near Keokuk,08/01/2002 11:45:00,AMBIENT,15972-60-8,Alachlor,Total,,0.025,ug/l,False,0.025,,,UHLESA/OXA,UHL001,Actual,SW,Water,,,Lee,07100009,River/Stream,,40.4620485,-91.5670776
6,10560001,Des Moines River near Keokuk,08/01/2002 11:45:00,AMBIENT,34256-82-1,Acetochlor,Total,,0.025,ug/l,False,0.025,,,UHLESA/OXA,UHL001,Actual,SW,Water,,,Lee,07100009,River/Stream,,40.4620485,-91.5670776
6,10560001,Des Moines River near Keokuk,08/01/2002 11:45:00,AMBIENT,51218-45-2,Metolachlor,Total,,0.12,ug/l,True,0.025,,,UHLESA/OXA,UHL001,Actual,SW,Water,,,Lee,07100009,River/Stream,,40.4620485,-91.5670776
6,10560001,Des Moines River near Keokuk,08/01/2002 11:45:00,AMBIENT,87674-68-8,Dimethenamid,Total,,0.028,ug/l,True,0.025,,,UHLESA/OXA,UHL001,Actual,SW,Water,,,Lee,07100009,River/Stream,,40.4620485,-91.5670776
6,10560001,Des Moines River near Keokuk,08/01/2002 11:45:00,AMBIENT,CBOD-SC,"Carbonaceous biochemical oxygen demand, standard conditions",Total,,8,mg/l,True,2,,,UnknownBOD,UHL001,Actual,SW,Water,,,Lee,07100009,River/Stream,,40.4620485,-91.5670776
6,10560001,Des Moines River near Keokuk,08/01/2002 11:45:00,AMBIENT,16887-00-6,Chloride,Total,,33,mg/l,True,1,,,325.3,UHL001,Actual,SW,Water,,,Lee,07100009,River/Stream,,40.4620485,-91.5670776
6,10560001,Des Moines River near Keokuk,08/01/2002 11:45:00,AMBIENT,11003-45-5,Chlorophyll c,NonFilt,,7,ug/l,True,1,,,10200-H,UHL001,Actual,SW,Water,,,Lee,07100009,River/Stream,,40.4620485,-91.5670776
6,10560001,Des Moines River near Keokuk,08/01/2002 11:45:00,AMBIENT,479-61-8,Chlorophyll a,NonFilt,,120,ug/l,True,1,,,10200-H,UHL001,Actual,SW,Water,,,Lee,07100009,River/Stream,,40.4620485,-91.5670776
6,10560001,Des Moines River near Keokuk,08/01/2002 11:45:00,AMBIENT,519-62-0,Chlorophyll b,NonFilt,,9,ug/l,True,1,,,10200-H,UHL001,Actual,SW,Water,,,Lee,07100009,River/Stream,,40.4620485,-91.5670776
6,10560001,Des Moines River near Keokuk,08/01/2002 11:45:00,AMBIENT,CLR-A-UCP,"Chlorophyll a, uncorrected for pheophytin",NonFilt,,130,ug/l,True,1,,,10200-H,UHL001,Actual,SW,Water,,,Lee,07100009,River/Stream,,40.4620485,-91.5670776
6,10560001,Des Moines River near Keokuk,08/01/2002 11:45:00,AMBIENT,ENTERO,Enterococcus,Total,,20,MPN/100ml,True,10,,,1600,UHL001,Actual,SW,Water,,,Lee,07100009,River/Stream,,40.4620485,-91.5670776
6,10560001,Des Moines River near Keokuk,08/01/2002 11:45:00,AMBIENT,68583-22-2,Escherichia coli,Total,,10,MPN/100ml,False,10,,,APHA 9222 G,UHL001,Actual,SW,Water,,,Lee,07100009,River/Stream,,40.4620485,-91.5670776
6,10560001,Des Moines River near Keokuk,08/01/2002 11:45:00,AMBIENT,FEC-COL,Fecal Coliform,Total,,10,MPN/100ml,False,10,,,9222-D,UHL001,Actual,SW,Water,,,Lee,07100009,River/Stream,,40.4620485,-91.5670776
6,10560001,Des Moines River near Keokuk,08/01/2002 11:45:00,AMBIENT,HARD-CARB,"Hardness, carbonate",Total,,220,mg/l,True,1,,,Unknown,UHL001,Actual,SW,Water,,,Lee,07100009,River/Stream,,40.4620485,-91.5670776
6,10560001,Des Moines River near Keokuk,08/01/2002 11:45:00,AMBIENT,NIT-NO3-NO2,Inorganic nitrogen (nitrate and nitrite) (as N),Total,,0.6,mg/l,True,0.1,,,Unknown,UHL001,Actual,SW,Water,,,Lee,07100009,River/Stream,,40.4620485,-91.5670776
6,10560001,Des Moines River near Keokuk,08/01/2002 11:45:00,AMBIENT,NIT-AMM,Ammonia-nitrogen (as N),Total,,0.05,mg/l,False,0.05,,,Unknown,UHL001,Actual,SW,Water,,,Lee,07100009,River/Stream,,40.4620485,-91.5670776
6,10560001,Des Moines River near Keokuk,08/01/2002 11:45:00,AMBIENT,NIT-KJELD,Kjeldahl nitrogen (AS N),Total,,1.8,mg/l,True,0.05,,,Unknown,UHL001,Actual,SW,Water,,,Lee,07100009,River/Stream,,40.4620485,-91.5670776
6,10560001,Des Moines River near Keokuk,08/01/2002 11:45:00,AMBIENT,603-17-8,Pheophytin a,NonFilt,,7,ug/l,True,1,,,10200H(2),UHL001,Actual,SW,Water,,,Lee,07100009,River/Stream,,40.4620485,-91.5670776
6,10560001,Des Moines River near Keokuk,09/04/2002 12:00:00,AMBIENT,16887-00-6,Chloride,Total,,29,mg/l,True,1,,,325.3,UHL001,Actual,SW,Water,,,Lee,07100009,River/Stream,,40.4620485,-91.5670776
6,10560001,Des Moines River near Keokuk,09/04/2002 12:00:00,AMBIENT,11003-45-5,Chlorophyll c,NonFilt,,5,ug/l,True,1,,,10200-H,UHL001,Actual,SW,Water,,,Lee,07100009,River/Stream,,40.4620485,-91.5670776
6,10560001,Des Moines River near Keokuk,09/04/2002 12:00:00,AMBIENT,479-61-8,Chlorophyll a,NonFilt,,100,ug/l,True,1,,,10200-H,UHL001,Actual,SW,Water,,,Lee,07100009,River/Stream,,40.4620485,-91.5670776
6,10560001,Des Moines River near Keokuk,09/04/2002 12:00:00,AMBIENT,519-62-0,Chlorophyll b,NonFilt,,1,ug/l,False,1,,,10200-H,UHL001,Actual,SW,Water,,,Lee,07100009,River/Stream,,40.4620485,-91.5670776
6,10560001,Des Moines River near Keokuk,09/04/2002 12:00:00,AMBIENT,CLR-A-UCP,"Chlorophyll a, uncorrected for pheophytin",NonFilt,,120,ug/l,True,1,,,10200-H,UHL001,Actual,SW,Water,,,Lee,07100009,River/Stream,,40.4620485,-91.5670776
6,10560001,Des Moines River near Keokuk,09/04/2002 12:00:00,AMBIENT,ENTERO,Enterococcus,Total,,10,MPN/100ml,True,10,,,1600,UHL001,Actual,SW,Water,,,Lee,07100009,River/Stream,,40.4620485,-91.5670776
6,10560001,Des Moines River near Keokuk,09/04/2002 12:00:00,AMBIENT,68583-22-2,Escherichia coli,Total,,10,MPN/100ml,False,10,,,APHA 9222 G,UHL001,Actual,SW,Water,,,Lee,07100009,River/Stream,,40.4620485,-91.5670776
6,10560001,Des Moines River near Keokuk,09/04/2002 12:00:00,AMBIENT,FEC-COL,Fecal Coliform,Total,,10,MPN/100ml,False,10,,,9222-D,UHL001,Actual,SW,Water,,,Lee,07100009,River/Stream,,40.4620485,-91.5670776
6,10560001,Des Moines River near Keokuk,09/04/2002 12:00:00,AMBIENT,HARD-CARB,"Hardness, carbonate",Total,,260,mg/l,True,1,,,Unknown,UHL001,Actual,SW,Water,,,Lee,07100009,River/Stream,,40.4620485,-91.5670776
6,10560001,Des Moines River near Keokuk,09/04/2002 12:00:00,AMBIENT,NIT-NO3-NO2,Inorganic nitrogen (nitrate and nitrite) (as N),Total,,4,mg/l,True,0.1,,,Unknown,UHL001,Actual,SW,Water,,,Lee,07100009,River/Stream,,40.4620485,-91.5670776
6,10560001,Des Moines River near Keokuk,09/04/2002 12:00:00,AMBIENT,NIT-AMM,Ammonia-nitrogen (as N),Total,,0.05,mg/l,False,0.05,,,Unknown,UHL001,Actual,SW,Water,,,Lee,07100009,River/Stream,,40.4620485,-91.5670776
6,10560001,Des Moines River near Keokuk,09/04/2002 12:00:00,AMBIENT,NIT-KJELD,Kjeldahl nitrogen (AS N),Total,,1.5,mg/l,True,0.05,,,Unknown,UHL001,Actual,SW,Water,,,Lee,07100009,River/Stream,,40.4620485,-91.5670776
6,10560001,Des Moines River near Keokuk,09/04/2002 12:00:00,AMBIENT,603-17-8,Pheophytin a,NonFilt,,27,ug/l,True,1,,,10200H(2),UHL001,Actual,SW,Water,,,Lee,07100009,River/Stream,,40.4620485,-91.5670776
6,10560001,Des Moines River near Keokuk,09/04/2002 12:00:00,AMBIENT,PHOSP-PHOSP,Phosphate-phosphorus (as P),Total,,0.28,mg/l,True,0.05,,,Unknown,UHL001,Actual,SW,Water,,,Lee,07100009,River/Stream,,40.4620485,-91.5670776
6,10560001,Des Moines River near Keokuk,09/04/2002 12:00:00,AMBIENT,14265-44-2,Orthophosphate (as P),Dissolved,,0.11,mg/l,True,0.05,,,Unknown,UHL001,Actual,SW,Water,,,Lee,07100009,River/Stream,,40.4620485,-91.5670776
6,10560001,Des Moines River near Keokuk,09/04/2002 12:00:00,AMBIENT,7631-86-9,Silica,Dissolved,,15,mg/l,True,1,,,370.1,UHL001,Actual,SW,Water,,,Lee,07100009,River/Stream,,40.4620485,-91.5670776
6,10560001,Des Moines River near Keokuk,09/04/2002 12:00:00,AMBIENT,TDS,Total dissolved solids,Dissolved,,350,mg/l,True,1,,,160.1,UHL001,Actual,SW,Water,,,Lee,07100009,River/Stream,,40.4620485,-91.5670776
6,10560001,Des Moines River near Keokuk,09/04/2002 12:00:00,AMBIENT,TSS,Total suspended solids,NonFilt,,50,mg/l,True,1,,,I3765,UHL001,Actual,SW,Water,,,Lee,07100009,River/Stream,,40.4620485,-91.5670776
6,10560001,Des Moines River near Keokuk,09/04/2002 12:00:00,AMBIENT,SPEC-COND,Specific conductance,Total,,580,uS/cm,True,1,,,2510,UHL001,Actual,SW,Water,,,Lee,07100009,River/Stream,,40.4620485,-91.5670776
6,10560001,Des Moines River near Keokuk,09/04/2002 12:00:00,AMBIENT,14808-79-8,Sulfate (as SO4),Total,,51,mg/l,True,1,,,300(A),UHL001,Actual,SW,Water,,,Lee,07100009,River/Stream,,40.4620485,-91.5670776
6,10560001,Des Moines River near Keokuk,09/04/2002 12:00:00,AMBIENT,TURB,Turbidity,Total,,33,NTU,True,1,,,180.1,UHL001,Actual,SW,Water,,,Lee,07100009,River/Stream,,40.4620485,-91.5670776
6,10560001,Des Moines River near Keokuk,10/02/2001 11:15:00,AMBIENT,CBOD-SC,"Carbonaceous biochemical oxygen demand, standard conditions",Total,,5,mg/l,True,2,,,UnknownBOD,UHL001,Actual,SW,Water,,,Lee,07100009,River/Stream,,40.4620485,-91.5670776
6,10560001,Des Moines River near Keokuk,10/02/2001 11:15:00,AMBIENT,16887-00-6,Chloride,Total,,25,mg/l,True,1,,,325.3,UHL001,Actual,SW,Water,,,Lee,07100009,River/Stream,,40.4620485,-91.5670776
6,10560001,Des Moines River near Keokuk,10/02/2001 11:15:00,AMBIENT,11003-45-5,Chlorophyll c,NonFilt,,7,ug/l,True,1,,,10200-H,UHL001,Actual,SW,Water,,,Lee,07100009,River/Stream,,40.4620485,-91.5670776
6,10560001,Des Moines River near Keokuk,10/02/2001 11:15:00,AMBIENT,479-61-8,Chlorophyll a,NonFilt,,83,ug/l,True,1,,,10200-H,UHL001,Actual,SW,Water,,,Lee,07100009,River/Stream,,40.4620485,-91.5670776
6,10560001,Des Moines River near Keokuk,10/02/2001 11:15:00,AMBIENT,519-62-0,Chlorophyll b,NonFilt,,1,ug/l,False,1,,,10200-H,UHL001,Actual,SW,Water,,,Lee,07100009,River/Stream,,40.4620485,-91.5670776
6,10560001,Des Moines River near Keokuk,10/02/2001 11:15:00,AMBIENT,CLR-A-UCP,"Chlorophyll a, uncorrected for pheophytin",NonFilt,,89,ug/l,True,1,,,10200-H,UHL001,Actual,SW,Water,,,Lee,07100009,River/Stream,,40.4620485,-91.5670776
6,10560001,Des Moines River near Keokuk,10/02/2001 11:15:00,AMBIENT,ENTERO,Enterococcus,Total,,20,MPN/100ml,True,10,,,1600,UHL001,Actual,SW,Water,,,Lee,07100009,River/Stream,,40.4620485,-91.5670776
6,10560001,Des Moines River near Keokuk,10/02/2001 11:15:00,AMBIENT,68583-22-2,Escherichia coli,Total,,36,MPN/100ml,True,10,,,APHA 9222 G,UHL001,Actual,SW,Water,,,Lee,07100009,River/Stream,,40.4620485,-91.5670776
6,10560001,Des Moines River near Keokuk,10/02/2001 11:15:00,AMBIENT,FEC-COL,Fecal Coliform,Total,,36,MPN/100ml,True,10,,,9222-D,UHL001,Actual,SW,Water,,,Lee,07100009,River/Stream,,40.4620485,-91.5670776
6,10560001,Des Moines River near Keokuk,10/02/2001 11:15:00,AMBIENT,HARD-CARB,"Hardness, carbonate",Total,,240,mg/l,True,1,,,Unknown,UHL001,Actual,SW,Water,,,Lee,07100009,River/Stream,,40.4620485,-91.5670776
6,10560001,Des Moines River near Keokuk,10/02/2001 11:15:00,AMBIENT,NIT-AMM,Ammonia-nitrogen (as N),Total,,0.05,mg/l,False,0.05,,,Unknown,UHL001,Actual,SW,Water,,,Lee,07100009,River/Stream,,40.4620485,-91.5670776
6,10560001,Des Moines River near Keokuk,10/02/2001 11:15:00,AMBIENT,NIT-KJELD,Kjeldahl nitrogen (AS N),Total,,1,mg/l,True,0.05,,,Unknown,UHL001,Actual,SW,Water,,,Lee,07100009,River/Stream,,40.4620485,-91.5670776
6,10560001,Des Moines River near Keokuk,10/02/2001 11:15:00,AMBIENT,PHOSP-PHOSP,Phosphate-phosphorus (as P),Total,,0.19,mg/l,True,0.05,,,Unknown,UHL001,Actual,SW,Water,,,Lee,07100009,River/Stream,,40.4620485,-91.5670776
6,10560001,Des Moines River near Keokuk,10/02/2001 11:15:00,AMBIENT,NIT-NO3-NO2,Inorganic nitrogen (nitrate and nitrite) (as N),Total,,1.5,mg/l,True,0.1,,,Unknown,UHL001,Actual,SW,Water,,,Lee,07100009,River/Stream,,40.4620485,-91.5670776
6,10560001,Des Moines River near Keokuk,10/02/2001 11:15:00,AMBIENT,603-17-8,Pheophytin a,NonFilt,,4,ug/l,True,1,,,10200H(2),UHL001,Actual,SW,Water,,,Lee,07100009,River/Stream,,40.4620485,-91.5670776
6,10560001,Des Moines River near Keokuk,10/02/2001 11:15:00,AMBIENT,14265-44-2,Orthophosphate (as P),Dissolved,,0.05,mg/l,False,0.05,,,Unknown,UHL001,Actual,SW,Water,,,Lee,07100009,River/Stream,,40.4620485,-91.5670776
6,10560001,Des Moines River near Keokuk,10/02/2001 11:15:00,AMBIENT,7631-86-9,Silica,Dissolved,,5.6,mg/l,True,1,,,370.1,UHL001,Actual,SW,Water,,,Lee,07100009,River/Stream,,40.4620485,-91.5670776
6,10560001,Des Moines River near Keokuk,10/02/2001 11:15:00,AMBIENT,TDS,Total dissolved solids,Dissolved,,320,mg/l,True,1,,,160.1,UHL001,Actual,SW,Water,,,Lee,07100009,River/Stream,,40.4620485,-91.5670776
6,10560001,Des Moines River near Keokuk,10/02/2001 11:15:00,AMBIENT,TSS,Total suspended solids,NonFilt,,33,mg/l,True,1,,,I3765,UHL001,Actual,SW,Water,,,Lee,07100009,River/Stream,,40.4620485,-91.5670776
6,10560001,Des Moines River near Keokuk,10/02/2001 11:15:00,AMBIENT,SPEC-COND,Specific conductance,Total,,550,uS/cm,True,1,,,2510,UHL001,Actual,SW,Water,,,Lee,07100009,River/Stream,,40.4620485,-91.5670776
6,10560001,Des Moines River near Keokuk,10/02/2001 11:15:00,AMBIENT,14808-79-8,Sulfate (as SO4),Total,,79,mg/l,True,1,,,300(A),UHL001,Actual,SW,Water,,,Lee,07100009,River/Stream,,40.4620485,-91.5670776
6,10560001,Des Moines River near Keokuk,10/02/2001 11:15:00,AMBIENT,TURB,Turbidity,Total,,25,NTU,True,1,,,180.1,UHL001,Actual,SW,Water,,,Lee,07100009,River/Stream,,40.4620485,-91.5670776
6,10560001,Des Moines River near Keokuk,11/05/2001 09:35:00,AMBIENT,7631-86-9,Silica,Dissolved,,7.2,mg/l,True,1,,,370.1,UHL001,Actual,SW,Water,,,Lee,07100009,River/Stream,,40.4620485,-91.5670776
6,10560001,Des Moines River near Keokuk,11/05/2001 09:35:00,AMBIENT,TDS,Total dissolved solids,Dissolved,,310,mg/l,True,1,,,160.1,UHL001,Actual,SW,Water,,,Lee,07100009,River/Stream,,40.4620485,-91.5670776
6,10560001,Des Moines River near Keokuk,11/05/2001 09:35:00,AMBIENT,TSS,Total suspended solids,NonFilt,,21,mg/l,True,1,,,I3765,UHL001,Actual,SW,Water,,,Lee,07100009,River/Stream,,40.4620485,-91.5670776
6,10560001,Des Moines River near Keokuk,11/05/2001 09:35:00,AMBIENT,SPEC-COND,Specific conductance,Total,,580,uS/cm,True,1,,,2510,UHL001,Actual,SW,Water,,,Lee,07100009,River/Stream,,40.4620485,-91.5670776
6,10560001,Des Moines River near Keokuk,11/05/2001 09:35:00,AMBIENT,14808-79-8,Sulfate (as SO4),Total,,75,mg/l,True,1,,,300(A),UHL001,Actual,SW,Water,,,Lee,07100009,River/Stream,,40.4620485,-91.5670776
6,10560001,Des Moines River near Keokuk,11/05/2001 09:35:00,AMBIENT,TURB,Turbidity,Total,,16,NTU,True,1,,,180.1,UHL001,Actual,SW,Water,,,Lee,07100009,River/Stream,,40.4620485,-91.5670776
6,10560001,Des Moines River near Keokuk,12/03/2001 09:45:00,AMBIENT,PH,pH,Total,,8.5,None,True,,,,4500-H,,Actual,SW,Water,,,Lee,07100009,River/Stream,,40.4620485,-91.5670776
6,10560001,Des Moines River near Keokuk,12/03/2001 09:45:00,AMBIENT,TEMP-WATER,"Temperature, water",Total,,7,deg C,True,0,,,2550,,Actual,SW,Water,,,Lee,07100009,River/Stream,,40.4620485,-91.5670776
6,10560001,Des Moines River near Keokuk,12/03/2001 09:45:00,AMBIENT,CLOUD-COVCL,Cloud cover (choice list),Total,,0,None,True,,,,Unknown,,,AIR,Air,,,Lee,07100009,River/Stream,,40.4620485,-91.5670776
6,10560001,Des Moines River near Keokuk,12/03/2001 09:45:00,AMBIENT,TEMP-AIR,"Temperature, air",Total,,50,deg F,True,,,,Unknown,,Estimated,AIR,Air,,,Lee,07100009,River/Stream,,40.4620485,-91.5670776
6,10560001,Des Moines River near Keokuk,12/03/2001 09:45:00,AMBIENT,WIND-DIR,"Wind direction (direction from, expressed 0-360 deg)",Total,,225,Deg,True,,,,Unknown,,Estimated,AIR,Air,,,Lee,07100009,River/Stream,,40.4620485,-91.5670776
6,10560001,Des Moines River near Keokuk,12/03/2001 09:45:00,AMBIENT,WIND-VEL,Wind velocity,Total,,2,mph,True,,,,Unknown,,Estimated,AIR,Air,,,Lee,07100009,River/Stream,,40.4620485,-91.5670776
6,10560001,Des Moines River near Keokuk,12/03/2001 09:45:00,AMBIENT,FLOW-SEV,"Flow, severity (choice list)",Total,,0,None,True,,,,Unknown,,,SW,Water,,,Lee,07100009,River/Stream,,40.4620485,-91.5670776
6,10560001,Des Moines River near Keokuk,12/03/2001 09:45:00,AMBIENT,ICE-COVERCL,"Ice cover, floating or solid - severity (choice list)",Total,,0,None,True,,,,Unknown,,,SW,Water,,,Lee,07100009,River/Stream,,40.4620485,-91.5670776
6,10560001,Des Moines River near Keokuk,12/03/2001 09:45:00,AMBIENT,1007-28-9,2-Choro-6-ethylamino-4-amino-s-triazine,Total,,0.05,ug/l,False,0.05,,,507,UHL001,Actual,SW,Water,,,Lee,07100009,River/Stream,,40.4620485,-91.5670776
6,10560001,Des Moines River near Keokuk,12/03/2001 09:45:00,AMBIENT,122-34-9,Simazine,Total,,0.05,ug/l,False,0.05,,,507,UHL001,Actual,SW,Water,,,Lee,07100009,River/Stream,,40.4620485,-91.5670776
6,10560001,Des Moines River near Keokuk,12/03/2001 09:45:00,AMBIENT,139-40-2,Propazine,Total,,0.05,ug/l,False,0.05,,,507,UHL001,Actual,SW,Water,,,Lee,07100009,River/Stream,,40.4620485,-91.5670776
6,10560001,Des Moines River near Keokuk,12/03/2001 09:45:00,AMBIENT,1582-09-8,Trifluralin,Total,,0.05,ug/l,False,0.05,,,507,UHL001,Actual,SW,Water,,,Lee,07100009,River/Stream,,40.4620485,-91.5670776
6,10560001,Des Moines River near Keokuk,12/03/2001 09:45:00,AMBIENT,15972-60-8,Alachlor,Total,,0.05,ug/l,False,0.05,,,507,UHL001,Actual,SW,Water,,,Lee,07100009,River/Stream,,40.4620485,-91.5670776
6,10560001,Des Moines River near Keokuk,12/03/2001 09:45:00,AMBIENT,1610-18-0,Prometon,Total,,0.05,ug/l,False,0.05,,,507,UHL001,Actual,SW,Water,,,Lee,07100009,River/Stream,,40.4620485,-91.5670776
6,10560001,Des Moines River near Keokuk,12/03/2001 09:45:00,AMBIENT,1912-24-9,Atrazine,Total,,0.37,ug/l,True,0.05,,,507,UHL001,Actual,SW,Water,,,Lee,07100009,River/Stream,,40.4620485,-91.5670776
6,10560001,Des Moines River near Keokuk,12/03/2001 09:45:00,AMBIENT,1918-16-7,Propachlor,Total,,0.05,ug/l,False,0.05,,,507,UHL001,Actual,SW,Water,,,Lee,07100009,River/Stream,,40.4620485,-91.5670776
6,10560001,Des Moines River near Keokuk,12/03/2001 09:45:00,AMBIENT,2008-41-5,Butylate,Total,,0.05,ug/l,False,0.05,,,507,UHL001,Actual,SW,Water,,,Lee,07100009,River/Stream,,40.4620485,-91.5670776
6,10560001,Des Moines River near Keokuk,12/03/2001 09:45:00,AMBIENT,21087-64-9,Metribuzin,Total,,0.05,ug/l,False,0.05,,,507,UHL001,Actual,SW,Water,,,Lee,07100009,River/Stream,,40.4620485,-91.5670776
6,10560001,Des Moines River near Keokuk,12/03/2001 09:45:00,AMBIENT,21725-46-2,Cyanazine,Total,,0.05,ug/l,False,0.05,,,507,UHL001,Actual,SW,Water,,,Lee,07100009,River/Stream,,40.4620485,-91.5670776
6,10560001,Des Moines River near Keokuk,12/03/2001 09:45:00,AMBIENT,2921-88-2,Chlorpyrifos,Total,,1.4,ug/l,True,0.05,,,507,UHL001,Actual,SW,Water,,,Lee,07100009,River/Stream,,40.4620485,-91.5670776
6,10560001,Des Moines River near Keokuk,12/03/2001 09:45:00,AMBIENT,34256-82-1,Acetochlor,Total,,0.05,ug/l,False,0.05,,,507,UHL001,Actual,SW,Water,,,Lee,07100009,River/Stream,,40.4620485,-91.5670776
6,10560001,Des Moines River near Keokuk,12/03/2001 09:45:00,AMBIENT,51218-45-2,Metolachlor,Total,,0.1,ug/l,False,0.1,,,507,UHL001,Actual,SW,Water,,,Lee,07100009,River/Stream,,40.4620485,-91.5670776
6,10560001,Des Moines River near Keokuk,12/03/2001 09:45:00,AMBIENT,6190-65-4,2-Chloro-4-isopropylamino-6-amino-s-triazine,Total,,0.073,ug/l,True,0.05,,,507,UHL001,Actual,SW,Water,,,Lee,07100009,River/Stream,,40.4620485,-91.5670776
6,10560001,Des Moines River near Keokuk,12/03/2001 09:45:00,AMBIENT,759-94-4,S-Ethyl dipropylthiocarbamate,Total,,0.05,ug/l,False,0.05,,,507,UHL001,Actual,SW,Water,,,Lee,07100009,River/Stream,,40.4620485,-91.5670776
6,10560001,Des Moines River near Keokuk,12/03/2001 09:45:00,AMBIENT,834-12-8,Ametryn,Total,,0.05,ug/l,False,0.05,,,507,UHL001,Actual,SW,Water,,,Lee,07100009,River/Stream,,40.4620485,-91.5670776
6,10560001,Des Moines River near Keokuk,12/03/2001 09:45:00,AMBIENT,87674-68-8,Dimethenamid,Total,,0.05,ug/l,False,0.05,,,507,UHL001,Actual,SW,Water,,,Lee,07100009,River/Stream,,40.4620485,-91.5670776
6,10560001,Des Moines River near Keokuk,12/03/2001 09:45:00,AMBIENT,CBOD-SC,"Carbonaceous biochemical oxygen demand, standard conditions",Total,,2,mg/l,False,2,,,UnknownBOD,UHL001,Actual,SW,Water,,,Lee,07100009,River/Stream,,40.4620485,-91.5670776
6,10560001,Des Moines River near Keokuk,12/03/2001 09:45:00,AMBIENT,16887-00-6,Chloride,Total,,39,mg/l,True,1,,,325.3,UHL001,Actual,SW,Water,,,Lee,07100009,River/Stream,,40.4620485,-91.5670776
6,10560001,Des Moines River near Keokuk,12/03/2001 09:45:00,AMBIENT,11003-45-5,Chlorophyll c,NonFilt,,1,ug/l,True,1,,,10200-H,UHL001,Actual,SW,Water,,,Lee,07100009,River/Stream,,40.4620485,-91.5670776
6,10560001,Des Moines River near Keokuk,12/03/2001 09:45:00,AMBIENT,479-61-8,Chlorophyll a,NonFilt,,17,ug/l,True,1,,,10200-H,UHL001,Actual,SW,Water,,,Lee,07100009,River/Stream,,40.4620485,-91.5670776
6,10560001,Des Moines River near Keokuk,12/03/2001 09:45:00,AMBIENT,519-62-0,Chlorophyll b,NonFilt,,1,ug/l,False,1,,,10200-H,UHL001,Actual,SW,Water,,,Lee,07100009,River/Stream,,40.4620485,-91.5670776
6,10560001,Des Moines River near Keokuk,12/03/2001 09:45:00,AMBIENT,CLR-A-UCP,"Chlorophyll a, uncorrected for pheophytin",NonFilt,,18,ug/l,True,1,,,10200-H,UHL001,Actual,SW,Water,,,Lee,07100009,River/Stream,,40.4620485,-91.5670776
6,10560001,Des Moines River near Keokuk,12/03/2001 09:45:00,AMBIENT,ENTERO,Enterococcus,Total,,20,MPN/100ml,True,10,,,1600,UHL001,Actual,SW,Water,,,Lee,07100009,River/Stream,,40.4620485,-91.5670776
6,10560001,Des Moines River near Keokuk,12/03/2001 09:45:00,AMBIENT,68583-22-2,Escherichia coli,Total,,10,MPN/100ml,False,10,,,APHA 9222 G,UHL001,Actual,SW,Water,,,Lee,07100009,River/Stream,,40.4620485,-91.5670776
6,10560001,Des Moines River near Keokuk,12/03/2001 09:45:00,AMBIENT,FEC-COL,Fecal Coliform,Total,,10,MPN/100ml,False,10,,,9222-D,UHL001,Actual,SW,Water,,,Lee,07100009,River/Stream,,40.4620485,-91.5670776
6,10560001,Des Moines River near Keokuk,12/03/2001 09:45:00,AMBIENT,HARD-CARB,"Hardness, carbonate",Total,,260,mg/l,True,1,,,Unknown,UHL001,Actual,SW,Water,,,Lee,07100009,River/Stream,,40.4620485,-91.5670776
6,10560001,Des Moines River near Keokuk,12/03/2001 09:45:00,AMBIENT,NIT-AMM,Ammonia-nitrogen (as N),Total,,0.05,mg/l,False,0.05,,,Unknown,UHL001,Actual,SW,Water,,,Lee,07100009,River/Stream,,40.4620485,-91.5670776
6,10560001,Des Moines River near Keokuk,12/03/2001 09:45:00,AMBIENT,NIT-KJELD,Kjeldahl nitrogen (AS N),Total,,0.52,mg/l,True,0.05,,,Unknown,UHL001,Actual,SW,Water,,,Lee,07100009,River/Stream,,40.4620485,-91.5670776
6,10560001,Des Moines River near Keokuk,12/03/2001 09:45:00,AMBIENT,NIT-NO3-NO2,Inorganic nitrogen (nitrate and nitrite) (as N),Total,,2,mg/l,True,0.1,,,Unknown,UHL001,Actual,SW,Water,,,Lee,07100009,River/Stream,,40.4620485,-91.5670776
6,10560001,Des Moines River near Keokuk,12/03/2001 09:45:00,AMBIENT,PHOSP-PHOSP,Phosphate-phosphorus (as P),Total,,0.21,mg/l,True,0.05,,,Unknown,UHL001,Actual,SW,Water,,,Lee,07100009,River/Stream,,40.4620485,-91.5670776
6,10560001,Des Moines River near Keokuk,12/03/2001 09:45:00,AMBIENT,603-17-8,Pheophytin a,NonFilt,,1,ug/l,False,1,,,10200H(2),UHL001,Actual,SW,Water,,,Lee,07100009,River/Stream,,40.4620485,-91.5670776
6,10560001,Des Moines River near Keokuk,12/03/2001 09:45:00,AMBIENT,14265-44-2,Orthophosphate (as P),Dissolved,,0.14,mg/l,True,0.05,,,Unknown,UHL001,Actual,SW,Water,,,Lee,07100009,River/Stream,,40.4620485,-91.5670776
6,10560001,Des Moines River near Keokuk,12/03/2001 09:45:00,AMBIENT,7631-86-9,Silica,Dissolved,,2.5,mg/l,True,1,,,370.1,UHL001,Actual,SW,Water,,,Lee,07100009,River/Stream,,40.4620485,-91.5670776
6,10560001,Des Moines River near Keokuk,12/03/2001 09:45:00,AMBIENT,TDS,Total dissolved solids,Dissolved,,370,mg/l,True,1,,,160.1,UHL001,Actual,SW,Water,,,Lee,07100009,River/Stream,,40.4620485,-91.5670776
6,10560001,Des Moines River near Keokuk,12/03/2001 09:45:00,AMBIENT,TSS,Total suspended solids,NonFilt,,11,mg/l,True,1,,,I3765,UHL001,Actual,SW,Water,,,Lee,07100009,River/Stream,,40.4620485,-91.5670776
6,10560001,Des Moines River near Keokuk,12/03/2001 09:45:00,AMBIENT,SPEC-COND,Specific conductance,Total,,620,uS/cm,True,1,,,2510,UHL001,Actual,SW,Water,,,Lee,07100009,River/Stream,,40.4620485,-91.5670776
6,10560001,Des Moines River near Keokuk,12/03/2001 09:45:00,AMBIENT,14808-79-8,Sulfate (as SO4),Total,,77,mg/l,True,1,,,300(A),UHL001,Actual,SW,Water,,,Lee,07100009,River/Stream,,40.4620485,-91.5670776
6,10560001,Des Moines River near Keokuk,01/02/2002 10:45:00,AMBIENT,7782-44-7,Dissolved oxygen (DO),Total,,13.2,mg/l,True,0.1,,,4500-O-G,,Actual,SW,Water,,,Lee,07100009,River/Stream,,40.4620485,-91.5670776
6,10560001,Des Moines River near Keokuk,01/02/2002 10:45:00,AMBIENT,14808-79-8,Sulfate (as SO4),Total,,94,mg/l,True,1,,,300(A),UHL001,Actual,SW,Water,,,Lee,07100009,River/Stream,,40.4620485,-91.5670776
6,10560001,Des Moines River near Keokuk,01/02/2002 10:45:00,AMBIENT,TURB,Turbidity,Total,,7.5,NTU,True,1,,,180.1,UHL001,Actual,SW,Water,,,Lee,07100009,River/Stream,,40.4620485,-91.5670776
6,10560001,Des Moines River near Keokuk,05/08/2002 08:15:00,AMBIENT,7782-44-7,Dissolved oxygen (DO),Total,,7.5,mg/l,True,0.1,,,4500-O-G,,Actual,SW,Water,,,Lee,07100009,River/Stream,,40.4620485,-91.5670776
6,10560001,Des Moines River near Keokuk,05/08/2002 08:15:00,AMBIENT,FLOW,Flow,Total,,6900,cfs,True,0.1,,,USGS CA8,,Actual,SW,Water,,,Lee,07100009,River/Stream,,40.4620485,-91.5670776
6,10560001,Des Moines River near Keokuk,05/08/2002 08:15:00,AMBIENT,PH,pH,Total,,8.2,None,True,,,,4500-H,,Actual,SW,Water,,,Lee,07100009,River/Stream,,40.4620485,-91.5670776
6,10560001,Des Moines River near Keokuk,05/08/2002 08:15:00,AMBIENT,TEMP-WATER,"Temperature, water",Total,,19.5,deg C,True,0,,,2550,,Actual,SW,Water,,,Lee,07100009,River/Stream,,40.4620485,-91.5670776
6,10560001,Des Moines River near Keokuk,05/08/2002 08:15:00,AMBIENT,CLOUD-COVCL,Cloud cover (choice list),Total,,0,None,True,,,,Unknown,,,AIR,Air,,,Lee,07100009,River/Stream,,40.4620485,-91.5670776
6,10560001,Des Moines River near Keokuk,05/08/2002 08:15:00,AMBIENT,TEMP-AIR,"Temperature, air",Total,,70,deg F,True,,,,Unknown,,Estimated,AIR,Air,,,Lee,07100009,River/Stream,,40.4620485,-91.5670776
6,10560001,Des Moines River near Keokuk,05/08/2002 08:15:00,AMBIENT,WIND-DIR,"Wind direction (direction from, expressed 0-360 deg)",Total,,135,Deg,True,,,,Unknown,,Estimated,AIR,Air,,,Lee,07100009,River/Stream,,40.4620485,-91.5670776
6,10560001,Des Moines River near Keokuk,05/08/2002 08:15:00,AMBIENT,WIND-VEL,Wind velocity,Total,,2,mph,True,,,,Unknown,,Estimated,AIR,Air,,,Lee,07100009,River/Stream,,40.4620485,-91.5670776
6,10560001,Des Moines River near Keokuk,05/08/2002 08:15:00,AMBIENT,FLOW-SEV,"Flow, severity (choice list)",Total,,0,None,True,,,,Unknown,,,SW,Water,,,Lee,07100009,River/Stream,,40.4620485,-91.5670776
6,10560001,Des Moines River near Keokuk,05/08/2002 08:15:00,AMBIENT,ICE-COVERCL,"Ice cover, floating or solid - severity (choice list)",Total,,0,None,True,,,,Unknown,,,SW,Water,,,Lee,07100009,River/Stream,,40.4620485,-91.5670776
6,10560001,Des Moines River near Keokuk,05/08/2002 08:15:00,AMBIENT,120-36-5,Dichlorprop,Total,,0.2,ug/l,False,0.2,,,515.1,UHL001,Actual,SW,Water,,,Lee,07100009,River/Stream,,40.4620485,-91.5670776
6,10560001,Des Moines River near Keokuk,05/08/2002 08:15:00,AMBIENT,133-90-4,Chloramben,Total,,0.2,ug/l,False,0.2,,,515.1,UHL001,Actual,SW,Water,,,Lee,07100009,River/Stream,,40.4620485,-91.5670776
6,10560001,Des Moines River near Keokuk,05/08/2002 08:15:00,AMBIENT,1689-84-5,Bromoxynil,Total,,0.2,ug/l,False,0.2,,,515.1,UHL001,Actual,SW,Water,,,Lee,07100009,River/Stream,,40.4620485,-91.5670776
6,10560001,Des Moines River near Keokuk,05/08/2002 08:15:00,AMBIENT,1861-32-1,Chlorthal-dimethyl,Total,,0.2,ug/l,False,0.2,,,515.1,UHL001,Actual,SW,Water,,,Lee,07100009,River/Stream,,40.4620485,-91.5670776
6,10560001,Des Moines River near Keokuk,05/08/2002 08:15:00,AMBIENT,1918-00-9,Dicamba,Total,,0.3,ug/l,False,0.3,,,515.1,UHL001,Actual,SW,Water,,,Lee,07100009,River/Stream,,40.4620485,-91.5670776
6,10560001,Des Moines River near Keokuk,05/08/2002 08:15:00,AMBIENT,1918-02-01,Picloram,Total,,0.4,ug/l,False,0.4,,,515.1,UHL001,Actual,SW,Water,,,Lee,07100009,River/Stream,,40.4620485,-91.5670776
6,10560001,Des Moines River near Keokuk,05/08/2002 08:15:00,AMBIENT,25057-89-0,Bentazon,Total,,0.5,ug/l,False,0.5,,,515.1,UHL001,Actual,SW,Water,,,Lee,07100009,River/Stream,,40.4620485,-91.5670776
6,10560001,Des Moines River near Keokuk,05/08/2002 08:15:00,AMBIENT,50594-66-6,Acifluorfen,Total,,0.2,ug/l,False,0.2,,,515.1,UHL001,Actual,SW,Water,,,Lee,07100009,River/Stream,,40.4620485,-91.5670776
6,10560001,Des Moines River near Keokuk,05/08/2002 08:15:00,AMBIENT,55335-06-3,Triclopyr,Total,,0.2,ug/l,False,0.2,,,515.1,UHL001,Actual,SW,Water,,,Lee,07100009,River/Stream,,40.4620485,-91.5670776
6,10560001,Des Moines River near Keokuk,05/08/2002 08:15:00,AMBIENT,88-85-7,Dinoseb,Total,,0.2,ug/l,False,0.2,,,515.1,UHL001,Actual,SW,Water,,,Lee,07100009,River/Stream,,40.4620485,-91.5670776
6,10560001,Des Moines River near Keokuk,05/08/2002 08:15:00,AMBIENT,93-72-1,Silvex,Total,,0.2,ug/l,False,0.2,,,515.1,UHL001,Actual,SW,Water,,,Lee,07100009,River/Stream,,40.4620485,-91.5670776
6,10560001,Des Moines River near Keokuk,05/08/2002 08:15:00,AMBIENT,93-76-5,"2,4,5-T",Total,,0.2,ug/l,False,0.2,,,515.1,UHL001,Actual,SW,Water,,,Lee,07100009,River/Stream,,40.4620485,-91.5670776
6,10560001,Des Moines River near Keokuk,05/08/2002 08:15:00,AMBIENT,94-75-7,"2,4-D",Total,,0.4,ug/l,False,0.4,,,515.1,UHL001,Actual,SW,Water,,,Lee,07100009,River/Stream,,40.4620485,-91.5670776
6,10560001,Des Moines River near Keokuk,05/08/2002 08:15:00,AMBIENT,94-82-6,"2,4-DB",Total,,0.4,ug/l,False,0.4,,,515.1,UHL001,Actual,SW,Water,,,Lee,07100009,River/Stream,,40.4620485,-91.5670776
6,10560001,Des Moines River near Keokuk,05/08/2002 08:15:00,AMBIENT,1007-28-9,2-Choro-6-ethylamino-4-amino-s-triazine,Total,,0.05,ug/l,False,0.05,,,507,UHL001,Actual,SW,Water,,,Lee,07100009,River/Stream,,40.4620485,-91.5670776
6,10560001,Des Moines River near Keokuk,05/08/2002 08:15:00,AMBIENT,121-75-5,Malathion,Total,,0.05,ug/l,False,0.05,,,507,UHL001,Actual,SW,Water,,,Lee,07100009,River/Stream,,40.4620485,-91.5670776
6,10560001,Des Moines River near Keokuk,05/08/2002 08:15:00,AMBIENT,122-34-9,Simazine,Total,,0.05,ug/l,False,0.05,,,507,UHL001,Actual,SW,Water,,,Lee,07100009,River/Stream,,40.4620485,-91.5670776
6,10560001,Des Moines River near Keokuk,05/08/2002 08:15:00,AMBIENT,13071-79-9,Terbufos,Total,,0.05,ug/l,False,0.05,,,507,UHL001,Actual,SW,Water,,,Lee,07100009,River/Stream,,40.4620485,-91.5670776
6,10560001,Des Moines River near Keokuk,05/08/2002 08:15:00,AMBIENT,13194-48-4,Ethoprop,Total,,0.05,ug/l,False,0.05,,,507,UHL001,Actual,SW,Water,,,Lee,07100009,River/Stream,,40.4620485,-91.5670776
6,10560001,Des Moines River near Keokuk,05/08/2002 08:15:00,AMBIENT,139-40-2,Propazine,Total,,0.05,ug/l,False,0.05,,,507,UHL001,Actual,SW,Water,,,Lee,07100009,River/Stream,,40.4620485,-91.5670776
6,10560001,Des Moines River near Keokuk,05/08/2002 08:15:00,AMBIENT,1563-66-2,Carbofuran,Total,,0.05,ug/l,False,0.05,,,507,UHL001,Actual,SW,Water,,,Lee,07100009,River/Stream,,40.4620485,-91.5670776
6,10560001,Des Moines River near Keokuk,05/08/2002 08:15:00,AMBIENT,1582-09-8,Trifluralin,Total,,0.05,ug/l,False,0.05,,,507,UHL001,Actual,SW,Water,,,Lee,07100009,River/Stream,,40.4620485,-91.5670776
6,10560001,Des Moines River near Keokuk,05/08/2002 08:15:00,AMBIENT,15972-60-8,Alachlor,Total,,0.05,ug/l,False,0.05,,,507,UHL001,Actual,SW,Water,,,Lee,07100009,River/Stream,,40.4620485,-91.5670776
6,10560001,Des Moines River near Keokuk,05/08/2002 08:15:00,AMBIENT,1610-18-0,Prometon,Total,,0.05,ug/l,False,0.05,,,507,UHL001,Actual,SW,Water,,,Lee,07100009,River/Stream,,40.4620485,-91.5670776
6,10560001,Des Moines River near Keokuk,05/08/2002 08:15:00,AMBIENT,1912-24-9,Atrazine,Total,,0.72,ug/l,True,0.05,,,507,UHL001,Actual,SW,Water,,,Lee,07100009,River/Stream,,40.4620485,-91.5670776
6,10560001,Des Moines River near Keokuk,05/08/2002 08:15:00,AMBIENT,1918-16-7,Propachlor,Total,,0.05,ug/l,False,0.05,,,507,UHL001,Actual,SW,Water,,,Lee,07100009,River/Stream,,40.4620485,-91.5670776
6,10560001,Des Moines River near Keokuk,05/08/2002 08:15:00,AMBIENT,2008-41-5,Butylate,Total,,0.05,ug/l,False,0.05,,,507,UHL001,Actual,SW,Water,,,Lee,07100009,River/Stream,,40.4620485,-91.5670776
6,10560001,Des Moines River near Keokuk,05/08/2002 08:15:00,AMBIENT,21087-64-9,Metribuzin,Total,,0.05,ug/l,False,0.05,,,507,UHL001,Actual,SW,Water,,,Lee,07100009,River/Stream,,40.4620485,-91.5670776
6,10560001,Des Moines River near Keokuk,05/08/2002 08:15:00,AMBIENT,21725-46-2,Cyanazine,Total,,0.05,ug/l,False,0.05,,,507,UHL001,Actual,SW,Water,,,Lee,07100009,River/Stream,,40.4620485,-91.5670776
6,10560001,Des Moines River near Keokuk,05/08/2002 08:15:00,AMBIENT,2303-17-5,Triallate,Total,,0.05,ug/l,False,0.05,,,507,UHL001,Actual,SW,Water,,,Lee,07100009,River/Stream,,40.4620485,-91.5670776
6,10560001,Des Moines River near Keokuk,05/08/2002 08:15:00,AMBIENT,23184-66-9,Butachlor,Total,,0.05,ug/l,False,0.05,,,507,UHL001,Actual,SW,Water,,,Lee,07100009,River/Stream,,40.4620485,-91.5670776
6,10560001,Des Moines River near Keokuk,05/08/2002 08:15:00,AMBIENT,25311-71-1,Isofenphos,Total,,0.05,ug/l,False,0.05,,,507,UHL001,Actual,SW,Water,,,Lee,07100009,River/Stream,,40.4620485,-91.5670776
6,10560001,Des Moines River near Keokuk,05/08/2002 08:15:00,AMBIENT,2921-88-2,Chlorpyrifos,Total,,0.05,ug/l,False,0.05,,,507,UHL001,Actual,SW,Water,,,Lee,07100009,River/Stream,,40.4620485,-91.5670776
6,10560001,Des Moines River near Keokuk,05/08/2002 08:15:00,AMBIENT,298-00-0,Methyl parathion,Total,,0.05,ug/l,False,0.05,,,507,UHL001,Actual,SW,Water,,,Lee,07100009,River/Stream,,40.4620485,-91.5670776
6,10560001,Des Moines River near Keokuk,05/08/2002 08:15:00,AMBIENT,298-02-2,Phorate,Total,,0.05,ug/l,False,0.05,,,507,UHL001,Actual,SW,Water,,,Lee,07100009,River/Stream,,40.4620485,-91.5670776
6,10560001,Des Moines River near Keokuk,05/08/2002 08:15:00,AMBIENT,298-04-4,Disulfoton,Total,,0.05,ug/l,False,0.05,,,507,UHL001,Actual,SW,Water,,,Lee,07100009,River/Stream,,40.4620485,-91.5670776
6,10560001,Des Moines River near Keokuk,05/08/2002 08:15:00,AMBIENT,314-40-9,Bromacil,Total,,0.05,ug/l,False,0.05,,,507,UHL001,Actual,SW,Water,,,Lee,07100009,River/Stream,,40.4620485,-91.5670776
6,10560001,Des Moines River near Keokuk,05/08/2002 08:15:00,AMBIENT,333-41-5,Diazinon,Total,,0.05,ug/l,False,0.05,,,507,UHL001,Actual,SW,Water,,,Lee,07100009,River/Stream,,40.4620485,-91.5670776
6,10560001,Des Moines River near Keokuk,05/08/2002 08:15:00,AMBIENT,34256-82-1,Acetochlor,Total,,0.12,ug/l,True,0.05,,,507,UHL001,Actual,SW,Water,,,Lee,07100009,River/Stream,,40.4620485,-91.5670776
6,10560001,Des Moines River near Keokuk,05/08/2002 08:15:00,AMBIENT,40487-42-1,Pendimethalin,Total,,0.05,ug/l,False,0.05,,,507,UHL001,Actual,SW,Water,,,Lee,07100009,River/Stream,,40.4620485,-91.5670776
6,10560001,Des Moines River near Keokuk,05/08/2002 08:15:00,AMBIENT,51218-45-2,Metolachlor,Total,,0.19,ug/l,True,0.05,,,507,UHL001,Actual,SW,Water,,,Lee,07100009,River/Stream,,40.4620485,-91.5670776
6,10560001,Des Moines River near Keokuk,05/08/2002 08:15:00,AMBIENT,56-38-2,Parathion,Total,,0.05,ug/l,False,0.05,,,507,UHL001,Actual,SW,Water,,,Lee,07100009,River/Stream,,40.4620485,-91.5670776
6,10560001,Des Moines River near Keokuk,05/08/2002 08:15:00,AMBIENT,60-51-5,Dimethoate,Total,,0.05,ug/l,False,0.05,,,507,UHL001,Actual,SW,Water,,,Lee,07100009,River/Stream,,40.4620485,-91.5670776
6,10560001,Des Moines River near Keokuk,05/08/2002 08:15:00,AMBIENT,6190-65-4,2-Chloro-4-isopropylamino-6-amino-s-triazine,Total,,0.054,ug/l,True,0.05,,,507,UHL001,Actual,SW,Water,,,Lee,07100009,River/Stream,,40.4620485,-91.5670776
6,10560001,Des Moines River near Keokuk,05/08/2002 08:15:00,AMBIENT,62-73-7,Dichlorvos,Total,,0.05,ug/l,False,0.05,,,507,UHL001,Actual,SW,Water,,,Lee,07100009,River/Stream,,40.4620485,-91.5670776
6,10560001,Des Moines River near Keokuk,05/08/2002 08:15:00,AMBIENT,63-25-2,Carbaryl,Total,,0.05,ug/l,False,0.05,,,507,UHL001,Actual,SW,Water,,,Lee,07100009,River/Stream,,40.4620485,-91.5670776
6,10560001,Des Moines River near Keokuk,05/08/2002 08:15:00,AMBIENT,759-94-4,S-Ethyl dipropylthiocarbamate,Total,,0.05,ug/l,False,0.05,,,507,UHL001,Actual,SW,Water,,,Lee,07100009,River/Stream,,40.4620485,-91.5670776
6,10560001,Des Moines River near Keokuk,05/08/2002 08:15:00,AMBIENT,834-12-8,Ametryn,Total,,0.05,ug/l,False,0.05,,,507,UHL001,Actual,SW,Water,,,Lee,07100009,River/Stream,,40.4620485,-91.5670776
6,10560001,Des Moines River near Keokuk,05/08/2002 08:15:00,AMBIENT,87674-68-8,Dimethenamid,Total,,0.12,ug/l,True,0.05,,,507,UHL001,Actual,SW,Water,,,Lee,07100009,River/Stream,,40.4620485,-91.5670776
6,10560001,Des Moines River near Keokuk,05/08/2002 08:15:00,AMBIENT,944-22-9,Fonofos,Total,,0.05,ug/l,False,0.05,,,507,UHL001,Actual,SW,Water,,,Lee,07100009,River/Stream,,40.4620485,-91.5670776
6,10560001,Des Moines River near Keokuk,05/08/2002 08:15:00,AMBIENT,1024-57-3,Heptachlor epoxide,Total,,0.05,ug/l,False,0.05,,,508,UHL001,Actual,SW,Water,,,Lee,07100009,River/Stream,,40.4620485,-91.5670776
6,10560001,Des Moines River near Keokuk,05/08/2002 08:15:00,AMBIENT,1031-07-8,Endosulfan sulfate,Total,,0.05,ug/l,False,0.05,,,508,UHL001,Actual,SW,Water,,,Lee,07100009,River/Stream,,40.4620485,-91.5670776
6,10560001,Des Moines River near Keokuk,05/08/2002 08:15:00,AMBIENT,309-00-2,Aldrin,Total,,0.05,ug/l,False,0.05,,,508,UHL001,Actual,SW,Water,,,Lee,07100009,River/Stream,,40.4620485,-91.5670776
6,10560001,Des Moines River near Keokuk,05/08/2002 08:15:00,AMBIENT,319-84-6,.alpha.-Hexachlorocyclohexane,Total,,0.05,ug/l,False,0.05,,,508,UHL001,Actual,SW,Water,,,Lee,07100009,River/Stream,,40.4620485,-91.5670776
6,10560001,Des Moines River near Keokuk,05/08/2002 08:15:00,AMBIENT,319-85-7,.beta.-Hexachlorocyclohexane,Total,,0.05,ug/l,False,0.05,,,508,UHL001,Actual,SW,Water,,,Lee,07100009,River/Stream,,40.4620485,-91.5670776
6,10560001,Des Moines River near Keokuk,05/08/2002 08:15:00,AMBIENT,319-86-8,.delta.-Hexachlorocyclohexane,Total,,0.05,ug/l,False,0.05,,,508,UHL001,Actual,SW,Water,,,Lee,07100009,River/Stream,,40.4620485,-91.5670776
6,10560001,Des Moines River near Keokuk,05/08/2002 08:15:00,AMBIENT,33213-65-9,.beta.-Endosulfan,Total,,0.05,ug/l,False,0.05,,,508,UHL001,Actual,SW,Water,,,Lee,07100009,River/Stream,,40.4620485,-91.5670776
6,10560001,Des Moines River near Keokuk,05/08/2002 08:15:00,AMBIENT,50-29-3,"p,p'-DDT",Total,,0.05,ug/l,False,0.05,,,508,UHL001,Actual,SW,Water,,,Lee,07100009,River/Stream,,40.4620485,-91.5670776
6,10560001,Des Moines River near Keokuk,05/08/2002 08:15:00,AMBIENT,53494-70-5,Endrin ketone,Total,,0.05,ug/l,False,0.05,,,508,UHL001,Actual,SW,Water,,,Lee,07100009,River/Stream,,40.4620485,-91.5670776
6,10560001,Des Moines River near Keokuk,05/08/2002 08:15:00,AMBIENT,57-74-9,Chlordane,Total,,0.05,ug/l,False,0.05,,,508,UHL001,Actual,SW,Water,,,Lee,07100009,River/Stream,,40.4620485,-91.5670776
6,10560001,Des Moines River near Keokuk,05/08/2002 08:15:00,AMBIENT,58-89-9,Lindane,Total,,0.05,ug/l,False,0.05,,,508,UHL001,Actual,SW,Water,,,Lee,07100009,River/Stream,,40.4620485,-91.5670776
6,10560001,Des Moines River near Keokuk,05/08/2002 08:15:00,AMBIENT,60-57-1,Dieldrin,Total,,0.05,ug/l,False,0.05,,,508,UHL001,Actual,SW,Water,,,Lee,07100009,River/Stream,,40.4620485,-91.5670776
6,10560001,Des Moines River near Keokuk,05/08/2002 08:15:00,AMBIENT,72-20-8,Endrin,Total,,0.05,ug/l,False,0.05,,,508,UHL001,Actual,SW,Water,,,Lee,07100009,River/Stream,,40.4620485,-91.5670776
6,10560001,Des Moines River near Keokuk,05/08/2002 08:15:00,AMBIENT,72-43-5,Methoxychlor,Total,,0.05,ug/l,False,0.05,,,508,UHL001,Actual,SW,Water,,,Lee,07100009,River/Stream,,40.4620485,-91.5670776
6,10560001,Des Moines River near Keokuk,05/08/2002 08:15:00,AMBIENT,72-54-8,"p,p'-DDD",Total,,0.05,ug/l,False,0.05,,,508,UHL001,Actual,SW,Water,,,Lee,07100009,River/Stream,,40.4620485,-91.5670776
6,10560001,Des Moines River near Keokuk,05/08/2002 08:15:00,AMBIENT,72-55-9,"p,p'-DDE",Total,,0.05,ug/l,False,0.05,,,508,UHL001,Actual,SW,Water,,,Lee,07100009,River/Stream,,40.4620485,-91.5670776
6,10560001,Des Moines River near Keokuk,05/08/2002 08:15:00,AMBIENT,7421-93-4,Endrin aldehyde,Total,,0.05,ug/l,False,0.05,,,508,UHL001,Actual,SW,Water,,,Lee,07100009,River/Stream,,40.4620485,-91.5670776
6,10560001,Des Moines River near Keokuk,05/08/2002 08:15:00,AMBIENT,76-44-8,Heptachlor,Total,,0.05,ug/l,False,0.05,,,508,UHL001,Actual,SW,Water,,,Lee,07100009,River/Stream,,40.4620485,-91.5670776
6,10560001,Des Moines River near Keokuk,05/08/2002 08:15:00,AMBIENT,8001-35-2,Toxaphene,Total,,0.5,ug/l,False,0.5,,,508,UHL001,Actual,SW,Water,,,Lee,07100009,River/Stream,,40.4620485,-91.5670776
6,10560001,Des Moines River near Keokuk,05/08/2002 08:15:00,AMBIENT,959-98-8,.alpha.-Endosulfan,Total,,0.05,ug/l,False,0.05,,,508,UHL001,Actual,SW,Water,,,Lee,07100009,River/Stream,,40.4620485,-91.5670776
6,10560001,Des Moines River near Keokuk,05/08/2002 08:15:00,AMBIENT,81777-89-1,Clomazone,Total,,0.05,ug/l,False,0.05,,,507,UHL001,Actual,SW,Water,,,Lee,07100009,River/Stream,,40.4620485,-91.5670776
6,10560001,Des Moines River near Keokuk,06/05/2002 13:35:00,AMBIENT,7782-44-7,Dissolved oxygen (DO),Total,,7.8,mg/l,True,0.1,,,4500-O-G,,Actual,SW,Water,,,Lee,07100009,River/Stream,,40.4620485,-91.5670776
6,10560001,Des Moines River near Keokuk,06/05/2002 13:35:00,AMBIENT,PHOSP-PHOSP,Phosphate-phosphorus (as P),Total,,0.34,mg/l,True,0.05,,,Unknown,UHL001,Actual,SW,Water,,,Lee,07100009,River/Stream,,40.4620485,-91.5670776
6,10560001,Des Moines River near Keokuk,06/05/2002 13:35:00,AMBIENT,14265-44-2,Orthophosphate (as P),Dissolved,,0.14,mg/l,True,0.05,,,Unknown,UHL001,Actual,SW,Water,,,Lee,07100009,River/Stream,,40.4620485,-91.5670776
6,10560001,Des Moines River near Keokuk,06/05/2002 13:35:00,AMBIENT,7631-86-9,Silica,Dissolved,,12,mg/l,True,1,,,370.1,UHL001,Actual,SW,Water,,,Lee,07100009,River/Stream,,40.4620485,-91.5670776
6,10560001,Des Moines River near Keokuk,06/05/2002 13:35:00,AMBIENT,TDS,Total dissolved solids,Dissolved,,400,mg/l,True,1,,,160.1,UHL001,Actual,SW,Water,,,Lee,07100009,River/Stream,,40.4620485,-91.5670776
6,10560001,Des Moines River near Keokuk,06/05/2002 13:35:00,AMBIENT,TSS,Total suspended solids,NonFilt,,220,mg/l,True,1,,,I3765,UHL001,Actual,SW,Water,,,Lee,07100009,River/Stream,,40.4620485,-91.5670776
6,10560001,Des Moines River near Keokuk,06/05/2002 13:35:00,AMBIENT,SPEC-COND,Specific conductance,Total,,690,uS/cm,True,1,,,2510,UHL001,Actual,SW,Water,,,Lee,07100009,River/Stream,,40.4620485,-91.5670776
6,10560001,Des Moines River near Keokuk,06/05/2002 13:35:00,AMBIENT,14808-79-8,Sulfate (as SO4),Total,,54,mg/l,True,1,,,300(A),UHL001,Actual,SW,Water,,,Lee,07100009,River/Stream,,40.4620485,-91.5670776
6,10560001,Des Moines River near Keokuk,06/05/2002 13:35:00,AMBIENT,TURB,Turbidity,Total,,130,NTU,True,1,,,180.1,UHL001,Actual,SW,Water,,,Lee,07100009,River/Stream,,40.4620485,-91.5670776
6,10560001,Des Moines River near Keokuk,06/05/2002 13:35:00,AMBIENT,81777-89-1,Clomazone,Total,,0.05,ug/l,False,0.05,,,507,UHL001,Actual,SW,Water,,,Lee,07100009,River/Stream,,40.4620485,-91.5670776
6,10560001,Des Moines River near Keokuk,07/08/2002 11:35:00,AMBIENT,7782-44-7,Dissolved oxygen (DO),Total,,10.3,mg/l,True,0.1,,,4500-O-G,,Actual,SW,Water,,,Lee,07100009,River/Stream,,40.4620485,-91.5670776
6,10560001,Des Moines River near Keokuk,07/08/2002 11:35:00,AMBIENT,FLOW,Flow,Total,,1200,cfs,True,0.1,,,USGS CA8,,Actual,SW,Water,,,Lee,07100009,River/Stream,,40.4620485,-91.5670776
6,10560001,Des Moines River near Keokuk,07/08/2002 11:35:00,AMBIENT,PH,pH,Total,,8.8,None,True,,,,4500-H,,Actual,SW,Water,,,Lee,07100009,River/Stream,,40.4620485,-91.5670776
6,10560001,Des Moines River near Keokuk,07/08/2002 11:35:00,AMBIENT,TEMP-WATER,"Temperature, water",Total,,31.5,deg C,True,0,,,2550,,Actual,SW,Water,,,Lee,07100009,River/Stream,,40.4620485,-91.5670776
6,10560001,Des Moines River near Keokuk,07/08/2002 11:35:00,AMBIENT,120-36-5,Dichlorprop,Total,,0.2,ug/l,False,0.2,,,515.1,UHL001,Actual,SW,Water,,,Lee,07100009,River/Stream,,40.4620485,-91.5670776
6,10560001,Des Moines River near Keokuk,07/08/2002 11:35:00,AMBIENT,133-90-4,Chloramben,Total,,0.2,ug/l,False,0.2,,,515.1,UHL001,Actual,SW,Water,,,Lee,07100009,River/Stream,,40.4620485,-91.5670776
6,10560001,Des Moines River near Keokuk,07/08/2002 11:35:00,AMBIENT,1689-84-5,Bromoxynil,Total,,0.2,ug/l,False,0.2,,,515.1,UHL001,Actual,SW,Water,,,Lee,07100009,River/Stream,,40.4620485,-91.5670776
6,10560001,Des Moines River near Keokuk,07/08/2002 11:35:00,AMBIENT,1861-32-1,Chlorthal-dimethyl,Total,,0.2,ug/l,False,0.2,,,515.1,UHL001,Actual,SW,Water,,,Lee,07100009,River/Stream,,40.4620485,-91.5670776
6,10560001,Des Moines River near Keokuk,07/08/2002 11:35:00,AMBIENT,1918-00-9,Dicamba,Total,,0.2,ug/l,False,0.2,,,515.1,UHL001,Actual,SW,Water,,,Lee,07100009,River/Stream,,40.4620485,-91.5670776
6,10560001,Des Moines River near Keokuk,07/08/2002 11:35:00,AMBIENT,1918-02-01,Picloram,Total,,0.4,ug/l,False,0.4,,,515.1,UHL001,Actual,SW,Water,,,Lee,07100009,River/Stream,,40.4620485,-91.5670776
6,10560001,Des Moines River near Keokuk,07/08/2002 11:35:00,AMBIENT,25057-89-0,Bentazon,Total,,0.5,ug/l,False,0.5,,,515.1,UHL001,Actual,SW,Water,,,Lee,07100009,River/Stream,,40.4620485,-91.5670776
6,10560001,Des Moines River near Keokuk,07/08/2002 11:35:00,AMBIENT,50594-66-6,Acifluorfen,Total,,0.2,ug/l,False,0.2,,,515.1,UHL001,Actual,SW,Water,,,Lee,07100009,River/Stream,,40.4620485,-91.5670776
6,10560001,Des Moines River near Keokuk,07/08/2002 11:35:00,AMBIENT,55335-06-3,Triclopyr,Total,,0.2,ug/l,False,0.2,,,515.1,UHL001,Actual,SW,Water,,,Lee,07100009,River/Stream,,40.4620485,-91.5670776
6,10560001,Des Moines River near Keokuk,07/08/2002 11:35:00,AMBIENT,88-85-7,Dinoseb,Total,,0.2,ug/l,False,0.2,,,515.1,UHL001,Actual,SW,Water,,,Lee,07100009,River/Stream,,40.4620485,-91.5670776
6,10560001,Des Moines River near Keokuk,07/08/2002 11:35:00,AMBIENT,93-72-1,Silvex,Total,,0.2,ug/l,False,0.2,,,515.1,UHL001,Actual,SW,Water,,,Lee,07100009,River/Stream,,40.4620485,-91.5670776
6,10560001,Des Moines River near Keokuk,07/08/2002 11:35:00,AMBIENT,93-76-5,"2,4,5-T",Total,,0.2,ug/l,False,0.2,,,515.1,UHL001,Actual,SW,Water,,,Lee,07100009,River/Stream,,40.4620485,-91.5670776
6,10560001,Des Moines River near Keokuk,07/08/2002 11:35:00,AMBIENT,94-75-7,"2,4-D",Total,,0.4,ug/l,False,0.4,,,515.1,UHL001,Actual,SW,Water,,,Lee,07100009,River/Stream,,40.4620485,-91.5670776
6,10560001,Des Moines River near Keokuk,07/08/2002 11:35:00,AMBIENT,94-82-6,"2,4-DB",Total,,0.4,ug/l,False,0.4,,,515.1,UHL001,Actual,SW,Water,,,Lee,07100009,River/Stream,,40.4620485,-91.5670776
6,10560001,Des Moines River near Keokuk,07/08/2002 11:35:00,AMBIENT,1007-28-9,2-Choro-6-ethylamino-4-amino-s-triazine,Total,,0.05,ug/l,False,0.05,,,507,UHL001,Actual,SW,Water,,,Lee,07100009,River/Stream,,40.4620485,-91.5670776
6,10560001,Des Moines River near Keokuk,07/08/2002 11:35:00,AMBIENT,121-75-5,Malathion,Total,,0.05,ug/l,False,0.05,,,507,UHL001,Actual,SW,Water,,,Lee,07100009,River/Stream,,40.4620485,-91.5670776
6,10560001,Des Moines River near Keokuk,07/08/2002 11:35:00,AMBIENT,122-34-9,Simazine,Total,,0.05,ug/l,False,0.05,,,507,UHL001,Actual,SW,Water,,,Lee,07100009,River/Stream,,40.4620485,-91.5670776
6,10560001,Des Moines River near Keokuk,07/08/2002 11:35:00,AMBIENT,13071-79-9,Terbufos,Total,,0.05,ug/l,False,0.05,,,507,UHL001,Actual,SW,Water,,,Lee,07100009,River/Stream,,40.4620485,-91.5670776
6,10560001,Des Moines River near Keokuk,07/08/2002 11:35:00,AMBIENT,13194-48-4,Ethoprop,Total,,0.05,ug/l,False,0.05,,,507,UHL001,Actual,SW,Water,,,Lee,07100009,River/Stream,,40.4620485,-91.5670776
6,10560001,Des Moines River near Keokuk,07/08/2002 11:35:00,AMBIENT,139-40-2,Propazine,Total,,0.05,ug/l,False,0.05,,,507,UHL001,Actual,SW,Water,,,Lee,07100009,River/Stream,,40.4620485,-91.5670776
6,10560001,Des Moines River near Keokuk,07/08/2002 11:35:00,AMBIENT,1563-66-2,Carbofuran,Total,,0.05,ug/l,False,0.05,,,507,UHL001,Actual,SW,Water,,,Lee,07100009,River/Stream,,40.4620485,-91.5670776
6,10560001,Des Moines River near Keokuk,07/08/2002 11:35:00,AMBIENT,1582-09-8,Trifluralin,Total,,0.05,ug/l,False,0.05,,,507,UHL001,Actual,SW,Water,,,Lee,07100009,River/Stream,,40.4620485,-91.5670776
6,10560001,Des Moines River near Keokuk,07/08/2002 11:35:00,AMBIENT,15972-60-8,Alachlor,Total,,0.05,ug/l,False,0.05,,,507,UHL001,Actual,SW,Water,,,Lee,07100009,River/Stream,,40.4620485,-91.5670776
6,10560001,Des Moines River near Keokuk,07/08/2002 11:35:00,AMBIENT,1610-18-0,Prometon,Total,,0.05,ug/l,False,0.05,,,507,UHL001,Actual,SW,Water,,,Lee,07100009,River/Stream,,40.4620485,-91.5670776
6,10560001,Des Moines River near Keokuk,07/08/2002 11:35:00,AMBIENT,1912-24-9,Atrazine,Total,,1.6,ug/l,True,0.05,,,507,UHL001,Actual,SW,Water,,,Lee,07100009,River/Stream,,40.4620485,-91.5670776
6,10560001,Des Moines River near Keokuk,07/08/2002 11:35:00,AMBIENT,1918-16-7,Propachlor,Total,,0.05,ug/l,False,0.05,,,507,UHL001,Actual,SW,Water,,,Lee,07100009,River/Stream,,40.4620485,-91.5670776
6,10560001,Des Moines River near Keokuk,07/08/2002 11:35:00,AMBIENT,2008-41-5,Butylate,Total,,0.05,ug/l,False,0.05,,,507,UHL001,Actual,SW,Water,,,Lee,07100009,River/Stream,,40.4620485,-91.5670776
6,10560001,Des Moines River near Keokuk,07/08/2002 11:35:00,AMBIENT,21087-64-9,Metribuzin,Total,,0.05,ug/l,False,0.05,,,507,UHL001,Actual,SW,Water,,,Lee,07100009,River/Stream,,40.4620485,-91.5670776
6,10560001,Des Moines River near Keokuk,07/08/2002 11:35:00,AMBIENT,21725-46-2,Cyanazine,Total,,0.05,ug/l,False,0.05,,,507,UHL001,Actual,SW,Water,,,Lee,07100009,River/Stream,,40.4620485,-91.5670776
6,10560001,Des Moines River near Keokuk,07/08/2002 11:35:00,AMBIENT,2303-17-5,Triallate,Total,,0.05,ug/l,False,0.05,,,507,UHL001,Actual,SW,Water,,,Lee,07100009,River/Stream,,40.4620485,-91.5670776
6,10560001,Des Moines River near Keokuk,07/08/2002 11:35:00,AMBIENT,23184-66-9,Butachlor,Total,,0.05,ug/l,False,0.05,,,507,UHL001,Actual,SW,Water,,,Lee,07100009,River/Stream,,40.4620485,-91.5670776
6,10560001,Des Moines River near Keokuk,07/08/2002 11:35:00,AMBIENT,25311-71-1,Isofenphos,Total,,0.05,ug/l,False,0.05,,,507,UHL001,Actual,SW,Water,,,Lee,07100009,River/Stream,,40.4620485,-91.5670776
6,10560001,Des Moines River near Keokuk,07/08/2002 11:35:00,AMBIENT,2921-88-2,Chlorpyrifos,Total,,0.05,ug/l,False,0.05,,,507,UHL001,Actual,SW,Water,,,Lee,07100009,River/Stream,,40.4620485,-91.5670776
6,10560001,Des Moines River near Keokuk,07/08/2002 11:35:00,AMBIENT,298-00-0,Methyl parathion,Total,,0.05,ug/l,False,0.05,,,507,UHL001,Actual,SW,Water,,,Lee,07100009,River/Stream,,40.4620485,-91.5670776
6,10560001,Des Moines River near Keokuk,07/08/2002 11:35:00,AMBIENT,298-02-2,Phorate,Total,,0.05,ug/l,False,0.05,,,507,UHL001,Actual,SW,Water,,,Lee,07100009,River/Stream,,40.4620485,-91.5670776
6,10560001,Des Moines River near Keokuk,07/08/2002 11:35:00,AMBIENT,298-04-4,Disulfoton,Total,,0.05,ug/l,False,0.05,,,507,UHL001,Actual,SW,Water,,,Lee,07100009,River/Stream,,40.4620485,-91.5670776
6,10560001,Des Moines River near Keokuk,07/08/2002 11:35:00,AMBIENT,314-40-9,Bromacil,Total,,0.05,ug/l,False,0.05,,,507,UHL001,Actual,SW,Water,,,Lee,07100009,River/Stream,,40.4620485,-91.5670776
6,10560001,Des Moines River near Keokuk,07/08/2002 11:35:00,AMBIENT,333-41-5,Diazinon,Total,,0.05,ug/l,False,0.05,,,507,UHL001,Actual,SW,Water,,,Lee,07100009,River/Stream,,40.4620485,-91.5670776
6,10560001,Des Moines River near Keokuk,07/08/2002 11:35:00,AMBIENT,34256-82-1,Acetochlor,Total,,0.05,ug/l,False,0.05,,,507,UHL001,Actual,SW,Water,,,Lee,07100009,River/Stream,,40.4620485,-91.5670776
6,10560001,Des Moines River near Keokuk,07/08/2002 11:35:00,AMBIENT,40487-42-1,Pendimethalin,Total,,0.05,ug/l,False,0.05,,,507,UHL001,Actual,SW,Water,,,Lee,07100009,River/Stream,,40.4620485,-91.5670776
6,10560001,Des Moines River near Keokuk,07/08/2002 11:35:00,AMBIENT,51218-45-2,Metolachlor,Total,,0.19,ug/l,True,0.05,,,507,UHL001,Actual,SW,Water,,,Lee,07100009,River/Stream,,40.4620485,-91.5670776
6,10560001,Des Moines River near Keokuk,07/08/2002 11:35:00,AMBIENT,56-38-2,Parathion,Total,,0.05,ug/l,False,0.05,,,507,UHL001,Actual,SW,Water,,,Lee,07100009,River/Stream,,40.4620485,-91.5670776
6,10560001,Des Moines River near Keokuk,07/08/2002 11:35:00,AMBIENT,60-51-5,Dimethoate,Total,,0.05,ug/l,False,0.05,,,507,UHL001,Actual,SW,Water,,,Lee,07100009,River/Stream,,40.4620485,-91.5670776
6,10560001,Des Moines River near Keokuk,07/08/2002 11:35:00,AMBIENT,6190-65-4,2-Chloro-4-isopropylamino-6-amino-s-triazine,Total,,0.34,ug/l,True,0.05,,,507,UHL001,Actual,SW,Water,,,Lee,07100009,River/Stream,,40.4620485,-91.5670776
6,10560001,Des Moines River near Keokuk,07/08/2002 11:35:00,AMBIENT,62-73-7,Dichlorvos,Total,,0.05,ug/l,False,0.05,,,507,UHL001,Actual,SW,Water,,,Lee,07100009,River/Stream,,40.4620485,-91.5670776
6,10560001,Des Moines River near Keokuk,07/08/2002 11:35:00,AMBIENT,63-25-2,Carbaryl,Total,,0.05,ug/l,False,0.05,,,507,UHL001,Actual,SW,Water,,,Lee,07100009,River/Stream,,40.4620485,-91.5670776
6,10560001,Des Moines River near Keokuk,07/08/2002 11:35:00,AMBIENT,759-94-4,S-Ethyl dipropylthiocarbamate,Total,,0.05,ug/l,False,0.05,,,507,UHL001,Actual,SW,Water,,,Lee,07100009,River/Stream,,40.4620485,-91.5670776
6,10560001,Des Moines River near Keokuk,07/08/2002 11:35:00,AMBIENT,834-12-8,Ametryn,Total,,0.05,ug/l,False,0.05,,,507,UHL001,Actual,SW,Water,,,Lee,07100009,River/Stream,,40.4620485,-91.5670776
6,10560001,Des Moines River near Keokuk,07/08/2002 11:35:00,AMBIENT,87674-68-8,Dimethenamid,Total,,0.05,ug/l,False,0.05,,,507,UHL001,Actual,SW,Water,,,Lee,07100009,River/Stream,,40.4620485,-91.5670776
6,10560001,Des Moines River near Keokuk,07/08/2002 11:35:00,AMBIENT,944-22-9,Fonofos,Total,,0.05,ug/l,False,0.05,,,507,UHL001,Actual,SW,Water,,,Lee,07100009,River/Stream,,40.4620485,-91.5670776
6,10560001,Des Moines River near Keokuk,07/08/2002 11:35:00,AMBIENT,1024-57-3,Heptachlor epoxide,Total,,0.05,ug/l,False,0.05,,,508,UHL001,Actual,SW,Water,,,Lee,07100009,River/Stream,,40.4620485,-91.5670776
6,10560001,Des Moines River near Keokuk,07/08/2002 11:35:00,AMBIENT,1031-07-8,Endosulfan sulfate,Total,,0.05,ug/l,False,0.05,,,508,UHL001,Actual,SW,Water,,,Lee,07100009,River/Stream,,40.4620485,-91.5670776
6,10560001,Des Moines River near Keokuk,07/08/2002 11:35:00,AMBIENT,309-00-2,Aldrin,Total,,0.05,ug/l,False,0.05,,,508,UHL001,Actual,SW,Water,,,Lee,07100009,River/Stream,,40.4620485,-91.5670776
6,10560001,Des Moines River near Keokuk,07/08/2002 11:35:00,AMBIENT,319-84-6,.alpha.-Hexachlorocyclohexane,Total,,0.05,ug/l,False,0.05,,,508,UHL001,Actual,SW,Water,,,Lee,07100009,River/Stream,,40.4620485,-91.5670776
6,10560001,Des Moines River near Keokuk,07/08/2002 11:35:00,AMBIENT,319-85-7,.beta.-Hexachlorocyclohexane,Total,,0.05,ug/l,False,0.05,,,508,UHL001,Actual,SW,Water,,,Lee,07100009,River/Stream,,40.4620485,-91.5670776
6,10560001,Des Moines River near Keokuk,07/08/2002 11:35:00,AMBIENT,319-86-8,.delta.-Hexachlorocyclohexane,Total,,0.05,ug/l,False,0.05,,,508,UHL001,Actual,SW,Water,,,Lee,07100009,River/Stream,,40.4620485,-91.5670776
6,10560001,Des Moines River near Keokuk,07/08/2002 11:35:00,AMBIENT,33213-65-9,.beta.-Endosulfan,Total,,0.05,ug/l,False,0.05,,,508,UHL001,Actual,SW,Water,,,Lee,07100009,River/Stream,,40.4620485,-91.5670776
6,10560001,Des Moines River near Keokuk,07/08/2002 11:35:00,AMBIENT,50-29-3,"p,p'-DDT",Total,,0.05,ug/l,False,0.05,,,508,UHL001,Actual,SW,Water,,,Lee,07100009,River/Stream,,40.4620485,-91.5670776
6,10560001,Des Moines River near Keokuk,07/08/2002 11:35:00,AMBIENT,53494-70-5,Endrin ketone,Total,,0.05,ug/l,False,0.05,,,508,UHL001,Actual,SW,Water,,,Lee,07100009,River/Stream,,40.4620485,-91.5670776
6,10560001,Des Moines River near Keokuk,07/08/2002 11:35:00,AMBIENT,57-74-9,Chlordane,Total,,0.05,ug/l,False,0.05,,,508,UHL001,Actual,SW,Water,,,Lee,07100009,River/Stream,,40.4620485,-91.5670776
6,10560001,Des Moines River near Keokuk,07/08/2002 11:35:00,AMBIENT,58-89-9,Lindane,Total,,0.05,ug/l,False,0.05,,,508,UHL001,Actual,SW,Water,,,Lee,07100009,River/Stream,,40.4620485,-91.5670776
6,10560001,Des Moines River near Keokuk,07/08/2002 11:35:00,AMBIENT,60-57-1,Dieldrin,Total,,0.05,ug/l,False,0.05,,,508,UHL001,Actual,SW,Water,,,Lee,07100009,River/Stream,,40.4620485,-91.5670776
6,10560001,Des Moines River near Keokuk,07/08/2002 11:35:00,AMBIENT,72-20-8,Endrin,Total,,0.05,ug/l,False,0.05,,,508,UHL001,Actual,SW,Water,,,Lee,07100009,River/Stream,,40.4620485,-91.5670776
6,10560001,Des Moines River near Keokuk,07/08/2002 11:35:00,AMBIENT,72-43-5,Methoxychlor,Total,,0.05,ug/l,False,0.05,,,508,UHL001,Actual,SW,Water,,,Lee,07100009,River/Stream,,40.4620485,-91.5670776
6,10560001,Des Moines River near Keokuk,07/08/2002 11:35:00,AMBIENT,72-54-8,"p,p'-DDD",Total,,0.05,ug/l,False,0.05,,,508,UHL001,Actual,SW,Water,,,Lee,07100009,River/Stream,,40.4620485,-91.5670776
6,10560001,Des Moines River near Keokuk,07/08/2002 11:35:00,AMBIENT,72-55-9,"p,p'-DDE",Total,,0.05,ug/l,False,0.05,,,508,UHL001,Actual,SW,Water,,,Lee,07100009,River/Stream,,40.4620485,-91.5670776
6,10560001,Des Moines River near Keokuk,07/08/2002 11:35:00,AMBIENT,7421-93-4,Endrin aldehyde,Total,,0.05,ug/l,False,0.05,,,508,UHL001,Actual,SW,Water,,,Lee,07100009,River/Stream,,40.4620485,-91.5670776
6,10560001,Des Moines River near Keokuk,07/08/2002 11:35:00,AMBIENT,76-44-8,Heptachlor,Total,,0.05,ug/l,False,0.05,,,508,UHL001,Actual,SW,Water,,,Lee,07100009,River/Stream,,40.4620485,-91.5670776
6,10560001,Des Moines River near Keokuk,07/08/2002 11:35:00,AMBIENT,8001-35-2,Toxaphene,Total,,0.5,ug/l,False,0.5,,,508,UHL001,Actual,SW,Water,,,Lee,07100009,River/Stream,,40.4620485,-91.5670776
6,10560001,Des Moines River near Keokuk,07/08/2002 11:35:00,AMBIENT,959-98-8,.alpha.-Endosulfan,Total,,0.05,ug/l,False,0.05,,,508,UHL001,Actual,SW,Water,,,Lee,07100009,River/Stream,,40.4620485,-91.5670776
6,10560001,Des Moines River near Keokuk,07/08/2002 11:35:00,AMBIENT,7440-02-0,Nickel,Total,,50,ug/l,False,50,,,200.8(W),UHL001,Actual,SW,Water,,,Lee,07100009,River/Stream,,40.4620485,-91.5670776
6,10560001,Des Moines River near Keokuk,07/08/2002 11:35:00,AMBIENT,7440-22-4,Silver,Total,,10,ug/l,False,10,,,200.8(W),UHL001,Actual,SW,Water,,,Lee,07100009,River/Stream,,40.4620485,-91.5670776
6,10560001,Des Moines River near Keokuk,07/08/2002 11:35:00,AMBIENT,7440-28-0,Thallium,Total,,0.001,mg/l,False,0.001,,,200.8(W),UHL001,Actual,SW,Water,,,Lee,07100009,River/Stream,,40.4620485,-91.5670776
6,10560001,Des Moines River near Keokuk,07/08/2002 11:35:00,AMBIENT,7440-36-0,Antimony,Total,,0.005,mg/l,False,0.005,,,200.8(W),UHL001,Actual,SW,Water,,,Lee,07100009,River/Stream,,40.4620485,-91.5670776
6,10560001,Des Moines River near Keokuk,07/08/2002 11:35:00,AMBIENT,7440-38-2,Arsenic,Total,,10,ug/l,False,10,,,200.8(W),UHL001,Actual,SW,Water,,,Lee,07100009,River/Stream,,40.4620485,-91.5670776
6,10560001,Des Moines River near Keokuk,07/08/2002 11:35:00,AMBIENT,7440-41-7,Beryllium,Total,,0.02,mg/l,False,0.02,,,200.8(W),UHL001,Actual,SW,Water,,,Lee,07100009,River/Stream,,40.4620485,-91.5670776
6,10560001,Des Moines River near Keokuk,07/08/2002 11:35:00,AMBIENT,7440-66-6,Zinc,Total,,20,ug/l,False,20,,,200.8(W),UHL001,Actual,SW,Water,,,Lee,07100009,River/Stream,,40.4620485,-91.5670776
6,10560001,Des Moines River near Keokuk,07/08/2002 11:35:00,AMBIENT,7782-49-2,Selenium,Total,,10,ug/l,False,10,,,200.8(W),UHL001,Actual,SW,Water,,,Lee,07100009,River/Stream,,40.4620485,-91.5670776
6,10560001,Des Moines River near Keokuk,07/08/2002 11:35:00,AMBIENT,TSS,Total suspended solids,NonFilt,,32,mg/l,True,1,,,I3765,UHL001,Actual,SW,Water,,,Lee,07100009,River/Stream,,40.4620485,-91.5670776
6,10560001,Des Moines River near Keokuk,07/08/2002 11:35:00,AMBIENT,SPEC-COND,Specific conductance,Total,,540,uS/cm,True,1,,,2510,UHL001,Actual,SW,Water,,,Lee,07100009,River/Stream,,40.4620485,-91.5670776
6,10560001,Des Moines River near Keokuk,07/08/2002 11:35:00,AMBIENT,14808-79-8,Sulfate (as SO4),Total,,55,mg/l,True,1,,,300(A),UHL001,Actual,SW,Water,,,Lee,07100009,River/Stream,,40.4620485,-91.5670776
6,10560001,Des Moines River near Keokuk,07/08/2002 11:35:00,AMBIENT,TURB,Turbidity,Total,,16,NTU,True,1,,,180.1,UHL001,Actual,SW,Water,,,Lee,07100009,River/Stream,,40.4620485,-91.5670776
6,10560001,Des Moines River near Keokuk,07/08/2002 11:35:00,AMBIENT,7440-44-0,Carbon,Total,,4.2,mg/l,True,0.5,,,415.1,UHL001,Actual,SW,Water,,,Lee,07100009,River/Stream,,40.4620485,-91.5670776
6,10560001,Des Moines River near Keokuk,07/08/2002 11:35:00,AMBIENT,81777-89-1,Clomazone,Total,,0.05,ug/l,False,0.05,,,507,UHL001,Actual,SW,Water,,,Lee,07100009,River/Stream,,40.4620485,-91.5670776
6,10560001,Des Moines River near Keokuk,03/05/2002 09:30:00,AMBIENT,1007-28-9,2-Choro-6-ethylamino-4-amino-s-triazine,Total,,0.05,ug/l,False,0.05,,,507,UHL001,Actual,SW,Water,,,Lee,07100009,River/Stream,,40.4620485,-91.5670776
6,10560001,Des Moines River near Keokuk,03/05/2002 09:30:00,AMBIENT,122-34-9,Simazine,Total,,0.05,ug/l,False,0.05,,,507,UHL001,Actual,SW,Water,,,Lee,07100009,River/Stream,,40.4620485,-91.5670776
6,10560001,Des Moines River near Keokuk,03/05/2002 09:30:00,AMBIENT,139-40-2,Propazine,Total,,0.05,ug/l,False,0.05,,,507,UHL001,Actual,SW,Water,,,Lee,07100009,River/Stream,,40.4620485,-91.5670776
6,10560001,Des Moines River near Keokuk,03/05/2002 09:30:00,AMBIENT,1582-09-8,Trifluralin,Total,,0.05,ug/l,False,0.05,,,507,UHL001,Actual,SW,Water,,,Lee,07100009,River/Stream,,40.4620485,-91.5670776
6,10560001,Des Moines River near Keokuk,03/05/2002 09:30:00,AMBIENT,15972-60-8,Alachlor,Total,,0.05,ug/l,False,0.05,,,507,UHL001,Actual,SW,Water,,,Lee,07100009,River/Stream,,40.4620485,-91.5670776
6,10560001,Des Moines River near Keokuk,03/05/2002 09:30:00,AMBIENT,1610-18-0,Prometon,Total,,0.05,ug/l,False,0.05,,,507,UHL001,Actual,SW,Water,,,Lee,07100009,River/Stream,,40.4620485,-91.5670776
6,10560001,Des Moines River near Keokuk,03/05/2002 09:30:00,AMBIENT,1912-24-9,Atrazine,Total,,0.12,ug/l,True,0.05,,,507,UHL001,Actual,SW,Water,,,Lee,07100009,River/Stream,,40.4620485,-91.5670776
6,10560001,Des Moines River near Keokuk,03/05/2002 09:30:00,AMBIENT,1918-16-7,Propachlor,Total,,0.05,ug/l,False,0.05,,,507,UHL001,Actual,SW,Water,,,Lee,07100009,River/Stream,,40.4620485,-91.5670776
6,10560001,Des Moines River near Keokuk,03/05/2002 09:30:00,AMBIENT,2008-41-5,Butylate,Total,,0.05,ug/l,False,0.05,,,507,UHL001,Actual,SW,Water,,,Lee,07100009,River/Stream,,40.4620485,-91.5670776
6,10560001,Des Moines River near Keokuk,03/05/2002 09:30:00,AMBIENT,21087-64-9,Metribuzin,Total,,0.05,ug/l,False,0.05,,,507,UHL001,Actual,SW,Water,,,Lee,07100009,River/Stream,,40.4620485,-91.5670776
6,10560001,Des Moines River near Keokuk,03/05/2002 09:30:00,AMBIENT,21725-46-2,Cyanazine,Total,,0.05,ug/l,False,0.05,,,507,UHL001,Actual,SW,Water,,,Lee,07100009,River/Stream,,40.4620485,-91.5670776
6,10560001,Des Moines River near Keokuk,03/05/2002 09:30:00,AMBIENT,34256-82-1,Acetochlor,Total,,0.05,ug/l,False,0.05,,,507,UHL001,Actual,SW,Water,,,Lee,07100009,River/Stream,,40.4620485,-91.5670776
6,10560001,Des Moines River near Keokuk,03/05/2002 09:30:00,AMBIENT,51218-45-2,Metolachlor,Total,,0.05,ug/l,False,0.05,,,507,UHL001,Actual,SW,Water,,,Lee,07100009,River/Stream,,40.4620485,-91.5670776
6,10560001,Des Moines River near Keokuk,03/05/2002 09:30:00,AMBIENT,6190-65-4,2-Chloro-4-isopropylamino-6-amino-s-triazine,Total,,0.05,ug/l,True,0.05,,,507,UHL001,Actual,SW,Water,,,Lee,07100009,River/Stream,,40.4620485,-91.5670776
6,10560001,Des Moines River near Keokuk,03/05/2002 09:30:00,AMBIENT,759-94-4,S-Ethyl dipropylthiocarbamate,Total,,0.05,ug/l,False,0.05,,,507,UHL001,Actual,SW,Water,,,Lee,07100009,River/Stream,,40.4620485,-91.5670776
6,10560001,Des Moines River near Keokuk,03/05/2002 09:30:00,AMBIENT,834-12-8,Ametryn,Total,,0.05,ug/l,False,0.05,,,507,UHL001,Actual,SW,Water,,,Lee,07100009,River/Stream,,40.4620485,-91.5670776
6,10560001,Des Moines River near Keokuk,03/05/2002 09:30:00,AMBIENT,87674-68-8,Dimethenamid,Total,,0.05,ug/l,False,0.05,,,507,UHL001,Actual,SW,Water,,,Lee,07100009,River/Stream,,40.4620485,-91.5670776
6,10560001,Des Moines River near Keokuk,03/05/2002 09:30:00,AMBIENT,CBOD-SC,"Carbonaceous biochemical oxygen demand, standard conditions",Total,,7,mg/l,True,2,,,UnknownBOD,UHL001,Actual,SW,Water,,,Lee,07100009,River/Stream,,40.4620485,-91.5670776
6,10560001,Des Moines River near Keokuk,03/05/2002 09:30:00,AMBIENT,16887-00-6,Chloride,Total,,43,mg/l,True,1,,,325.3,UHL001,Actual,SW,Water,,,Lee,07100009,River/Stream,,40.4620485,-91.5670776
6,10560001,Des Moines River near Keokuk,03/05/2002 09:30:00,AMBIENT,11003-45-5,Chlorophyll c,NonFilt,,20,ug/l,True,1,,,10200-H,UHL001,Actual,SW,Water,,,Lee,07100009,River/Stream,,40.4620485,-91.5670776
6,10560001,Des Moines River near Keokuk,03/05/2002 09:30:00,AMBIENT,479-61-8,Chlorophyll a,NonFilt,,158,ug/l,True,1,,,10200-H,UHL001,Actual,SW,Water,,,Lee,07100009,River/Stream,,40.4620485,-91.5670776
6,10560001,Des Moines River near Keokuk,03/05/2002 09:30:00,AMBIENT,519-62-0,Chlorophyll b,NonFilt,,1,ug/l,False,1,,,10200-H,UHL001,Actual,SW,Water,,,Lee,07100009,River/Stream,,40.4620485,-91.5670776
6,10560001,Des Moines River near Keokuk,03/05/2002 09:30:00,AMBIENT,CLR-A-UCP,"Chlorophyll a, uncorrected for pheophytin",NonFilt,,163,ug/l,True,1,,,10200-H,UHL001,Actual,SW,Water,,,Lee,07100009,River/Stream,,40.4620485,-91.5670776
6,10560001,Des Moines River near Keokuk,03/05/2002 09:30:00,AMBIENT,ENTERO,Enterococcus,Total,,10,MPN/100ml,False,10,,,1600,UHL001,Actual,SW,Water,,,Lee,07100009,River/Stream,,40.4620485,-91.5670776
6,10560001,Des Moines River near Keokuk,03/05/2002 09:30:00,AMBIENT,68583-22-2,Escherichia coli,Total,,10,MPN/100ml,False,10,,,APHA 9222 G,UHL001,Actual,SW,Water,,,Lee,07100009,River/Stream,,40.4620485,-91.5670776
6,10560001,Des Moines River near Keokuk,03/05/2002 09:30:00,AMBIENT,FEC-COL,Fecal Coliform,Total,,10,MPN/100ml,False,10,,,9222-D,UHL001,Actual,SW,Water,,,Lee,07100009,River/Stream,,40.4620485,-91.5670776
6,10560001,Des Moines River near Keokuk,03/05/2002 09:30:00,AMBIENT,HARD-CARB,"Hardness, carbonate",Total,,310,mg/l,True,1,,,Unknown,UHL001,Actual,SW,Water,,,Lee,07100009,River/Stream,,40.4620485,-91.5670776
6,10560001,Des Moines River near Keokuk,10/02/2002 09:40:00,AMBIENT,7439-92-1,Lead,Total,,10,ug/l,False,10,,,3113-B,UHL001,Actual,SW,Water,,,Lee,07100009,River/Stream,,40.4620485,-91.5670776
6,10560001,Des Moines River near Keokuk,10/02/2002 09:40:00,AMBIENT,7440-43-9,Cadmium,Total,,1,ug/l,False,1,,,3113-B,UHL001,Actual,SW,Water,,,Lee,07100009,River/Stream,,40.4620485,-91.5670776
6,10560001,Des Moines River near Keokuk,10/02/2002 09:40:00,AMBIENT,16887-00-6,Chloride,Total,,36,mg/l,True,1,,,325.3,UHL001,Actual,SW,Water,,,Lee,07100009,River/Stream,,40.4620485,-91.5670776
6,10560001,Des Moines River near Keokuk,10/02/2002 09:40:00,AMBIENT,11003-45-5,Chlorophyll c,NonFilt,,3,ug/l,True,1,,,10200-H,UHL001,Actual,SW,Water,,,Lee,07100009,River/Stream,,40.4620485,-91.5670776
6,10560001,Des Moines River near Keokuk,10/02/2002 09:40:00,AMBIENT,479-61-8,Chlorophyll a,NonFilt,,46,ug/l,True,1,,,10200-H,UHL001,Actual,SW,Water,,,Lee,07100009,River/Stream,,40.4620485,-91.5670776
6,10560001,Des Moines River near Keokuk,10/02/2002 09:40:00,AMBIENT,519-62-0,Chlorophyll b,NonFilt,,1,ug/l,True,1,,,10200-H,UHL001,Actual,SW,Water,,,Lee,07100009,River/Stream,,40.4620485,-91.5670776
6,10560001,Des Moines River near Keokuk,10/02/2002 09:40:00,AMBIENT,CLR-A-UCP,"Chlorophyll a, uncorrected for pheophytin",NonFilt,,52,ug/l,True,1,,,10200-H,UHL001,Actual,SW,Water,,,Lee,07100009,River/Stream,,40.4620485,-91.5670776
6,10560001,Des Moines River near Keokuk,10/02/2002 09:40:00,AMBIENT,7440-47-3,Chromium,Total,,20,ug/l,False,20,,,200.7(W),UHL001,Actual,SW,Water,,,Lee,07100009,River/Stream,,40.4620485,-91.5670776
6,10560001,Des Moines River near Keokuk,10/02/2002 09:40:00,AMBIENT,7440-50-8,Copper,Total,,10,ug/l,False,10,,,200.7(W),UHL001,Actual,SW,Water,,,Lee,07100009,River/Stream,,40.4620485,-91.5670776
6,10560001,Des Moines River near Keokuk,10/02/2002 09:40:00,AMBIENT,57-12-5,Cyanide,Total,,0.01,mg/l,False,0.01,,,335.2,UHL001,Actual,SW,Water,,,Lee,07100009,River/Stream,,40.4620485,-91.5670776
6,10560001,Des Moines River near Keokuk,10/02/2002 09:40:00,AMBIENT,ENTERO,Enterococcus,Total,,10,MPN/100ml,False,10,,,1600,UHL001,Actual,SW,Water,,,Lee,07100009,River/Stream,,40.4620485,-91.5670776
6,10560001,Des Moines River near Keokuk,10/02/2002 09:40:00,AMBIENT,68583-22-2,Escherichia coli,Total,,20,MPN/100ml,True,10,,,APHA 9222 G,UHL001,Actual,SW,Water,,,Lee,07100009,River/Stream,,40.4620485,-91.5670776
6,10560001,Des Moines River near Keokuk,10/02/2002 09:40:00,AMBIENT,FEC-COL,Fecal Coliform,Total,,20,MPN/100ml,True,10,,,9222-D,UHL001,Actual,SW,Water,,,Lee,07100009,River/Stream,,40.4620485,-91.5670776
6,10560001,Des Moines River near Keokuk,10/02/2002 09:40:00,AMBIENT,HARD-CARB,"Hardness, carbonate",Total,,190,mg/l,True,1,,,Unknown,UHL001,Actual,SW,Water,,,Lee,07100009,River/Stream,,40.4620485,-91.5670776
6,10560001,Des Moines River near Keokuk,10/02/2002 09:40:00,AMBIENT,7439-97-6,Mercury,Total,,5E-05,mg/l,False,0.00005,,,245.1,UHL001,Actual,SW,Water,,,Lee,07100009,River/Stream,,40.4620485,-91.5670776
6,10560001,Des Moines River near Keokuk,10/02/2002 09:40:00,AMBIENT,NIT-AMM,Ammonia-nitrogen (as N),Total,,0.05,mg/l,False,0.05,,,350.1,UHL001,Actual,SW,Water,,,Lee,07100009,River/Stream,,40.4620485,-91.5670776
6,10560001,Des Moines River near Keokuk,10/02/2002 09:40:00,AMBIENT,NIT-KJELD,Kjeldahl nitrogen (AS N),Total,,0.8,mg/l,True,0.05,,,Unknown,UHL001,Actual,SW,Water,,,Lee,07100009,River/Stream,,40.4620485,-91.5670776
6,10560001,Des Moines River near Keokuk,10/02/2002 09:40:00,AMBIENT,NIT-NO3-NO2,Inorganic nitrogen (nitrate and nitrite) (as N),Total,,0.7,mg/l,True,0.1,,,353.2,UHL001,Actual,SW,Water,,,Lee,07100009,River/Stream,,40.4620485,-91.5670776
6,10560001,Des Moines River near Keokuk,10/02/2002 09:40:00,AMBIENT,603-17-8,Pheophytin a,NonFilt,,7,ug/l,True,1,,,10200H(2),UHL001,Actual,SW,Water,,,Lee,07100009,River/Stream,,40.4620485,-91.5670776
6,10560001,Des Moines River near Keokuk,10/02/2002 09:40:00,AMBIENT,PHOSP-PHOSP,Phosphate-phosphorus (as P),Total,,0.05,mg/l,True,0.05,,,Unknown,UHL001,Actual,SW,Water,,,Lee,07100009,River/Stream,,40.4620485,-91.5670776
6,10560001,Des Moines River near Keokuk,10/02/2002 09:40:00,AMBIENT,14265-44-2,Orthophosphate (as P),Dissolved,,0.05,mg/l,True,0.05,,,Unknown,UHL001,Actual,SW,Water,,,Lee,07100009,River/Stream,,40.4620485,-91.5670776
6,10560001,Des Moines River near Keokuk,10/02/2002 09:40:00,AMBIENT,7631-86-9,Silica,Dissolved,,2.8,mg/l,True,1,,,370.1,UHL001,Actual,SW,Water,,,Lee,07100009,River/Stream,,40.4620485,-91.5670776
6,10560001,Des Moines River near Keokuk,10/02/2002 09:40:00,AMBIENT,TDS,Total dissolved solids,Dissolved,,310,mg/l,True,1,,,160.1,UHL001,Actual,SW,Water,,,Lee,07100009,River/Stream,,40.4620485,-91.5670776
6,10560001,Des Moines River near Keokuk,10/02/2002 09:40:00,AMBIENT,TSS,Total suspended solids,NonFilt,,17,mg/l,True,1,,,I3765,UHL001,Actual,SW,Water,,,Lee,07100009,River/Stream,,40.4620485,-91.5670776
6,10560001,Des Moines River near Keokuk,10/02/2002 09:40:00,AMBIENT,SPEC-COND,Specific conductance,Total,,520,uS/cm,True,1,,,2510,UHL001,Actual,SW,Water,,,Lee,07100009,River/Stream,,40.4620485,-91.5670776
6,10560001,Des Moines River near Keokuk,10/02/2002 09:40:00,AMBIENT,14808-79-8,Sulfate (as SO4),Total,,86,mg/l,True,1,,,300(A),UHL001,Actual,SW,Water,,,Lee,07100009,River/Stream,,40.4620485,-91.5670776
6,10560001,Des Moines River near Keokuk,10/02/2002 09:40:00,AMBIENT,TURB,Turbidity,Total,,10,NTU,True,1,,,180.1,UHL001,Actual,SW,Water,,,Lee,07100009,River/Stream,,40.4620485,-91.5670776
6,10560001,Des Moines River near Keokuk,11/07/2002 09:20:00,AMBIENT,7782-44-7,Dissolved oxygen (DO),Total,,12.8,mg/l,True,0.1,,,4500-O-G,,Actual,SW,Water,,,Lee,07100009,River/Stream,,40.4620485,-91.5670776
6,10560001,Des Moines River near Keokuk,11/07/2002 09:20:00,AMBIENT,SPEC-COND,Specific conductance,Total,,690,uS/cm,True,1,,,2510,UHL001,Actual,SW,Water,,,Lee,07100009,River/Stream,,40.4620485,-91.5670776
6,10560001,Des Moines River near Keokuk,11/07/2002 09:20:00,AMBIENT,14808-79-8,Sulfate (as SO4),Total,,52,mg/l,True,1,,,300(A),UHL001,Actual,SW,Water,,,Lee,07100009,River/Stream,,40.4620485,-91.5670776
6,10560001,Des Moines River near Keokuk,11/07/2002 09:20:00,AMBIENT,TURB,Turbidity,Total,,22,NTU,True,1,,,180.1,UHL001,Actual,SW,Water,,,Lee,07100009,River/Stream,,40.4620485,-91.5670776
6,10560001,Des Moines River near Keokuk,12/02/2002 09:00:00,AMBIENT,7782-44-7,Dissolved oxygen (DO),Total,,14.1,mg/l,True,0.1,,,4500-O-G,,Actual,SW,Water,,,Lee,07100009,River/Stream,,40.4620485,-91.5670776
6,10560001,Des Moines River near Keokuk,12/02/2002 09:00:00,AMBIENT,FLOW,Flow,Total,,1700,cfs,True,0.1,,,Unknown,,Actual,SW,Water,,,Lee,07100009,River/Stream,,40.4620485,-91.5670776
6,10560001,Des Moines River near Keokuk,12/02/2002 09:00:00,AMBIENT,PH,pH,Total,,8.6,None,True,,,,4500-H,,Actual,SW,Water,,,Lee,07100009,River/Stream,,40.4620485,-91.5670776
6,10560001,Des Moines River near Keokuk,12/02/2002 09:00:00,AMBIENT,TEMP-WATER,"Temperature, water",Total,,1,deg C,True,0,,,2550,,Actual,SW,Water,,,Lee,07100009,River/Stream,,40.4620485,-91.5670776
6,10560001,Des Moines River near Keokuk,12/02/2002 09:00:00,AMBIENT,1007-28-9,2-Choro-6-ethylamino-4-amino-s-triazine,Total,,0.05,ug/l,False,0.05,,,507,UHL001,Actual,SW,Water,,,Lee,07100009,River/Stream,,40.4620485,-91.5670776
6,10560001,Des Moines River near Keokuk,12/02/2002 09:00:00,AMBIENT,122-34-9,Simazine,Total,,0.05,ug/l,False,0.05,,,507,UHL001,Actual,SW,Water,,,Lee,07100009,River/Stream,,40.4620485,-91.5670776
6,10560001,Des Moines River near Keokuk,12/02/2002 09:00:00,AMBIENT,139-40-2,Propazine,Total,,0.05,ug/l,False,0.05,,,507,UHL001,Actual,SW,Water,,,Lee,07100009,River/Stream,,40.4620485,-91.5670776
6,10560001,Des Moines River near Keokuk,12/02/2002 09:00:00,AMBIENT,1582-09-8,Trifluralin,Total,,0.05,ug/l,False,0.05,,,507,UHL001,Actual,SW,Water,,,Lee,07100009,River/Stream,,40.4620485,-91.5670776
6,10560001,Des Moines River near Keokuk,12/02/2002 09:00:00,AMBIENT,15972-60-8,Alachlor,Total,,0.05,ug/l,False,0.05,,,507,UHL001,Actual,SW,Water,,,Lee,07100009,River/Stream,,40.4620485,-91.5670776
6,10560001,Des Moines River near Keokuk,12/02/2002 09:00:00,AMBIENT,1610-18-0,Prometon,Total,,0.05,ug/l,False,0.05,,,507,UHL001,Actual,SW,Water,,,Lee,07100009,River/Stream,,40.4620485,-91.5670776
6,10560001,Des Moines River near Keokuk,12/02/2002 09:00:00,AMBIENT,1912-24-9,Atrazine,Total,,0.067,ug/l,True,0.05,,,507,UHL001,Actual,SW,Water,,,Lee,07100009,River/Stream,,40.4620485,-91.5670776
6,10560001,Des Moines River near Keokuk,12/02/2002 09:00:00,AMBIENT,1918-16-7,Propachlor,Total,,0.05,ug/l,False,0.05,,,507,UHL001,Actual,SW,Water,,,Lee,07100009,River/Stream,,40.4620485,-91.5670776
6,10560001,Des Moines River near Keokuk,12/02/2002 09:00:00,AMBIENT,2008-41-5,Butylate,Total,,0.05,ug/l,False,0.05,,,507,UHL001,Actual,SW,Water,,,Lee,07100009,River/Stream,,40.4620485,-91.5670776
6,10560001,Des Moines River near Keokuk,12/02/2002 09:00:00,AMBIENT,21087-64-9,Metribuzin,Total,,0.05,ug/l,False,0.05,,,507,UHL001,Actual,SW,Water,,,Lee,07100009,River/Stream,,40.4620485,-91.5670776
6,10560001,Des Moines River near Keokuk,12/02/2002 09:00:00,AMBIENT,21725-46-2,Cyanazine,Total,,0.05,ug/l,False,0.05,,,507,UHL001,Actual,SW,Water,,,Lee,07100009,River/Stream,,40.4620485,-91.5670776
6,10560001,Des Moines River near Keokuk,12/02/2002 09:00:00,AMBIENT,34256-82-1,Acetochlor,Total,,0.05,ug/l,False,0.05,,,507,UHL001,Actual,SW,Water,,,Lee,07100009,River/Stream,,40.4620485,-91.5670776
6,10560001,Des Moines River near Keokuk,12/02/2002 09:00:00,AMBIENT,51218-45-2,Metolachlor,Total,,0.05,ug/l,True,0.05,,,507,UHL001,Actual,SW,Water,,,Lee,07100009,River/Stream,,40.4620485,-91.5670776
6,10560001,Des Moines River near Keokuk,12/02/2002 09:00:00,AMBIENT,6190-65-4,2-Chloro-4-isopropylamino-6-amino-s-triazine,Total,,0.05,ug/l,False,0.05,,,507,UHL001,Actual,SW,Water,,,Lee,07100009,River/Stream,,40.4620485,-91.5670776
6,10560001,Des Moines River near Keokuk,12/02/2002 09:00:00,AMBIENT,759-94-4,S-Ethyl dipropylthiocarbamate,Total,,0.05,ug/l,False,0.05,,,507,UHL001,Actual,SW,Water,,,Lee,07100009,River/Stream,,40.4620485,-91.5670776
6,10560001,Des Moines River near Keokuk,12/02/2002 09:00:00,AMBIENT,834-12-8,Ametryn,Total,,0.05,ug/l,False,0.05,,,507,UHL001,Actual,SW,Water,,,Lee,07100009,River/Stream,,40.4620485,-91.5670776
6,10560001,Des Moines River near Keokuk,12/02/2002 09:00:00,AMBIENT,87674-68-8,Dimethenamid,Total,,0.05,ug/l,False,0.05,,,507,UHL001,Actual,SW,Water,,,Lee,07100009,River/Stream,,40.4620485,-91.5670776
6,10560001,Des Moines River near Keokuk,12/02/2002 09:00:00,AMBIENT,CBOD-SC,"Carbonaceous biochemical oxygen demand, standard conditions",Total,,2,mg/l,False,2,,,UnknownBOD,UHL001,Actual,SW,Water,,,Lee,07100009,River/Stream,,40.4620485,-91.5670776
6,10560001,Des Moines River near Keokuk,12/02/2002 09:00:00,AMBIENT,7440-44-0,Carbon,Total,,1.1,mg/l,True,0.5,,,415.1,UHL001,Actual,SW,Water,,,Lee,07100009,River/Stream,,40.4620485,-91.5670776
6,10560001,Des Moines River near Keokuk,12/02/2002 09:00:00,AMBIENT,16887-00-6,Chloride,Total,,44,mg/l,True,1,,,325.3,UHL001,Actual,SW,Water,,,Lee,07100009,River/Stream,,40.4620485,-91.5670776
6,10560001,Des Moines River near Keokuk,12/02/2002 09:00:00,AMBIENT,11003-45-5,Chlorophyll c,NonFilt,,1,ug/l,True,1,,,10200-H,UHL001,Actual,SW,Water,,,Lee,07100009,River/Stream,,40.4620485,-91.5670776
6,10560001,Des Moines River near Keokuk,12/02/2002 09:00:00,AMBIENT,479-61-8,Chlorophyll a,NonFilt,,15,ug/l,True,1,,,10200-H,UHL001,Actual,SW,Water,,,Lee,07100009,River/Stream,,40.4620485,-91.5670776
6,10560001,Des Moines River near Keokuk,12/02/2002 09:00:00,AMBIENT,519-62-0,Chlorophyll b,NonFilt,,1,ug/l,False,1,,,10200-H,UHL001,Actual,SW,Water,,,Lee,07100009,River/Stream,,40.4620485,-91.5670776
6,10560001,Des Moines River near Keokuk,12/02/2002 09:00:00,AMBIENT,CLR-A-UCP,"Chlorophyll a, uncorrected for pheophytin",NonFilt,,17,ug/l,True,1,,,10200-H,UHL001,Actual,SW,Water,,,Lee,07100009,River/Stream,,40.4620485,-91.5670776
6,10560001,Des Moines River near Keokuk,12/02/2002 09:00:00,AMBIENT,ENTERO,Enterococcus,Total,,10,MPN/100ml,False,10,,,1600,UHL001,Actual,SW,Water,,,Lee,07100009,River/Stream,,40.4620485,-91.5670776
6,10560001,Des Moines River near Keokuk,12/02/2002 09:00:00,AMBIENT,68583-22-2,Escherichia coli,Total,,10,MPN/100ml,True,10,,,APHA 9222 G,UHL001,Actual,SW,Water,,,Lee,07100009,River/Stream,,40.4620485,-91.5670776
6,10560001,Des Moines River near Keokuk,12/02/2002 09:00:00,AMBIENT,FEC-COL,Fecal Coliform,Total,,10,MPN/100ml,True,10,,,9222-D,UHL001,Actual,SW,Water,,,Lee,07100009,River/Stream,,40.4620485,-91.5670776
6,10560001,Des Moines River near Keokuk,12/02/2002 09:00:00,AMBIENT,HARD-CARB,"Hardness, carbonate",Total,,320,mg/l,True,1,,,Unknown,UHL001,Actual,SW,Water,,,Lee,07100009,River/Stream,,40.4620485,-91.5670776
6,10560001,Des Moines River near Keokuk,12/02/2002 09:00:00,AMBIENT,NIT-AMM,Ammonia-nitrogen (as N),Total,,0.05,mg/l,False,0.05,,,350.1,UHL001,Actual,SW,Water,,,Lee,07100009,River/Stream,,40.4620485,-91.5670776
6,10560001,Des Moines River near Keokuk,12/02/2002 09:00:00,AMBIENT,NIT-KJELD,Kjeldahl nitrogen (AS N),Total,,0.75,mg/l,True,0.05,,,Unknown,UHL001,Actual,SW,Water,,,Lee,07100009,River/Stream,,40.4620485,-91.5670776
6,10560001,Des Moines River near Keokuk,12/02/2002 09:00:00,AMBIENT,NIT-NO3-NO2,Inorganic nitrogen (nitrate and nitrite) (as N),Total,,6.6,mg/l,True,0.1,,,353.2,UHL001,Actual,SW,Water,,,Lee,07100009,River/Stream,,40.4620485,-91.5670776
6,10560001,Des Moines River near Keokuk,12/02/2002 09:00:00,AMBIENT,603-17-8,Pheophytin a,NonFilt,,2,ug/l,True,1,,,10200H(2),UHL001,Actual,SW,Water,,,Lee,07100009,River/Stream,,40.4620485,-91.5670776
6,10560001,Des Moines River near Keokuk,12/02/2002 09:00:00,AMBIENT,PHOSP-PHOSP,Phosphate-phosphorus (as P),Total,,0.25,mg/l,True,0.05,,,365.4,UHL001,Actual,SW,Water,,,Lee,07100009,River/Stream,,40.4620485,-91.5670776
6,10560001,Des Moines River near Keokuk,01/02/2003 09:30:00,AMBIENT,7440-44-0,Carbon,Total,,9.8,mg/l,True,0.5,,,415.1,UHL001,Actual,SW,Water,,,Lee,07100009,River/Stream,,40.4620485,-91.5670776
6,10560001,Des Moines River near Keokuk,01/02/2003 09:30:00,AMBIENT,16887-00-6,Chloride,Total,,48,mg/l,True,1,,,325.3,UHL001,Actual,SW,Water,,,Lee,07100009,River/Stream,,40.4620485,-91.5670776
6,10560001,Des Moines River near Keokuk,01/02/2003 09:30:00,AMBIENT,11003-45-5,Chlorophyll c,NonFilt,,24,ug/l,True,1,,,10200-H,UHL001,Actual,SW,Water,,,Lee,07100009,River/Stream,,40.4620485,-91.5670776
6,10560001,Des Moines River near Keokuk,01/02/2003 09:30:00,AMBIENT,479-61-8,Chlorophyll a,NonFilt,,190,ug/l,True,1,,,10200-H,UHL001,Actual,SW,Water,,,Lee,07100009,River/Stream,,40.4620485,-91.5670776
6,10560001,Des Moines River near Keokuk,01/02/2003 09:30:00,AMBIENT,519-62-0,Chlorophyll b,NonFilt,,1,ug/l,False,1,,,10200-H,UHL001,Actual,SW,Water,,,Lee,07100009,River/Stream,,40.4620485,-91.5670776
6,10560001,Des Moines River near Keokuk,01/02/2003 09:30:00,AMBIENT,CLR-A-UCP,"Chlorophyll a, uncorrected for pheophytin",NonFilt,,190,ug/l,True,1,,,10200-H,UHL001,Actual,SW,Water,,,Lee,07100009,River/Stream,,40.4620485,-91.5670776
6,10560001,Des Moines River near Keokuk,01/02/2003 09:30:00,AMBIENT,7440-47-3,Chromium,Total,,20,ug/l,False,20,,,200.7(W),UHL001,Actual,SW,Water,,,Lee,07100009,River/Stream,,40.4620485,-91.5670776
6,10560001,Des Moines River near Keokuk,01/02/2003 09:30:00,AMBIENT,7440-50-8,Copper,Total,,10,ug/l,False,10,,,200.7(W),UHL001,Actual,SW,Water,,,Lee,07100009,River/Stream,,40.4620485,-91.5670776
6,10560001,Des Moines River near Keokuk,01/02/2003 09:30:00,AMBIENT,57-12-5,Cyanide,Total,,0.01,mg/l,False,0.01,,,335.2,UHL001,Actual,SW,Water,,,Lee,07100009,River/Stream,,40.4620485,-91.5670776
6,10560001,Des Moines River near Keokuk,01/02/2003 09:30:00,AMBIENT,ENTERO,Enterococcus,Total,,60,MPN/100ml,True,10,,,1600,UHL001,Actual,SW,Water,,,Lee,07100009,River/Stream,,40.4620485,-91.5670776
6,10560001,Des Moines River near Keokuk,01/02/2003 09:30:00,AMBIENT,68583-22-2,Escherichia coli,Total,,10,MPN/100ml,False,10,,,APHA 9222 G,UHL001,Actual,SW,Water,,,Lee,07100009,River/Stream,,40.4620485,-91.5670776
6,10560001,Des Moines River near Keokuk,01/02/2003 09:30:00,AMBIENT,FEC-COL,Fecal Coliform,Total,,10,MPN/100ml,False,10,,,9222-D,UHL001,Actual,SW,Water,,,Lee,07100009,River/Stream,,40.4620485,-91.5670776
6,10560001,Des Moines River near Keokuk,01/02/2003 09:30:00,AMBIENT,HARD-CARB,"Hardness, carbonate",Total,,310,mg/l,True,1,,,Unknown,UHL001,Actual,SW,Water,,,Lee,07100009,River/Stream,,40.4620485,-91.5670776
6,10560001,Des Moines River near Keokuk,01/02/2003 09:30:00,AMBIENT,7439-97-6,Mercury,Total,,5E-05,mg/l,False,0.00005,,,245.1,UHL001,Actual,SW,Water,,,Lee,07100009,River/Stream,,40.4620485,-91.5670776
6,10560001,Des Moines River near Keokuk,01/02/2003 09:30:00,AMBIENT,NIT-AMM,Ammonia-nitrogen (as N),Total,,0.05,mg/l,False,0.05,,,350.1,UHL001,Actual,SW,Water,,,Lee,07100009,River/Stream,,40.4620485,-91.5670776
6,10560001,Des Moines River near Keokuk,01/02/2003 09:30:00,AMBIENT,NIT-KJELD,Kjeldahl nitrogen (AS N),Total,,1.8,mg/l,True,0.05,,,Unknown,UHL001,Actual,SW,Water,,,Lee,07100009,River/Stream,,40.4620485,-91.5670776
6,10560001,Des Moines River near Keokuk,01/02/2003 09:30:00,AMBIENT,NIT-NO3-NO2,Inorganic nitrogen (nitrate and nitrite) (as N),Total,,5.3,mg/l,True,0.1,,,353.2,UHL001,Actual,SW,Water,,,Lee,07100009,River/Stream,,40.4620485,-91.5670776
6,10560001,Des Moines River near Keokuk,01/02/2003 09:30:00,AMBIENT,603-17-8,Pheophytin a,NonFilt,,1,ug/l,False,1,,,10200H(2),UHL001,Actual,SW,Water,,,Lee,07100009,River/Stream,,40.4620485,-91.5670776
6,10560001,Des Moines River near Keokuk,01/02/2003 09:30:00,AMBIENT,PHOSP-PHOSP,Phosphate-phosphorus (as P),Total,,0.34,mg/l,True,0.05,,,365.4,UHL001,Actual,SW,Water,,,Lee,07100009,River/Stream,,40.4620485,-91.5670776
6,10560001,Des Moines River near Keokuk,01/02/2003 09:30:00,AMBIENT,14265-44-2,Orthophosphate (as P),Dissolved,,0.05,mg/l,False,0.05,,,365.1,UHL001,Actual,SW,Water,,,Lee,07100009,River/Stream,,40.4620485,-91.5670776
6,10560001,Des Moines River near Keokuk,01/02/2003 09:30:00,AMBIENT,7631-86-9,Silica,Dissolved,,2.3,mg/l,True,1,,,370.1,UHL001,Actual,SW,Water,,,Lee,07100009,River/Stream,,40.4620485,-91.5670776
6,10560001,Des Moines River near Keokuk,01/02/2003 09:30:00,AMBIENT,TDS,Total dissolved solids,Dissolved,,340,mg/l,True,1,,,160.1,UHL001,Actual,SW,Water,,,Lee,07100009,River/Stream,,40.4620485,-91.5670776
6,10560001,Des Moines River near Keokuk,01/02/2003 09:30:00,AMBIENT,TSS,Total suspended solids,NonFilt,,32,mg/l,True,1,,,I3765,UHL001,Actual,SW,Water,,,Lee,07100009,River/Stream,,40.4620485,-91.5670776
6,10560001,Des Moines River near Keokuk,01/02/2003 09:30:00,AMBIENT,SPEC-COND,Specific conductance,Total,,680,uS/cm,True,1,,,2510,UHL001,Actual,SW,Water,,,Lee,07100009,River/Stream,,40.4620485,-91.5670776
6,10560001,Des Moines River near Keokuk,01/02/2003 09:30:00,AMBIENT,14808-79-8,Sulfate (as SO4),Total,,69,mg/l,True,1,,,300(A),UHL001,Actual,SW,Water,,,Lee,07100009,River/Stream,,40.4620485,-91.5670776
6,10560001,Des Moines River near Keokuk,02/05/2003 09:45:00,AMBIENT,CBOD-SC,"Carbonaceous biochemical oxygen demand, standard conditions",Total,,4,mg/l,True,2,,,UnknownBOD,UHL001,Actual,SW,Water,,,Lee,07100009,River/Stream,,40.4620485,-91.5670776
6,10560001,Des Moines River near Keokuk,02/05/2003 09:45:00,AMBIENT,7440-44-0,Carbon,Total,,11,mg/l,True,0.5,,,415.1,UHL001,Actual,SW,Water,,,Lee,07100009,River/Stream,,40.4620485,-91.5670776
6,10560001,Des Moines River near Keokuk,02/05/2003 09:45:00,AMBIENT,16887-00-6,Chloride,Total,,50,mg/l,True,1,,,325.3,UHL001,Actual,SW,Water,,,Lee,07100009,River/Stream,,40.4620485,-91.5670776
6,10560001,Des Moines River near Keokuk,02/05/2003 09:45:00,AMBIENT,11003-45-5,Chlorophyll c,NonFilt,,8,ug/l,True,1,,,10200-H,UHL001,Actual,SW,Water,,,Lee,07100009,River/Stream,,40.4620485,-91.5670776
6,10560001,Des Moines River near Keokuk,02/05/2003 09:45:00,AMBIENT,479-61-8,Chlorophyll a,NonFilt,,57,ug/l,True,1,,,10200-H,UHL001,Actual,SW,Water,,,Lee,07100009,River/Stream,,40.4620485,-91.5670776
6,10560001,Des Moines River near Keokuk,02/05/2003 09:45:00,AMBIENT,519-62-0,Chlorophyll b,NonFilt,,1,ug/l,False,1,,,10200-H,UHL001,Actual,SW,Water,,,Lee,07100009,River/Stream,,40.4620485,-91.5670776
6,10560001,Des Moines River near Keokuk,02/05/2003 09:45:00,AMBIENT,CLR-A-UCP,"Chlorophyll a, uncorrected for pheophytin",NonFilt,,63,ug/l,True,1,,,10200-H,UHL001,Actual,SW,Water,,,Lee,07100009,River/Stream,,40.4620485,-91.5670776
6,10560001,Des Moines River near Keokuk,02/05/2003 09:45:00,AMBIENT,ENTERO,Enterococcus,Total,,10,MPN/100ml,False,10,,,1600,UHL001,Actual,SW,Water,,,Lee,07100009,River/Stream,,40.4620485,-91.5670776
6,10560001,Des Moines River near Keokuk,02/05/2003 09:45:00,AMBIENT,68583-22-2,Escherichia coli,Total,,10,MPN/100ml,False,10,,,APHA 9222 G,UHL001,Actual,SW,Water,,,Lee,07100009,River/Stream,,40.4620485,-91.5670776
6,10560001,Des Moines River near Keokuk,02/05/2003 09:45:00,AMBIENT,FEC-COL,Fecal Coliform,Total,,10,MPN/100ml,False,10,,,9222-D,UHL001,Actual,SW,Water,,,Lee,07100009,River/Stream,,40.4620485,-91.5670776
6,10560001,Des Moines River near Keokuk,02/05/2003 09:45:00,AMBIENT,HARD-CARB,"Hardness, carbonate",Total,,310,mg/l,True,1,,,Unknown,UHL001,Actual,SW,Water,,,Lee,07100009,River/Stream,,40.4620485,-91.5670776
6,10560001,Des Moines River near Keokuk,02/05/2003 09:45:00,AMBIENT,NIT-AMM,Ammonia-nitrogen (as N),Total,,0.05,mg/l,False,0.05,,,350.1,UHL001,Actual,SW,Water,,,Lee,07100009,River/Stream,,40.4620485,-91.5670776
6,10560001,Des Moines River near Keokuk,02/05/2003 09:45:00,AMBIENT,NIT-KJELD,Kjeldahl nitrogen (AS N),Total,,1.2,mg/l,True,0.05,,,Unknown,UHL001,Actual,SW,Water,,,Lee,07100009,River/Stream,,40.4620485,-91.5670776
6,10560001,Des Moines River near Keokuk,02/05/2003 09:45:00,AMBIENT,NIT-NO3-NO2,Inorganic nitrogen (nitrate and nitrite) (as N),Total,,5.8,mg/l,True,0.1,,,353.2,UHL001,Actual,SW,Water,,,Lee,07100009,River/Stream,,40.4620485,-91.5670776
6,10560001,Des Moines River near Keokuk,02/05/2003 09:45:00,AMBIENT,603-17-8,Pheophytin a,NonFilt,,5,ug/l,True,1,,,10200H(2),UHL001,Actual,SW,Water,,,Lee,07100009,River/Stream,,40.4620485,-91.5670776
6,10560001,Des Moines River near Keokuk,02/05/2003 09:45:00,AMBIENT,PHOSP-PHOSP,Phosphate-phosphorus (as P),Total,,0.25,mg/l,True,0.05,,,365.4,UHL001,Actual,SW,Water,,,Lee,07100009,River/Stream,,40.4620485,-91.5670776
6,10560001,Des Moines River near Keokuk,02/05/2003 09:45:00,AMBIENT,14265-44-2,Orthophosphate (as P),Dissolved,,0.26,mg/l,True,0.05,,,365.1,UHL001,Actual,SW,Water,,,Lee,07100009,River/Stream,,40.4620485,-91.5670776
6,10560001,Des Moines River near Keokuk,02/05/2003 09:45:00,AMBIENT,7631-86-9,Silica,Dissolved,,5.1,mg/l,True,1,,,370.1,UHL001,Actual,SW,Water,,,Lee,07100009,River/Stream,,40.4620485,-91.5670776
6,10560001,Des Moines River near Keokuk,02/05/2003 09:45:00,AMBIENT,TDS,Total dissolved solids,Dissolved,,380,mg/l,True,1,,,160.1,UHL001,Actual,SW,Water,,,Lee,07100009,River/Stream,,40.4620485,-91.5670776
6,10560001,Des Moines River near Keokuk,02/05/2003 09:45:00,AMBIENT,TSS,Total suspended solids,NonFilt,,8,mg/l,True,1,,,I3765,UHL001,Actual,SW,Water,,,Lee,07100009,River/Stream,,40.4620485,-91.5670776
6,10560001,Des Moines River near Keokuk,02/05/2003 09:45:00,AMBIENT,SPEC-COND,Specific conductance,Total,,690,uS/cm,True,1,,,2510,UHL001,Actual,SW,Water,,,Lee,07100009,River/Stream,,40.4620485,-91.5670776
6,10560001,Des Moines River near Keokuk,02/05/2003 09:45:00,AMBIENT,14808-79-8,Sulfate (as SO4),Total,,65,mg/l,True,1,,,300(A),UHL001,Actual,SW,Water,,,Lee,07100009,River/Stream,,40.4620485,-91.5670776
6,10560001,Des Moines River near Keokuk,02/05/2003 09:45:00,AMBIENT,TURB,Turbidity,Total,,4.2,NTU,True,1,,,180.1,UHL001,Actual,SW,Water,,,Lee,07100009,River/Stream,,40.4620485,-91.5670776
6,10560001,Des Moines River near Keokuk,04/03/2003 09:30:00,AMBIENT,7782-44-7,Dissolved oxygen (DO),Total,,11.8,mg/l,True,0.1,,,4500-O-G,,Actual,SW,Water,,,Lee,07100009,River/Stream,,40.4620485,-91.5670776
6,10560001,Des Moines River near Keokuk,04/03/2003 09:30:00,AMBIENT,FLOW,Flow,Total,,1850,cfs,True,0.1,,,USGS CA8,,Actual,SW,Water,,,Lee,07100009,River/Stream,,40.4620485,-91.5670776
6,10560001,Des Moines River near Keokuk,04/03/2003 09:30:00,AMBIENT,PH,pH,Total,,9.3,None,True,,,,4500-H,,Actual,SW,Water,,,Lee,07100009,River/Stream,,40.4620485,-91.5670776
6,10560001,Des Moines River near Keokuk,04/03/2003 09:30:00,AMBIENT,TEMP-WATER,"Temperature, water",Total,,16.3,deg C,True,0,,,2550,,Actual,SW,Water,,,Lee,07100009,River/Stream,,40.4620485,-91.5670776
6,10560001,Des Moines River near Keokuk,04/03/2003 09:30:00,AMBIENT,120-36-5,Dichlorprop,Total,,1,ug/l,False,1,,,515.1,UHL001,Actual,SW,Water,,,Lee,07100009,River/Stream,,40.4620485,-91.5670776
6,10560001,Des Moines River near Keokuk,04/03/2003 09:30:00,AMBIENT,133-90-4,Chloramben,Total,,1,ug/l,False,1,,,515.1,UHL001,Actual,SW,Water,,,Lee,07100009,River/Stream,,40.4620485,-91.5670776
6,10560001,Des Moines River near Keokuk,04/03/2003 09:30:00,AMBIENT,1689-84-5,Bromoxynil,Total,,1,ug/l,False,1,,,515.1,UHL001,Actual,SW,Water,,,Lee,07100009,River/Stream,,40.4620485,-91.5670776
6,10560001,Des Moines River near Keokuk,04/03/2003 09:30:00,AMBIENT,1861-32-1,Chlorthal-dimethyl,Total,,1,ug/l,False,1,,,515.1,UHL001,Actual,SW,Water,,,Lee,07100009,River/Stream,,40.4620485,-91.5670776
6,10560001,Des Moines River near Keokuk,04/03/2003 09:30:00,AMBIENT,1918-00-9,Dicamba,Total,,1,ug/l,False,1,,,515.1,UHL001,Actual,SW,Water,,,Lee,07100009,River/Stream,,40.4620485,-91.5670776
6,10560001,Des Moines River near Keokuk,04/03/2003 09:30:00,AMBIENT,1918-02-01,Picloram,Total,,2,ug/l,False,2,,,515.1,UHL001,Actual,SW,Water,,,Lee,07100009,River/Stream,,40.4620485,-91.5670776
6,10560001,Des Moines River near Keokuk,04/03/2003 09:30:00,AMBIENT,25057-89-0,Bentazon,Total,,5,ug/l,False,5,,,515.1,UHL001,Actual,SW,Water,,,Lee,07100009,River/Stream,,40.4620485,-91.5670776
6,10560001,Des Moines River near Keokuk,04/03/2003 09:30:00,AMBIENT,50594-66-6,Acifluorfen,Total,,1,ug/l,False,1,,,515.1,UHL001,Actual,SW,Water,,,Lee,07100009,River/Stream,,40.4620485,-91.5670776
6,10560001,Des Moines River near Keokuk,04/03/2003 09:30:00,AMBIENT,55335-06-3,Triclopyr,Total,,1,ug/l,False,1,,,515.1,UHL001,Actual,SW,Water,,,Lee,07100009,River/Stream,,40.4620485,-91.5670776
6,10560001,Des Moines River near Keokuk,04/03/2003 09:30:00,AMBIENT,88-85-7,Dinoseb,Total,,1,ug/l,False,1,,,515.1,UHL001,Actual,SW,Water,,,Lee,07100009,River/Stream,,40.4620485,-91.5670776
6,10560001,Des Moines River near Keokuk,04/03/2003 09:30:00,AMBIENT,93-72-1,Silvex,Total,,1,ug/l,False,1,,,515.1,UHL001,Actual,SW,Water,,,Lee,07100009,River/Stream,,40.4620485,-91.5670776
6,10560001,Des Moines River near Keokuk,04/03/2003 09:30:00,AMBIENT,93-76-5,"2,4,5-T",Total,,1,ug/l,False,1,,,515.1,UHL001,Actual,SW,Water,,,Lee,07100009,River/Stream,,40.4620485,-91.5670776
6,10560001,Des Moines River near Keokuk,04/03/2003 09:30:00,AMBIENT,94-75-7,"2,4-D",Total,,2,ug/l,False,2,,,515.1,UHL001,Actual,SW,Water,,,Lee,07100009,River/Stream,,40.4620485,-91.5670776
6,10560001,Des Moines River near Keokuk,04/03/2003 09:30:00,AMBIENT,94-82-6,"2,4-DB",Total,,2,ug/l,False,2,,,515.1,UHL001,Actual,SW,Water,,,Lee,07100009,River/Stream,,40.4620485,-91.5670776
6,10560001,Des Moines River near Keokuk,04/03/2003 09:30:00,AMBIENT,1007-28-9,2-Choro-6-ethylamino-4-amino-s-triazine,Total,,0.05,ug/l,False,0.05,,,507,UHL001,Actual,SW,Water,,,Lee,07100009,River/Stream,,40.4620485,-91.5670776
6,10560001,Des Moines River near Keokuk,04/03/2003 09:30:00,AMBIENT,121-75-5,Malathion,Total,,0.05,ug/l,False,0.05,,,507,UHL001,Actual,SW,Water,,,Lee,07100009,River/Stream,,40.4620485,-91.5670776
6,10560001,Des Moines River near Keokuk,04/03/2003 09:30:00,AMBIENT,122-34-9,Simazine,Total,,0.05,ug/l,False,0.05,,,507,UHL001,Actual,SW,Water,,,Lee,07100009,River/Stream,,40.4620485,-91.5670776
6,10560001,Des Moines River near Keokuk,04/03/2003 09:30:00,AMBIENT,13071-79-9,Terbufos,Total,,0.05,ug/l,False,0.05,,,507,UHL001,Actual,SW,Water,,,Lee,07100009,River/Stream,,40.4620485,-91.5670776
6,10560001,Des Moines River near Keokuk,04/03/2003 09:30:00,AMBIENT,13194-48-4,Ethoprop,Total,,0.05,ug/l,False,0.05,,,507,UHL001,Actual,SW,Water,,,Lee,07100009,River/Stream,,40.4620485,-91.5670776
6,10560001,Des Moines River near Keokuk,04/03/2003 09:30:00,AMBIENT,139-40-2,Propazine,Total,,0.05,ug/l,False,0.05,,,507,UHL001,Actual,SW,Water,,,Lee,07100009,River/Stream,,40.4620485,-91.5670776
6,10560001,Des Moines River near Keokuk,04/03/2003 09:30:00,AMBIENT,1563-66-2,Carbofuran,Total,,0.05,ug/l,False,0.05,,,507,UHL001,Actual,SW,Water,,,Lee,07100009,River/Stream,,40.4620485,-91.5670776
6,10560001,Des Moines River near Keokuk,04/03/2003 09:30:00,AMBIENT,1582-09-8,Trifluralin,Total,,0.05,ug/l,False,0.05,,,507,UHL001,Actual,SW,Water,,,Lee,07100009,River/Stream,,40.4620485,-91.5670776
6,10560001,Des Moines River near Keokuk,04/03/2003 09:30:00,AMBIENT,15972-60-8,Alachlor,Total,,0.05,ug/l,False,0.05,,,507,UHL001,Actual,SW,Water,,,Lee,07100009,River/Stream,,40.4620485,-91.5670776
6,10560001,Des Moines River near Keokuk,04/03/2003 09:30:00,AMBIENT,1610-18-0,Prometon,Total,,0.05,ug/l,False,0.05,,,507,UHL001,Actual,SW,Water,,,Lee,07100009,River/Stream,,40.4620485,-91.5670776
6,10560001,Des Moines River near Keokuk,04/03/2003 09:30:00,AMBIENT,1912-24-9,Atrazine,Total,,0.093,ug/l,True,0.05,,,507,UHL001,Actual,SW,Water,,,Lee,07100009,River/Stream,,40.4620485,-91.5670776
6,10560001,Des Moines River near Keokuk,04/03/2003 09:30:00,AMBIENT,1918-16-7,Propachlor,Total,,0.05,ug/l,False,0.05,,,507,UHL001,Actual,SW,Water,,,Lee,07100009,River/Stream,,40.4620485,-91.5670776
6,10560001,Des Moines River near Keokuk,04/03/2003 09:30:00,AMBIENT,2008-41-5,Butylate,Total,,0.05,ug/l,False,0.05,,,507,UHL001,Actual,SW,Water,,,Lee,07100009,River/Stream,,40.4620485,-91.5670776
6,10560001,Des Moines River near Keokuk,04/03/2003 09:30:00,AMBIENT,21087-64-9,Metribuzin,Total,,0.05,ug/l,False,0.05,,,507,UHL001,Actual,SW,Water,,,Lee,07100009,River/Stream,,40.4620485,-91.5670776
6,10560001,Des Moines River near Keokuk,04/03/2003 09:30:00,AMBIENT,21725-46-2,Cyanazine,Total,,0.05,ug/l,False,0.05,,,507,UHL001,Actual,SW,Water,,,Lee,07100009,River/Stream,,40.4620485,-91.5670776
6,10560001,Des Moines River near Keokuk,04/03/2003 09:30:00,AMBIENT,2303-17-5,Triallate,Total,,0.05,ug/l,False,0.05,,,507,UHL001,Actual,SW,Water,,,Lee,07100009,River/Stream,,40.4620485,-91.5670776
6,10560001,Des Moines River near Keokuk,04/03/2003 09:30:00,AMBIENT,23184-66-9,Butachlor,Total,,0.05,ug/l,False,0.05,,,507,UHL001,Actual,SW,Water,,,Lee,07100009,River/Stream,,40.4620485,-91.5670776
6,10560001,Des Moines River near Keokuk,04/03/2003 09:30:00,AMBIENT,25311-71-1,Isofenphos,Total,,0.05,ug/l,False,0.05,,,507,UHL001,Actual,SW,Water,,,Lee,07100009,River/Stream,,40.4620485,-91.5670776
6,10560001,Des Moines River near Keokuk,04/03/2003 09:30:00,AMBIENT,2921-88-2,Chlorpyrifos,Total,,0.05,ug/l,False,0.05,,,507,UHL001,Actual,SW,Water,,,Lee,07100009,River/Stream,,40.4620485,-91.5670776
6,10560001,Des Moines River near Keokuk,04/03/2003 09:30:00,AMBIENT,298-00-0,Methyl parathion,Total,,0.05,ug/l,False,0.05,,,507,UHL001,Actual,SW,Water,,,Lee,07100009,River/Stream,,40.4620485,-91.5670776
6,10560001,Des Moines River near Keokuk,04/03/2003 09:30:00,AMBIENT,298-02-2,Phorate,Total,,0.05,ug/l,False,0.05,,,507,UHL001,Actual,SW,Water,,,Lee,07100009,River/Stream,,40.4620485,-91.5670776
6,10560001,Des Moines River near Keokuk,04/03/2003 09:30:00,AMBIENT,298-04-4,Disulfoton,Total,,0.05,ug/l,False,0.05,,,507,UHL001,Actual,SW,Water,,,Lee,07100009,River/Stream,,40.4620485,-91.5670776
6,10560001,Des Moines River near Keokuk,04/03/2003 09:30:00,AMBIENT,314-40-9,Bromacil,Total,,0.05,ug/l,False,0.05,,,507,UHL001,Actual,SW,Water,,,Lee,07100009,River/Stream,,40.4620485,-91.5670776
6,10560001,Des Moines River near Keokuk,04/03/2003 09:30:00,AMBIENT,333-41-5,Diazinon,Total,,0.05,ug/l,False,0.05,,,507,UHL001,Actual,SW,Water,,,Lee,07100009,River/Stream,,40.4620485,-91.5670776
6,10560001,Des Moines River near Keokuk,04/03/2003 09:30:00,AMBIENT,34256-82-1,Acetochlor,Total,,0.05,ug/l,False,0.05,,,507,UHL001,Actual,SW,Water,,,Lee,07100009,River/Stream,,40.4620485,-91.5670776
6,10560001,Des Moines River near Keokuk,04/03/2003 09:30:00,AMBIENT,40487-42-1,Pendimethalin,Total,,0.05,ug/l,False,0.05,,,507,UHL001,Actual,SW,Water,,,Lee,07100009,River/Stream,,40.4620485,-91.5670776
6,10560001,Des Moines River near Keokuk,04/03/2003 09:30:00,AMBIENT,51218-45-2,Metolachlor,Total,,0.05,ug/l,False,0.05,,,507,UHL001,Actual,SW,Water,,,Lee,07100009,River/Stream,,40.4620485,-91.5670776
6,10560001,Des Moines River near Keokuk,04/03/2003 09:30:00,AMBIENT,56-38-2,Parathion,Total,,0.05,ug/l,False,0.05,,,507,UHL001,Actual,SW,Water,,,Lee,07100009,River/Stream,,40.4620485,-91.5670776
6,10560001,Des Moines River near Keokuk,04/03/2003 09:30:00,AMBIENT,60-51-5,Dimethoate,Total,,0.05,ug/l,False,0.05,,,507,UHL001,Actual,SW,Water,,,Lee,07100009,River/Stream,,40.4620485,-91.5670776
6,10560001,Des Moines River near Keokuk,04/03/2003 09:30:00,AMBIENT,6190-65-4,2-Chloro-4-isopropylamino-6-amino-s-triazine,Total,,0.05,ug/l,False,0.05,,,507,UHL001,Actual,SW,Water,,,Lee,07100009,River/Stream,,40.4620485,-91.5670776
6,10560001,Des Moines River near Keokuk,04/03/2003 09:30:00,AMBIENT,62-73-7,Dichlorvos,Total,,0.05,ug/l,False,0.05,,,507,UHL001,Actual,SW,Water,,,Lee,07100009,River/Stream,,40.4620485,-91.5670776
6,10560001,Des Moines River near Keokuk,04/03/2003 09:30:00,AMBIENT,63-25-2,Carbaryl,Total,,0.05,ug/l,False,0.05,,,507,UHL001,Actual,SW,Water,,,Lee,07100009,River/Stream,,40.4620485,-91.5670776
6,10560001,Des Moines River near Keokuk,04/03/2003 09:30:00,AMBIENT,759-94-4,S-Ethyl dipropylthiocarbamate,Total,,0.05,ug/l,False,0.05,,,507,UHL001,Actual,SW,Water,,,Lee,07100009,River/Stream,,40.4620485,-91.5670776
6,10560001,Des Moines River near Keokuk,04/03/2003 09:30:00,AMBIENT,81777-89-1,Clomazone,Total,,0.05,ug/l,False,0.05,,,507,UHL001,Actual,SW,Water,,,Lee,07100009,River/Stream,,40.4620485,-91.5670776
6,10560001,Des Moines River near Keokuk,04/03/2003 09:30:00,AMBIENT,834-12-8,Ametryn,Total,,0.05,ug/l,False,0.05,,,507,UHL001,Actual,SW,Water,,,Lee,07100009,River/Stream,,40.4620485,-91.5670776
6,10560001,Des Moines River near Keokuk,04/03/2003 09:30:00,AMBIENT,87674-68-8,Dimethenamid,Total,,0.05,ug/l,False,0.05,,,507,UHL001,Actual,SW,Water,,,Lee,07100009,River/Stream,,40.4620485,-91.5670776
6,10560001,Des Moines River near Keokuk,04/03/2003 09:30:00,AMBIENT,944-22-9,Fonofos,Total,,0.05,ug/l,False,0.05,,,507,UHL001,Actual,SW,Water,,,Lee,07100009,River/Stream,,40.4620485,-91.5670776
6,10560001,Des Moines River near Keokuk,04/03/2003 09:30:00,AMBIENT,1024-57-3,Heptachlor epoxide,Total,,0.05,ug/l,False,0.05,,,508,UHL001,Actual,SW,Water,,,Lee,07100009,River/Stream,,40.4620485,-91.5670776
6,10560001,Des Moines River near Keokuk,04/03/2003 09:30:00,AMBIENT,1031-07-8,Endosulfan sulfate,Total,,0.05,ug/l,False,0.05,,,508,UHL001,Actual,SW,Water,,,Lee,07100009,River/Stream,,40.4620485,-91.5670776
6,10560001,Des Moines River near Keokuk,04/03/2003 09:30:00,AMBIENT,309-00-2,Aldrin,Total,,0.05,ug/l,False,0.05,,,508,UHL001,Actual,SW,Water,,,Lee,07100009,River/Stream,,40.4620485,-91.5670776
6,10560001,Des Moines River near Keokuk,04/03/2003 09:30:00,AMBIENT,319-84-6,.alpha.-Hexachlorocyclohexane,Total,,0.05,ug/l,False,0.05,,,508,UHL001,Actual,SW,Water,,,Lee,07100009,River/Stream,,40.4620485,-91.5670776
6,10560001,Des Moines River near Keokuk,04/03/2003 09:30:00,AMBIENT,319-85-7,.beta.-Hexachlorocyclohexane,Total,,0.05,ug/l,False,0.05,,,508,UHL001,Actual,SW,Water,,,Lee,07100009,River/Stream,,40.4620485,-91.5670776
6,10560001,Des Moines River near Keokuk,04/03/2003 09:30:00,AMBIENT,319-86-8,.delta.-Hexachlorocyclohexane,Total,,0.05,ug/l,False,0.05,,,508,UHL001,Actual,SW,Water,,,Lee,07100009,River/Stream,,40.4620485,-91.5670776
6,10560001,Des Moines River near Keokuk,04/03/2003 09:30:00,AMBIENT,33213-65-9,.beta.-Endosulfan,Total,,0.05,ug/l,False,0.05,,,508,UHL001,Actual,SW,Water,,,Lee,07100009,River/Stream,,40.4620485,-91.5670776
6,10560001,Des Moines River near Keokuk,04/03/2003 09:30:00,AMBIENT,50-29-3,"p,p'-DDT",Total,,0.05,ug/l,False,0.05,,,508,UHL001,Actual,SW,Water,,,Lee,07100009,River/Stream,,40.4620485,-91.5670776
6,10560001,Des Moines River near Keokuk,04/03/2003 09:30:00,AMBIENT,53494-70-5,Endrin ketone,Total,,0.05,ug/l,False,0.05,,,508,UHL001,Actual,SW,Water,,,Lee,07100009,River/Stream,,40.4620485,-91.5670776
6,10560001,Des Moines River near Keokuk,04/03/2003 09:30:00,AMBIENT,57-74-9,Chlordane,Total,,0.05,ug/l,False,0.05,,,508,UHL001,Actual,SW,Water,,,Lee,07100009,River/Stream,,40.4620485,-91.5670776
6,10560001,Des Moines River near Keokuk,04/03/2003 09:30:00,AMBIENT,58-89-9,Lindane,Total,,0.05,ug/l,False,0.05,,,508,UHL001,Actual,SW,Water,,,Lee,07100009,River/Stream,,40.4620485,-91.5670776
6,10560001,Des Moines River near Keokuk,04/03/2003 09:30:00,AMBIENT,60-57-1,Dieldrin,Total,,0.05,ug/l,False,0.05,,,508,UHL001,Actual,SW,Water,,,Lee,07100009,River/Stream,,40.4620485,-91.5670776
6,10560001,Des Moines River near Keokuk,04/03/2003 09:30:00,AMBIENT,72-20-8,Endrin,Total,,0.05,ug/l,False,0.05,,,508,UHL001,Actual,SW,Water,,,Lee,07100009,River/Stream,,40.4620485,-91.5670776
6,10560001,Des Moines River near Keokuk,04/03/2003 09:30:00,AMBIENT,72-43-5,Methoxychlor,Total,,0.05,ug/l,False,0.05,,,508,UHL001,Actual,SW,Water,,,Lee,07100009,River/Stream,,40.4620485,-91.5670776
6,10560001,Des Moines River near Keokuk,04/03/2003 09:30:00,AMBIENT,72-54-8,"p,p'-DDD",Total,,0.05,ug/l,False,0.05,,,508,UHL001,Actual,SW,Water,,,Lee,07100009,River/Stream,,40.4620485,-91.5670776
6,10560001,Des Moines River near Keokuk,04/03/2003 09:30:00,AMBIENT,72-55-9,"p,p'-DDE",Total,,0.05,ug/l,False,0.05,,,508,UHL001,Actual,SW,Water,,,Lee,07100009,River/Stream,,40.4620485,-91.5670776
6,10560001,Des Moines River near Keokuk,04/03/2003 09:30:00,AMBIENT,7421-93-4,Endrin aldehyde,Total,,0.05,ug/l,False,0.05,,,508,UHL001,Actual,SW,Water,,,Lee,07100009,River/Stream,,40.4620485,-91.5670776
6,10560001,Des Moines River near Keokuk,04/03/2003 09:30:00,AMBIENT,76-44-8,Heptachlor,Total,,0.05,ug/l,False,0.05,,,508,UHL001,Actual,SW,Water,,,Lee,07100009,River/Stream,,40.4620485,-91.5670776
6,10560001,Des Moines River near Keokuk,04/03/2003 09:30:00,AMBIENT,8001-35-2,Toxaphene,Total,,0.5,ug/l,False,0.5,,,508,UHL001,Actual,SW,Water,,,Lee,07100009,River/Stream,,40.4620485,-91.5670776
6,10560001,Des Moines River near Keokuk,04/03/2003 09:30:00,AMBIENT,959-98-8,.alpha.-Endosulfan,Total,,0.05,ug/l,False,0.05,,,508,UHL001,Actual,SW,Water,,,Lee,07100009,River/Stream,,40.4620485,-91.5670776
6,10560001,Des Moines River near Keokuk,04/03/2003 09:30:00,AMBIENT,7440-02-0,Nickel,Total,,50,ug/l,False,50,,,200.8(W),UHL001,Actual,SW,Water,,,Lee,07100009,River/Stream,,40.4620485,-91.5670776
6,10560001,Des Moines River near Keokuk,04/03/2003 09:30:00,AMBIENT,7440-22-4,Silver,Total,,10,ug/l,False,10,,,200.8(W),UHL001,Actual,SW,Water,,,Lee,07100009,River/Stream,,40.4620485,-91.5670776
6,10560001,Des Moines River near Keokuk,04/03/2003 09:30:00,AMBIENT,7440-28-0,Thallium,Total,,0.001,mg/l,False,0.001,,,200.8(W),UHL001,Actual,SW,Water,,,Lee,07100009,River/Stream,,40.4620485,-91.5670776
6,10560001,Des Moines River near Keokuk,04/03/2003 09:30:00,AMBIENT,7440-36-0,Antimony,Total,,0.005,mg/l,False,0.005,,,200.8(W),UHL001,Actual,SW,Water,,,Lee,07100009,River/Stream,,40.4620485,-91.5670776
6,10560001,Des Moines River near Keokuk,04/03/2003 09:30:00,AMBIENT,7440-38-2,Arsenic,Total,,10,ug/l,False,10,,,200.8(W),UHL001,Actual,SW,Water,,,Lee,07100009,River/Stream,,40.4620485,-91.5670776
6,10560001,Des Moines River near Keokuk,04/03/2003 09:30:00,AMBIENT,7440-41-7,Beryllium,Total,,0.02,mg/l,False,0.02,,,200.8(W),UHL001,Actual,SW,Water,,,Lee,07100009,River/Stream,,40.4620485,-91.5670776
6,10560001,Des Moines River near Keokuk,04/03/2003 09:30:00,AMBIENT,7440-66-6,Zinc,Total,,20,ug/l,False,20,,,200.8(W),UHL001,Actual,SW,Water,,,Lee,07100009,River/Stream,,40.4620485,-91.5670776
6,10560001,Des Moines River near Keokuk,04/03/2003 09:30:00,AMBIENT,7782-49-2,Selenium,Total,,10,ug/l,False,10,,,200.8(W),UHL001,Actual,SW,Water,,,Lee,07100009,River/Stream,,40.4620485,-91.5670776
6,10560001,Des Moines River near Keokuk,04/03/2003 09:30:00,AMBIENT,CBOD-SC,"Carbonaceous biochemical oxygen demand, standard conditions",Total,,6,mg/l,True,2,,,UnknownBOD,UHL001,Actual,SW,Water,,,Lee,07100009,River/Stream,,40.4620485,-91.5670776
6,10560001,Des Moines River near Keokuk,04/03/2003 09:30:00,AMBIENT,7439-92-1,Lead,Total,,10,ug/l,False,10,,,3113-B,UHL001,Actual,SW,Water,,,Lee,07100009,River/Stream,,40.4620485,-91.5670776
6,10560001,Des Moines River near Keokuk,04/03/2003 09:30:00,AMBIENT,7440-43-9,Cadmium,Total,,1,ug/l,False,1,,,3113-B,UHL001,Actual,SW,Water,,,Lee,07100009,River/Stream,,40.4620485,-91.5670776
6,10560001,Des Moines River near Keokuk,04/03/2003 09:30:00,AMBIENT,7440-44-0,Carbon,Total,,8.3,mg/l,True,0.5,,,415.1,UHL001,Actual,SW,Water,,,Lee,07100009,River/Stream,,40.4620485,-91.5670776
6,10560001,Des Moines River near Keokuk,04/03/2003 09:30:00,AMBIENT,16887-00-6,Chloride,Total,,47,mg/l,True,1,,,325.3,UHL001,Actual,SW,Water,,,Lee,07100009,River/Stream,,40.4620485,-91.5670776
6,10560001,Des Moines River near Keokuk,04/03/2003 09:30:00,AMBIENT,11003-45-5,Chlorophyll c,NonFilt,,21,ug/l,True,1,,,10200-H,UHL001,Actual,SW,Water,,,Lee,07100009,River/Stream,,40.4620485,-91.5670776
6,10560001,Des Moines River near Keokuk,04/03/2003 09:30:00,AMBIENT,479-61-8,Chlorophyll a,NonFilt,,190,ug/l,True,1,,,10200-H,UHL001,Actual,SW,Water,,,Lee,07100009,River/Stream,,40.4620485,-91.5670776
6,10560001,Des Moines River near Keokuk,04/03/2003 09:30:00,AMBIENT,519-62-0,Chlorophyll b,NonFilt,,1,ug/l,False,1,,,10200-H,UHL001,Actual,SW,Water,,,Lee,07100009,River/Stream,,40.4620485,-91.5670776
6,10560001,Des Moines River near Keokuk,04/03/2003 09:30:00,AMBIENT,CLR-A-UCP,"Chlorophyll a, uncorrected for pheophytin",NonFilt,,200,ug/l,True,1,,,10200-H,UHL001,Actual,SW,Water,,,Lee,07100009,River/Stream,,40.4620485,-91.5670776
6,10560001,Des Moines River near Keokuk,04/03/2003 09:30:00,AMBIENT,7440-47-3,Chromium,Total,,20,ug/l,False,20,,,200.7(W),UHL001,Actual,SW,Water,,,Lee,07100009,River/Stream,,40.4620485,-91.5670776
6,10560001,Des Moines River near Keokuk,04/03/2003 09:30:00,AMBIENT,7440-50-8,Copper,Total,,10,ug/l,False,10,,,200.7(W),UHL001,Actual,SW,Water,,,Lee,07100009,River/Stream,,40.4620485,-91.5670776
6,10560001,Des Moines River near Keokuk,04/03/2003 09:30:00,AMBIENT,57-12-5,Cyanide,Total,,0.01,mg/l,False,0.01,,,335.2,UHL001,Actual,SW,Water,,,Lee,07100009,River/Stream,,40.4620485,-91.5670776
6,10560001,Des Moines River near Keokuk,04/03/2003 09:30:00,AMBIENT,ENTERO,Enterococcus,Total,,10,MPN/100ml,False,10,,,1600,UHL001,Actual,SW,Water,,,Lee,07100009,River/Stream,,40.4620485,-91.5670776
6,10560001,Des Moines River near Keokuk,04/03/2003 09:30:00,AMBIENT,68583-22-2,Escherichia coli,Total,,10,MPN/100ml,False,10,,,APHA 9222 G,UHL001,Actual,SW,Water,,,Lee,07100009,River/Stream,,40.4620485,-91.5670776
6,10560001,Des Moines River near Keokuk,04/03/2003 09:30:00,AMBIENT,FEC-COL,Fecal Coliform,Total,,10,MPN/100ml,False,10,,,9222-D,UHL001,Actual,SW,Water,,,Lee,07100009,River/Stream,,40.4620485,-91.5670776
6,10560001,Des Moines River near Keokuk,04/03/2003 09:30:00,AMBIENT,HARD-CARB,"Hardness, carbonate",Total,,300,mg/l,True,1,,,Unknown,UHL001,Actual,SW,Water,,,Lee,07100009,River/Stream,,40.4620485,-91.5670776
6,10560001,Des Moines River near Keokuk,04/03/2003 09:30:00,AMBIENT,7439-97-6,Mercury,Total,,5E-05,mg/l,False,0.00005,,,245.1,UHL001,Actual,SW,Water,,,Lee,07100009,River/Stream,,40.4620485,-91.5670776
6,10560001,Des Moines River near Keokuk,04/03/2003 09:30:00,AMBIENT,NIT-AMM,Ammonia-nitrogen (as N),Total,,0.05,mg/l,False,0.05,,,350.1,UHL001,Actual,SW,Water,,,Lee,07100009,River/Stream,,40.4620485,-91.5670776
6,10560001,Des Moines River near Keokuk,05/08/2003 09:40:00,AMBIENT,7782-44-7,Dissolved oxygen (DO),Total,,9,mg/l,True,0.1,,,4500-O-G,,Actual,SW,Water,,,Lee,07100009,River/Stream,,40.4620485,-91.5670776
6,10560001,Des Moines River near Keokuk,05/08/2003 09:40:00,AMBIENT,FLOW,Flow,Total,,16000,cfs,True,0.1,,,USGS CA8,,Actual,SW,Water,,,Lee,07100009,River/Stream,,40.4620485,-91.5670776
6,10560001,Des Moines River near Keokuk,05/08/2003 09:40:00,AMBIENT,PH,pH,Total,,8.4,None,True,,,,4500-H,,Actual,SW,Water,,,Lee,07100009,River/Stream,,40.4620485,-91.5670776
6,10560001,Des Moines River near Keokuk,05/08/2003 09:40:00,AMBIENT,TEMP-WATER,"Temperature, water",Total,,15.2,deg C,True,0,,,2550,,Actual,SW,Water,,,Lee,07100009,River/Stream,,40.4620485,-91.5670776
6,10560001,Des Moines River near Keokuk,05/08/2003 09:40:00,AMBIENT,120-36-5,Dichlorprop,Total,,1,ug/l,False,1,,,515.1,UHL001,Actual,SW,Water,,,Lee,07100009,River/Stream,,40.4620485,-91.5670776
6,10560001,Des Moines River near Keokuk,05/08/2003 09:40:00,AMBIENT,133-90-4,Chloramben,Total,,1,ug/l,False,1,,,515.1,UHL001,Actual,SW,Water,,,Lee,07100009,River/Stream,,40.4620485,-91.5670776
6,10560001,Des Moines River near Keokuk,05/08/2003 09:40:00,AMBIENT,1689-84-5,Bromoxynil,Total,,1,ug/l,False,1,,,515.1,UHL001,Actual,SW,Water,,,Lee,07100009,River/Stream,,40.4620485,-91.5670776
6,10560001,Des Moines River near Keokuk,05/08/2003 09:40:00,AMBIENT,1861-32-1,Chlorthal-dimethyl,Total,,1,ug/l,False,1,,,515.1,UHL001,Actual,SW,Water,,,Lee,07100009,River/Stream,,40.4620485,-91.5670776
6,10560001,Des Moines River near Keokuk,05/08/2003 09:40:00,AMBIENT,1918-00-9,Dicamba,Total,,1,ug/l,False,1,,,515.1,UHL001,Actual,SW,Water,,,Lee,07100009,River/Stream,,40.4620485,-91.5670776
6,10560001,Des Moines River near Keokuk,05/08/2003 09:40:00,AMBIENT,1918-02-01,Picloram,Total,,2,ug/l,False,2,,,515.1,UHL001,Actual,SW,Water,,,Lee,07100009,River/Stream,,40.4620485,-91.5670776
6,10560001,Des Moines River near Keokuk,05/08/2003 09:40:00,AMBIENT,25057-89-0,Bentazon,Total,,5,ug/l,False,5,,,515.1,UHL001,Actual,SW,Water,,,Lee,07100009,River/Stream,,40.4620485,-91.5670776
6,10560001,Des Moines River near Keokuk,05/08/2003 09:40:00,AMBIENT,50594-66-6,Acifluorfen,Total,,1,ug/l,False,1,,,515.1,UHL001,Actual,SW,Water,,,Lee,07100009,River/Stream,,40.4620485,-91.5670776
6,10560001,Des Moines River near Keokuk,05/08/2003 09:40:00,AMBIENT,55335-06-3,Triclopyr,Total,,1,ug/l,False,1,,,515.1,UHL001,Actual,SW,Water,,,Lee,07100009,River/Stream,,40.4620485,-91.5670776
6,10560001,Des Moines River near Keokuk,05/08/2003 09:40:00,AMBIENT,88-85-7,Dinoseb,Total,,1,ug/l,False,1,,,515.1,UHL001,Actual,SW,Water,,,Lee,07100009,River/Stream,,40.4620485,-91.5670776
6,10560001,Des Moines River near Keokuk,05/08/2003 09:40:00,AMBIENT,93-72-1,Silvex,Total,,1,ug/l,False,1,,,515.1,UHL001,Actual,SW,Water,,,Lee,07100009,River/Stream,,40.4620485,-91.5670776
6,10560001,Des Moines River near Keokuk,05/08/2003 09:40:00,AMBIENT,93-76-5,"2,4,5-T",Total,,1,ug/l,False,1,,,515.1,UHL001,Actual,SW,Water,,,Lee,07100009,River/Stream,,40.4620485,-91.5670776
6,10560001,Des Moines River near Keokuk,05/08/2003 09:40:00,AMBIENT,94-75-7,"2,4-D",Total,,2,ug/l,False,2,,,515.1,UHL001,Actual,SW,Water,,,Lee,07100009,River/Stream,,40.4620485,-91.5670776
6,10560001,Des Moines River near Keokuk,05/08/2003 09:40:00,AMBIENT,94-82-6,"2,4-DB",Total,,2,ug/l,False,2,,,515.1,UHL001,Actual,SW,Water,,,Lee,07100009,River/Stream,,40.4620485,-91.5670776
6,10560001,Des Moines River near Keokuk,05/08/2003 09:40:00,AMBIENT,1007-28-9,2-Choro-6-ethylamino-4-amino-s-triazine,Total,,0.05,ug/l,False,0.05,,,507,UHL001,Actual,SW,Water,,,Lee,07100009,River/Stream,,40.4620485,-91.5670776
6,10560001,Des Moines River near Keokuk,05/08/2003 09:40:00,AMBIENT,121-75-5,Malathion,Total,,0.05,ug/l,False,0.05,,,507,UHL001,Actual,SW,Water,,,Lee,07100009,River/Stream,,40.4620485,-91.5670776
6,10560001,Des Moines River near Keokuk,05/08/2003 09:40:00,AMBIENT,122-34-9,Simazine,Total,,0.05,ug/l,False,0.05,,,507,UHL001,Actual,SW,Water,,,Lee,07100009,River/Stream,,40.4620485,-91.5670776
6,10560001,Des Moines River near Keokuk,05/08/2003 09:40:00,AMBIENT,13071-79-9,Terbufos,Total,,0.05,ug/l,False,0.05,,,507,UHL001,Actual,SW,Water,,,Lee,07100009,River/Stream,,40.4620485,-91.5670776
6,10560001,Des Moines River near Keokuk,05/08/2003 09:40:00,AMBIENT,13194-48-4,Ethoprop,Total,,0.05,ug/l,False,0.05,,,507,UHL001,Actual,SW,Water,,,Lee,07100009,River/Stream,,40.4620485,-91.5670776
6,10560001,Des Moines River near Keokuk,05/08/2003 09:40:00,AMBIENT,139-40-2,Propazine,Total,,0.05,ug/l,False,0.05,,,507,UHL001,Actual,SW,Water,,,Lee,07100009,River/Stream,,40.4620485,-91.5670776
6,10560001,Des Moines River near Keokuk,05/08/2003 09:40:00,AMBIENT,1563-66-2,Carbofuran,Total,,0.05,ug/l,False,0.05,,,507,UHL001,Actual,SW,Water,,,Lee,07100009,River/Stream,,40.4620485,-91.5670776
6,10560001,Des Moines River near Keokuk,05/08/2003 09:40:00,AMBIENT,1582-09-8,Trifluralin,Total,,0.05,ug/l,False,0.05,,,507,UHL001,Actual,SW,Water,,,Lee,07100009,River/Stream,,40.4620485,-91.5670776
6,10560001,Des Moines River near Keokuk,05/08/2003 09:40:00,AMBIENT,15972-60-8,Alachlor,Total,,0.05,ug/l,False,0.05,,,507,UHL001,Actual,SW,Water,,,Lee,07100009,River/Stream,,40.4620485,-91.5670776
6,10560001,Des Moines River near Keokuk,05/08/2003 09:40:00,AMBIENT,1610-18-0,Prometon,Total,,0.05,ug/l,False,0.05,,,507,UHL001,Actual,SW,Water,,,Lee,07100009,River/Stream,,40.4620485,-91.5670776
6,10560001,Des Moines River near Keokuk,05/08/2003 09:40:00,AMBIENT,1912-24-9,Atrazine,Total,,0.81,ug/l,True,0.05,,,507,UHL001,Actual,SW,Water,,,Lee,07100009,River/Stream,,40.4620485,-91.5670776
6,10560001,Des Moines River near Keokuk,05/08/2003 09:40:00,AMBIENT,1918-16-7,Propachlor,Total,,0.05,ug/l,False,0.05,,,507,UHL001,Actual,SW,Water,,,Lee,07100009,River/Stream,,40.4620485,-91.5670776
6,10560001,Des Moines River near Keokuk,05/08/2003 09:40:00,AMBIENT,2008-41-5,Butylate,Total,,0.05,ug/l,False,0.05,,,507,UHL001,Actual,SW,Water,,,Lee,07100009,River/Stream,,40.4620485,-91.5670776
6,10560001,Des Moines River near Keokuk,05/08/2003 09:40:00,AMBIENT,21087-64-9,Metribuzin,Total,,0.05,ug/l,False,0.05,,,507,UHL001,Actual,SW,Water,,,Lee,07100009,River/Stream,,40.4620485,-91.5670776
6,10560001,Des Moines River near Keokuk,05/08/2003 09:40:00,AMBIENT,21725-46-2,Cyanazine,Total,,0.05,ug/l,False,0.05,,,507,UHL001,Actual,SW,Water,,,Lee,07100009,River/Stream,,40.4620485,-91.5670776
6,10560001,Des Moines River near Keokuk,05/08/2003 09:40:00,AMBIENT,2303-17-5,Triallate,Total,,0.05,ug/l,False,0.05,,,507,UHL001,Actual,SW,Water,,,Lee,07100009,River/Stream,,40.4620485,-91.5670776
6,10560001,Des Moines River near Keokuk,05/08/2003 09:40:00,AMBIENT,23184-66-9,Butachlor,Total,,0.05,ug/l,False,0.05,,,507,UHL001,Actual,SW,Water,,,Lee,07100009,River/Stream,,40.4620485,-91.5670776
6,10560001,Des Moines River near Keokuk,05/08/2003 09:40:00,AMBIENT,25311-71-1,Isofenphos,Total,,0.05,ug/l,False,0.05,,,507,UHL001,Actual,SW,Water,,,Lee,07100009,River/Stream,,40.4620485,-91.5670776
6,10560001,Des Moines River near Keokuk,05/08/2003 09:40:00,AMBIENT,2921-88-2,Chlorpyrifos,Total,,0.05,ug/l,False,0.05,,,507,UHL001,Actual,SW,Water,,,Lee,07100009,River/Stream,,40.4620485,-91.5670776
6,10560001,Des Moines River near Keokuk,05/08/2003 09:40:00,AMBIENT,298-00-0,Methyl parathion,Total,,0.05,ug/l,False,0.05,,,507,UHL001,Actual,SW,Water,,,Lee,07100009,River/Stream,,40.4620485,-91.5670776
6,10560001,Des Moines River near Keokuk,05/08/2003 09:40:00,AMBIENT,298-02-2,Phorate,Total,,0.05,ug/l,False,0.05,,,507,UHL001,Actual,SW,Water,,,Lee,07100009,River/Stream,,40.4620485,-91.5670776
6,10560001,Des Moines River near Keokuk,05/08/2003 09:40:00,AMBIENT,298-04-4,Disulfoton,Total,,0.05,ug/l,False,0.05,,,507,UHL001,Actual,SW,Water,,,Lee,07100009,River/Stream,,40.4620485,-91.5670776
6,10560001,Des Moines River near Keokuk,05/08/2003 09:40:00,AMBIENT,314-40-9,Bromacil,Total,,0.05,ug/l,False,0.05,,,507,UHL001,Actual,SW,Water,,,Lee,07100009,River/Stream,,40.4620485,-91.5670776
6,10560001,Des Moines River near Keokuk,05/08/2003 09:40:00,AMBIENT,333-41-5,Diazinon,Total,,0.05,ug/l,False,0.05,,,507,UHL001,Actual,SW,Water,,,Lee,07100009,River/Stream,,40.4620485,-91.5670776
6,10560001,Des Moines River near Keokuk,05/08/2003 09:40:00,AMBIENT,34256-82-1,Acetochlor,Total,,0.42,ug/l,True,0.05,,,507,UHL001,Actual,SW,Water,,,Lee,07100009,River/Stream,,40.4620485,-91.5670776
6,10560001,Des Moines River near Keokuk,05/08/2003 09:40:00,AMBIENT,40487-42-1,Pendimethalin,Total,,0.05,ug/l,False,0.05,,,507,UHL001,Actual,SW,Water,,,Lee,07100009,River/Stream,,40.4620485,-91.5670776
6,10560001,Des Moines River near Keokuk,05/08/2003 09:40:00,AMBIENT,51218-45-2,Metolachlor,Total,,0.27,ug/l,True,0.05,,,507,UHL001,Actual,SW,Water,,,Lee,07100009,River/Stream,,40.4620485,-91.5670776
6,10560001,Des Moines River near Keokuk,05/08/2003 09:40:00,AMBIENT,56-38-2,Parathion,Total,,0.05,ug/l,False,0.05,,,507,UHL001,Actual,SW,Water,,,Lee,07100009,River/Stream,,40.4620485,-91.5670776
6,10560001,Des Moines River near Keokuk,05/08/2003 09:40:00,AMBIENT,60-51-5,Dimethoate,Total,,0.05,ug/l,False,0.05,,,507,UHL001,Actual,SW,Water,,,Lee,07100009,River/Stream,,40.4620485,-91.5670776
6,10560001,Des Moines River near Keokuk,05/08/2003 09:40:00,AMBIENT,6190-65-4,2-Chloro-4-isopropylamino-6-amino-s-triazine,Total,,0.072,ug/l,True,0.05,,,507,UHL001,Actual,SW,Water,,,Lee,07100009,River/Stream,,40.4620485,-91.5670776
6,10560001,Des Moines River near Keokuk,05/08/2003 09:40:00,AMBIENT,62-73-7,Dichlorvos,Total,,0.05,ug/l,False,0.05,,,507,UHL001,Actual,SW,Water,,,Lee,07100009,River/Stream,,40.4620485,-91.5670776
6,10560001,Des Moines River near Keokuk,05/08/2003 09:40:00,AMBIENT,63-25-2,Carbaryl,Total,,0.05,ug/l,False,0.05,,,507,UHL001,Actual,SW,Water,,,Lee,07100009,River/Stream,,40.4620485,-91.5670776
6,10560001,Des Moines River near Keokuk,05/08/2003 09:40:00,AMBIENT,759-94-4,S-Ethyl dipropylthiocarbamate,Total,,0.05,ug/l,False,0.05,,,507,UHL001,Actual,SW,Water,,,Lee,07100009,River/Stream,,40.4620485,-91.5670776
6,10560001,Des Moines River near Keokuk,05/08/2003 09:40:00,AMBIENT,81777-89-1,Clomazone,Total,,0.05,ug/l,False,0.05,,,507,UHL001,Actual,SW,Water,,,Lee,07100009,River/Stream,,40.4620485,-91.5670776
6,10560001,Des Moines River near Keokuk,05/08/2003 09:40:00,AMBIENT,834-12-8,Ametryn,Total,,0.05,ug/l,False,0.05,,,507,UHL001,Actual,SW,Water,,,Lee,07100009,River/Stream,,40.4620485,-91.5670776
6,10560001,Des Moines River near Keokuk,05/08/2003 09:40:00,AMBIENT,87674-68-8,Dimethenamid,Total,,0.05,ug/l,False,0.05,,,507,UHL001,Actual,SW,Water,,,Lee,07100009,River/Stream,,40.4620485,-91.5670776
6,10560001,Des Moines River near Keokuk,05/08/2003 09:40:00,AMBIENT,944-22-9,Fonofos,Total,,0.05,ug/l,False,0.05,,,507,UHL001,Actual,SW,Water,,,Lee,07100009,River/Stream,,40.4620485,-91.5670776
6,10560001,Des Moines River near Keokuk,05/08/2003 09:40:00,AMBIENT,1024-57-3,Heptachlor epoxide,Total,,0.05,ug/l,False,0.05,,,508,UHL001,Actual,SW,Water,,,Lee,07100009,River/Stream,,40.4620485,-91.5670776
6,10560001,Des Moines River near Keokuk,05/08/2003 09:40:00,AMBIENT,1031-07-8,Endosulfan sulfate,Total,,0.05,ug/l,False,0.05,,,508,UHL001,Actual,SW,Water,,,Lee,07100009,River/Stream,,40.4620485,-91.5670776
6,10560001,Des Moines River near Keokuk,05/08/2003 09:40:00,AMBIENT,309-00-2,Aldrin,Total,,0.05,ug/l,False,0.05,,,508,UHL001,Actual,SW,Water,,,Lee,07100009,River/Stream,,40.4620485,-91.5670776
6,10560001,Des Moines River near Keokuk,05/08/2003 09:40:00,AMBIENT,319-84-6,.alpha.-Hexachlorocyclohexane,Total,,0.05,ug/l,False,0.05,,,508,UHL001,Actual,SW,Water,,,Lee,07100009,River/Stream,,40.4620485,-91.5670776
6,10560001,Des Moines River near Keokuk,05/08/2003 09:40:00,AMBIENT,319-85-7,.beta.-Hexachlorocyclohexane,Total,,0.05,ug/l,False,0.05,,,508,UHL001,Actual,SW,Water,,,Lee,07100009,River/Stream,,40.4620485,-91.5670776
6,10560001,Des Moines River near Keokuk,05/08/2003 09:40:00,AMBIENT,319-86-8,.delta.-Hexachlorocyclohexane,Total,,0.05,ug/l,False,0.05,,,508,UHL001,Actual,SW,Water,,,Lee,07100009,River/Stream,,40.4620485,-91.5670776
6,10560001,Des Moines River near Keokuk,05/08/2003 09:40:00,AMBIENT,33213-65-9,.beta.-Endosulfan,Total,,0.05,ug/l,False,0.05,,,508,UHL001,Actual,SW,Water,,,Lee,07100009,River/Stream,,40.4620485,-91.5670776
6,10560001,Des Moines River near Keokuk,05/08/2003 09:40:00,AMBIENT,50-29-3,"p,p'-DDT",Total,,0.05,ug/l,False,0.05,,,508,UHL001,Actual,SW,Water,,,Lee,07100009,River/Stream,,40.4620485,-91.5670776
6,10560001,Des Moines River near Keokuk,05/08/2003 09:40:00,AMBIENT,53494-70-5,Endrin ketone,Total,,0.05,ug/l,False,0.05,,,508,UHL001,Actual,SW,Water,,,Lee,07100009,River/Stream,,40.4620485,-91.5670776
6,10560001,Des Moines River near Keokuk,05/08/2003 09:40:00,AMBIENT,57-74-9,Chlordane,Total,,0.05,ug/l,False,0.05,,,508,UHL001,Actual,SW,Water,,,Lee,07100009,River/Stream,,40.4620485,-91.5670776
6,10560001,Des Moines River near Keokuk,05/08/2003 09:40:00,AMBIENT,58-89-9,Lindane,Total,,0.05,ug/l,False,0.05,,,508,UHL001,Actual,SW,Water,,,Lee,07100009,River/Stream,,40.4620485,-91.5670776
6,10560001,Des Moines River near Keokuk,05/08/2003 09:40:00,AMBIENT,60-57-1,Dieldrin,Total,,0.05,ug/l,False,0.05,,,508,UHL001,Actual,SW,Water,,,Lee,07100009,River/Stream,,40.4620485,-91.5670776
6,10560001,Des Moines River near Keokuk,05/08/2003 09:40:00,AMBIENT,72-20-8,Endrin,Total,,0.05,ug/l,False,0.05,,,508,UHL001,Actual,SW,Water,,,Lee,07100009,River/Stream,,40.4620485,-91.5670776
6,10560001,Des Moines River near Keokuk,05/08/2003 09:40:00,AMBIENT,72-43-5,Methoxychlor,Total,,0.05,ug/l,False,0.05,,,508,UHL001,Actual,SW,Water,,,Lee,07100009,River/Stream,,40.4620485,-91.5670776
6,10560001,Des Moines River near Keokuk,05/08/2003 09:40:00,AMBIENT,72-54-8,"p,p'-DDD",Total,,0.05,ug/l,False,0.05,,,508,UHL001,Actual,SW,Water,,,Lee,07100009,River/Stream,,40.4620485,-91.5670776
6,10560001,Des Moines River near Keokuk,05/08/2003 09:40:00,AMBIENT,72-55-9,"p,p'-DDE",Total,,0.05,ug/l,False,0.05,,,508,UHL001,Actual,SW,Water,,,Lee,07100009,River/Stream,,40.4620485,-91.5670776
6,10560001,Des Moines River near Keokuk,05/08/2003 09:40:00,AMBIENT,7421-93-4,Endrin aldehyde,Total,,0.05,ug/l,False,0.05,,,508,UHL001,Actual,SW,Water,,,Lee,07100009,River/Stream,,40.4620485,-91.5670776
6,10560001,Des Moines River near Keokuk,05/08/2003 09:40:00,AMBIENT,76-44-8,Heptachlor,Total,,0.05,ug/l,False,0.05,,,508,UHL001,Actual,SW,Water,,,Lee,07100009,River/Stream,,40.4620485,-91.5670776
6,10560001,Des Moines River near Keokuk,05/08/2003 09:40:00,AMBIENT,8001-35-2,Toxaphene,Total,,0.5,ug/l,False,0.5,,,508,UHL001,Actual,SW,Water,,,Lee,07100009,River/Stream,,40.4620485,-91.5670776
6,10560001,Des Moines River near Keokuk,05/08/2003 09:40:00,AMBIENT,959-98-8,.alpha.-Endosulfan,Total,,0.05,ug/l,False,0.05,,,508,UHL001,Actual,SW,Water,,,Lee,07100009,River/Stream,,40.4620485,-91.5670776
6,10560001,Des Moines River near Keokuk,05/08/2003 09:40:00,AMBIENT,14808-79-8,Sulfate (as SO4),Total,,48,mg/l,True,1,,,300(A),UHL001,Actual,SW,Water,,,Lee,07100009,River/Stream,,40.4620485,-91.5670776
6,10560001,Des Moines River near Keokuk,05/08/2003 09:40:00,AMBIENT,TURB,Turbidity,Total,,220,NTU,True,1,,,180.1,UHL001,Actual,SW,Water,,,Lee,07100009,River/Stream,,40.4620485,-91.5670776
6,10560001,Des Moines River near Keokuk,03/03/2003 09:50:00,AMBIENT,7782-44-7,Dissolved oxygen (DO),Total,,15.3,mg/l,True,0.1,,,4500-O-G,,Actual,SW,Water,,,Lee,07100009,River/Stream,,40.4620485,-91.5670776
6,10560001,Des Moines River near Keokuk,03/03/2003 09:50:00,AMBIENT,FLOW,Flow,Total,,1800,cfs,True,0.1,,,USGS CA8,,Actual,SW,Water,,,Lee,07100009,River/Stream,,40.4620485,-91.5670776
6,10560001,Des Moines River near Keokuk,03/03/2003 09:50:00,AMBIENT,PH,pH,Total,,8.8,None,True,,,,4500-H,,Actual,SW,Water,,,Lee,07100009,River/Stream,,40.4620485,-91.5670776
6,10560001,Des Moines River near Keokuk,03/03/2003 09:50:00,AMBIENT,TEMP-WATER,"Temperature, water",Total,,0.8,deg C,True,0,,,2550,,Actual,SW,Water,,,Lee,07100009,River/Stream,,40.4620485,-91.5670776
6,10560001,Des Moines River near Keokuk,03/03/2003 09:50:00,AMBIENT,1007-28-9,2-Choro-6-ethylamino-4-amino-s-triazine,Total,,0.05,ug/l,False,0.05,,,507,UHL001,Actual,SW,Water,,,Lee,07100009,River/Stream,,40.4620485,-91.5670776
6,10560001,Des Moines River near Keokuk,03/03/2003 09:50:00,AMBIENT,122-34-9,Simazine,Total,,0.05,ug/l,False,0.05,,,507,UHL001,Actual,SW,Water,,,Lee,07100009,River/Stream,,40.4620485,-91.5670776
6,10560001,Des Moines River near Keokuk,03/03/2003 09:50:00,AMBIENT,139-40-2,Propazine,Total,,0.05,ug/l,False,0.05,,,507,UHL001,Actual,SW,Water,,,Lee,07100009,River/Stream,,40.4620485,-91.5670776
6,10560001,Des Moines River near Keokuk,03/03/2003 09:50:00,AMBIENT,1582-09-8,Trifluralin,Total,,0.05,ug/l,False,0.05,,,507,UHL001,Actual,SW,Water,,,Lee,07100009,River/Stream,,40.4620485,-91.5670776
6,10560001,Des Moines River near Keokuk,03/03/2003 09:50:00,AMBIENT,15972-60-8,Alachlor,Total,,0.05,ug/l,False,0.05,,,507,UHL001,Actual,SW,Water,,,Lee,07100009,River/Stream,,40.4620485,-91.5670776
6,10560001,Des Moines River near Keokuk,03/03/2003 09:50:00,AMBIENT,1610-18-0,Prometon,Total,,0.05,ug/l,False,0.05,,,507,UHL001,Actual,SW,Water,,,Lee,07100009,River/Stream,,40.4620485,-91.5670776
6,10560001,Des Moines River near Keokuk,03/03/2003 09:50:00,AMBIENT,1912-24-9,Atrazine,Total,,0.077,ug/l,True,0.05,,,507,UHL001,Actual,SW,Water,,,Lee,07100009,River/Stream,,40.4620485,-91.5670776
6,10560001,Des Moines River near Keokuk,03/03/2003 09:50:00,AMBIENT,1918-16-7,Propachlor,Total,,0.05,ug/l,False,0.05,,,507,UHL001,Actual,SW,Water,,,Lee,07100009,River/Stream,,40.4620485,-91.5670776
6,10560001,Des Moines River near Keokuk,03/03/2003 09:50:00,AMBIENT,2008-41-5,Butylate,Total,,0.05,ug/l,False,0.05,,,507,UHL001,Actual,SW,Water,,,Lee,07100009,River/Stream,,40.4620485,-91.5670776
6,10560001,Des Moines River near Keokuk,03/03/2003 09:50:00,AMBIENT,21087-64-9,Metribuzin,Total,,0.05,ug/l,False,0.05,,,507,UHL001,Actual,SW,Water,,,Lee,07100009,River/Stream,,40.4620485,-91.5670776
6,10560001,Des Moines River near Keokuk,03/03/2003 09:50:00,AMBIENT,21725-46-2,Cyanazine,Total,,0.05,ug/l,False,0.05,,,507,UHL001,Actual,SW,Water,,,Lee,07100009,River/Stream,,40.4620485,-91.5670776
6,10560001,Des Moines River near Keokuk,03/03/2003 09:50:00,AMBIENT,34256-82-1,Acetochlor,Total,,0.05,ug/l,False,0.05,,,507,UHL001,Actual,SW,Water,,,Lee,07100009,River/Stream,,40.4620485,-91.5670776
6,10560001,Des Moines River near Keokuk,03/03/2003 09:50:00,AMBIENT,51218-45-2,Metolachlor,Total,,0.05,ug/l,False,0.05,,,507,UHL001,Actual,SW,Water,,,Lee,07100009,River/Stream,,40.4620485,-91.5670776
6,10560001,Des Moines River near Keokuk,03/03/2003 09:50:00,AMBIENT,6190-65-4,2-Chloro-4-isopropylamino-6-amino-s-triazine,Total,,0.05,ug/l,False,0.05,,,507,UHL001,Actual,SW,Water,,,Lee,07100009,River/Stream,,40.4620485,-91.5670776
6,10560001,Des Moines River near Keokuk,03/03/2003 09:50:00,AMBIENT,759-94-4,S-Ethyl dipropylthiocarbamate,Total,,0.05,ug/l,False,0.05,,,507,UHL001,Actual,SW,Water,,,Lee,07100009,River/Stream,,40.4620485,-91.5670776
6,10560001,Des Moines River near Keokuk,03/03/2003 09:50:00,AMBIENT,834-12-8,Ametryn,Total,,0.05,ug/l,False,0.05,,,507,UHL001,Actual,SW,Water,,,Lee,07100009,River/Stream,,40.4620485,-91.5670776
6,10560001,Des Moines River near Keokuk,03/03/2003 09:50:00,AMBIENT,87674-68-8,Dimethenamid,Total,,0.05,ug/l,False,0.05,,,507,UHL001,Actual,SW,Water,,,Lee,07100009,River/Stream,,40.4620485,-91.5670776
6,10560001,Des Moines River near Keokuk,03/03/2003 09:50:00,AMBIENT,CBOD-SC,"Carbonaceous biochemical oxygen demand, standard conditions",Total,,2,mg/l,False,2,,,UnknownBOD,UHL001,Actual,SW,Water,,,Lee,07100009,River/Stream,,40.4620485,-91.5670776
6,10560001,Des Moines River near Keokuk,03/03/2003 09:50:00,AMBIENT,7440-44-0,Carbon,Total,,6.3,mg/l,True,0.5,,,415.1,UHL001,Actual,SW,Water,,,Lee,07100009,River/Stream,,40.4620485,-91.5670776
6,10560001,Des Moines River near Keokuk,03/03/2003 09:50:00,AMBIENT,16887-00-6,Chloride,Total,,47,mg/l,True,1,,,325.3,UHL001,Actual,SW,Water,,,Lee,07100009,River/Stream,,40.4620485,-91.5670776
6,10560001,Des Moines River near Keokuk,03/03/2003 09:50:00,AMBIENT,11003-45-5,Chlorophyll c,NonFilt,,4,ug/l,True,1,,,10200-H,UHL001,Actual,SW,Water,,,Lee,07100009,River/Stream,,40.4620485,-91.5670776
6,10560001,Des Moines River near Keokuk,03/03/2003 09:50:00,AMBIENT,479-61-8,Chlorophyll a,NonFilt,,40,ug/l,True,1,,,10200-H,UHL001,Actual,SW,Water,,,Lee,07100009,River/Stream,,40.4620485,-91.5670776
6,10560001,Des Moines River near Keokuk,03/03/2003 09:50:00,AMBIENT,519-62-0,Chlorophyll b,NonFilt,,1,ug/l,False,1,,,10200-H,UHL001,Actual,SW,Water,,,Lee,07100009,River/Stream,,40.4620485,-91.5670776
6,10560001,Des Moines River near Keokuk,03/03/2003 09:50:00,AMBIENT,CLR-A-UCP,"Chlorophyll a, uncorrected for pheophytin",NonFilt,,42,ug/l,True,1,,,10200-H,UHL001,Actual,SW,Water,,,Lee,07100009,River/Stream,,40.4620485,-91.5670776
6,10560001,Des Moines River near Keokuk,03/03/2003 09:50:00,AMBIENT,ENTERO,Enterococcus,Total,,20,MPN/100ml,True,10,,,1600,UHL001,Actual,SW,Water,,,Lee,07100009,River/Stream,,40.4620485,-91.5670776
6,10560001,Des Moines River near Keokuk,03/03/2003 09:50:00,AMBIENT,68583-22-2,Escherichia coli,Total,,10,MPN/100ml,False,10,,,APHA 9222 G,UHL001,Actual,SW,Water,,,Lee,07100009,River/Stream,,40.4620485,-91.5670776
6,10560001,Des Moines River near Keokuk,03/03/2003 09:50:00,AMBIENT,FEC-COL,Fecal Coliform,Total,,10,MPN/100ml,False,10,,,9222-D,UHL001,Actual,SW,Water,,,Lee,07100009,River/Stream,,40.4620485,-91.5670776
6,10560001,Des Moines River near Keokuk,03/03/2003 09:50:00,AMBIENT,HARD-CARB,"Hardness, carbonate",Total,,390,mg/l,True,1,,,Unknown,UHL001,Actual,SW,Water,,,Lee,07100009,River/Stream,,40.4620485,-91.5670776
6,10560001,Des Moines River near Keokuk,03/03/2003 09:50:00,AMBIENT,NIT-AMM,Ammonia-nitrogen (as N),Total,,0.14,mg/l,True,0.05,,,350.1,UHL001,Actual,SW,Water,,,Lee,07100009,River/Stream,,40.4620485,-91.5670776
6,10560001,Des Moines River near Keokuk,06/04/2003 11:50:00,AMBIENT,7782-44-7,Dissolved oxygen (DO),Total,,8.6,mg/l,True,0.1,,,4500-O-G,,Actual,SW,Water,,,Lee,07100009,River/Stream,,40.4620485,-91.5670776
6,10560001,Des Moines River near Keokuk,06/04/2003 11:50:00,AMBIENT,FLOW,Flow,Total,,1700,cfs,True,0.1,,,USGS CA8,,Actual,SW,Water,,,Lee,07100009,River/Stream,,40.4620485,-91.5670776
6,10560001,Des Moines River near Keokuk,06/04/2003 11:50:00,AMBIENT,PH,pH,Total,,8.2,None,True,,,,4500-H,,Actual,SW,Water,,,Lee,07100009,River/Stream,,40.4620485,-91.5670776
6,10560001,Des Moines River near Keokuk,06/04/2003 11:50:00,AMBIENT,7631-86-9,Silica,Dissolved,,16,mg/l,True,1,,,370.1,UHL001,Actual,SW,Water,,,Lee,07100009,River/Stream,,40.4620485,-91.5670776
6,10560001,Des Moines River near Keokuk,06/04/2003 11:50:00,AMBIENT,TDS,Total dissolved solids,Dissolved,,410,mg/l,True,1,,,160.1,UHL001,Actual,SW,Water,,,Lee,07100009,River/Stream,,40.4620485,-91.5670776
6,10560001,Des Moines River near Keokuk,06/04/2003 11:50:00,AMBIENT,TSS,Total suspended solids,NonFilt,,82,mg/l,True,1,,,I3765,UHL001,Actual,SW,Water,,,Lee,07100009,River/Stream,,40.4620485,-91.5670776
6,10560001,Des Moines River near Keokuk,06/04/2003 11:50:00,AMBIENT,SPEC-COND,Specific conductance,Total,,690,uS/cm,True,1,,,2510,UHL001,Actual,SW,Water,,,Lee,07100009,River/Stream,,40.4620485,-91.5670776
6,10560001,Des Moines River near Keokuk,06/04/2003 11:50:00,AMBIENT,14808-79-8,Sulfate (as SO4),Total,,38,mg/l,True,1,,,300(A),UHL001,Actual,SW,Water,,,Lee,07100009,River/Stream,,40.4620485,-91.5670776
6,10560001,Des Moines River near Keokuk,06/04/2003 11:50:00,AMBIENT,TURB,Turbidity,Total,,40,NTU,True,1,,,180.1,UHL001,Actual,SW,Water,,,Lee,07100009,River/Stream,,40.4620485,-91.5670776
6,10560001,Des Moines River near Keokuk,07/02/2003 09:00:00,AMBIENT,11003-45-5,Chlorophyll c,NonFilt,,1,ug/l,False,1,,,10200-H,UHL001,Actual,SW,Water,,,Lee,07100009,River/Stream,,40.4620485,-91.5670776
6,10560001,Des Moines River near Keokuk,07/02/2003 09:00:00,AMBIENT,479-61-8,Chlorophyll a,NonFilt,,15,ug/l,True,1,,,10200-H,UHL001,Actual,SW,Water,,,Lee,07100009,River/Stream,,40.4620485,-91.5670776
6,10560001,Des Moines River near Keokuk,07/02/2003 09:00:00,AMBIENT,519-62-0,Chlorophyll b,NonFilt,,1,ug/l,False,1,,,10200-H,UHL001,Actual,SW,Water,,,Lee,07100009,River/Stream,,40.4620485,-91.5670776
6,10560001,Des Moines River near Keokuk,07/02/2003 09:00:00,AMBIENT,CLR-A-UCP,"Chlorophyll a, uncorrected for pheophytin",NonFilt,,22,ug/l,True,1,,,10200-H,UHL001,Actual,SW,Water,,,Lee,07100009,River/Stream,,40.4620485,-91.5670776
6,10560001,Des Moines River near Keokuk,07/02/2003 09:00:00,AMBIENT,7440-47-3,Chromium,Total,,20,ug/l,False,20,,,200.7(W),UHL001,Actual,SW,Water,,,Lee,07100009,River/Stream,,40.4620485,-91.5670776
6,10560001,Des Moines River near Keokuk,07/02/2003 09:00:00,AMBIENT,7440-50-8,Copper,Total,,10,ug/l,False,10,,,200.7(W),UHL001,Actual,SW,Water,,,Lee,07100009,River/Stream,,40.4620485,-91.5670776
6,10560001,Des Moines River near Keokuk,07/02/2003 09:00:00,AMBIENT,57-12-5,Cyanide,Total,,0.01,mg/l,False,0.01,,,335.2,UHL001,Actual,SW,Water,,,Lee,07100009,River/Stream,,40.4620485,-91.5670776
6,10560001,Des Moines River near Keokuk,07/02/2003 09:00:00,AMBIENT,ENTERO,Enterococcus,Total,,190,MPN/100ml,True,10,,,1600,UHL001,Actual,SW,Water,,,Lee,07100009,River/Stream,,40.4620485,-91.5670776
6,10560001,Des Moines River near Keokuk,07/02/2003 09:00:00,AMBIENT,68583-22-2,Escherichia coli,Total,,230,MPN/100ml,True,10,,,APHA 9222 G,UHL001,Actual,SW,Water,,,Lee,07100009,River/Stream,,40.4620485,-91.5670776
6,10560001,Des Moines River near Keokuk,07/02/2003 09:00:00,AMBIENT,FEC-COL,Fecal Coliform,Total,,300,MPN/100ml,True,10,,,9222-D,UHL001,Actual,SW,Water,,,Lee,07100009,River/Stream,,40.4620485,-91.5670776
6,10560001,Des Moines River near Keokuk,07/02/2003 09:00:00,AMBIENT,HARD-CARB,"Hardness, carbonate",Total,,300,mg/l,True,1,,,Unknown,UHL001,Actual,SW,Water,,,Lee,07100009,River/Stream,,40.4620485,-91.5670776
6,10560001,Des Moines River near Keokuk,07/02/2003 09:00:00,AMBIENT,7439-97-6,Mercury,Total,,5E-05,mg/l,False,0.00005,,,245.1,UHL001,Actual,SW,Water,,,Lee,07100009,River/Stream,,40.4620485,-91.5670776
6,10560001,Des Moines River near Keokuk,07/02/2003 09:00:00,AMBIENT,NIT-AMM,Ammonia-nitrogen (as N),Total,,0.05,mg/l,False,0.05,,,350.1,UHL001,Actual,SW,Water,,,Lee,07100009,River/Stream,,40.4620485,-91.5670776
6,10560001,Des Moines River near Keokuk,07/02/2003 09:00:00,AMBIENT,NIT-KJELD,Kjeldahl nitrogen (AS N),Total,,0.98,mg/l,True,0.05,,,Unknown,UHL001,Actual,SW,Water,,,Lee,07100009,River/Stream,,40.4620485,-91.5670776
6,10560001,Des Moines River near Keokuk,07/02/2003 09:00:00,AMBIENT,NIT-NO3-NO2,Inorganic nitrogen (nitrate and nitrite) (as N),Total,,9.6,mg/l,True,0.1,,,353.2,UHL001,Actual,SW,Water,,,Lee,07100009,River/Stream,,40.4620485,-91.5670776
6,10560001,Des Moines River near Keokuk,07/02/2003 09:00:00,AMBIENT,87-86-5,Pentachlorophenol,Total,,2,ug/l,False,2,,,515.3,UHL001,Actual,SW,Water,,,Lee,07100009,River/Stream,,40.4620485,-91.5670776
6,10560001,Des Moines River near Keokuk,07/02/2003 09:00:00,AMBIENT,603-17-8,Pheophytin a,NonFilt,,11,ug/l,True,1,,,10200H(2),UHL001,Actual,SW,Water,,,Lee,07100009,River/Stream,,40.4620485,-91.5670776
6,10560001,Des Moines River near Keokuk,07/02/2003 09:00:00,AMBIENT,PHOSP-PHOSP,Phosphate-phosphorus (as P),Total,,0.35,mg/l,True,0.02,,,365.4,UHL001,Actual,SW,Water,,,Lee,07100009,River/Stream,,40.4620485,-91.5670776
6,10560001,Des Moines River near Keokuk,07/02/2003 09:00:00,AMBIENT,14265-44-2,Orthophosphate (as P),Dissolved,,0.16,mg/l,True,0.02,,,365.1,UHL001,Actual,SW,Water,,,Lee,07100009,River/Stream,,40.4620485,-91.5670776
6,10560001,Des Moines River near Keokuk,07/02/2003 09:00:00,AMBIENT,7631-86-9,Silica,Dissolved,,15,mg/l,True,1,,,370.1,UHL001,Actual,SW,Water,,,Lee,07100009,River/Stream,,40.4620485,-91.5670776
6,10560001,Des Moines River near Keokuk,07/02/2003 09:00:00,AMBIENT,TDS,Total dissolved solids,Dissolved,,420,mg/l,True,1,,,160.1,UHL001,Actual,SW,Water,,,Lee,07100009,River/Stream,,40.4620485,-91.5670776
6,10560001,Des Moines River near Keokuk,07/02/2003 09:00:00,AMBIENT,TSS,Total suspended solids,NonFilt,,200,mg/l,True,1,,,I3765,UHL001,Actual,SW,Water,,,Lee,07100009,River/Stream,,40.4620485,-91.5670776
6,10560001,Des Moines River near Keokuk,07/02/2003 09:00:00,AMBIENT,SPEC-COND,Specific conductance,Total,,700,uS/cm,True,1,,,2510,UHL001,Actual,SW,Water,,,Lee,07100009,River/Stream,,40.4620485,-91.5670776
6,10560001,Des Moines River near Keokuk,07/02/2003 09:00:00,AMBIENT,14808-79-8,Sulfate (as SO4),Total,,48,mg/l,True,1,,,300(A),UHL001,Actual,SW,Water,,,Lee,07100009,River/Stream,,40.4620485,-91.5670776
6,10560001,Des Moines River near Keokuk,08/07/2003 08:20:00,AMBIENT,CBOD-SC,"Carbonaceous biochemical oxygen demand, standard conditions",Total,,5,mg/l,True,2,,,UnknownBOD,UHL001,Actual,SW,Water,,,Lee,07100009,River/Stream,,40.4620485,-91.5670776
6,10560001,Des Moines River near Keokuk,08/07/2003 08:20:00,AMBIENT,7440-44-0,Carbon,Total,,8,mg/l,True,0.5,,,415.1,UHL001,Actual,SW,Water,,,Lee,07100009,River/Stream,,40.4620485,-91.5670776
6,10560001,Des Moines River near Keokuk,08/07/2003 08:20:00,AMBIENT,16887-00-6,Chloride,Total,,24,mg/l,True,1,,,325.3,UHL001,Actual,SW,Water,,,Lee,07100009,River/Stream,,40.4620485,-91.5670776
6,10560001,Des Moines River near Keokuk,08/07/2003 08:20:00,AMBIENT,11003-45-5,Chlorophyll c,NonFilt,,12,ug/l,True,1,,,10200-H,UHL001,Actual,SW,Water,,,Lee,07100009,River/Stream,,40.4620485,-91.5670776
6,10560001,Des Moines River near Keokuk,08/07/2003 08:20:00,AMBIENT,479-61-8,Chlorophyll a,NonFilt,,170,ug/l,True,1,,,10200-H,UHL001,Actual,SW,Water,,,Lee,07100009,River/Stream,,40.4620485,-91.5670776
6,10560001,Des Moines River near Keokuk,08/07/2003 08:20:00,AMBIENT,519-62-0,Chlorophyll b,NonFilt,,15,ug/l,True,1,,,10200-H,UHL001,Actual,SW,Water,,,Lee,07100009,River/Stream,,40.4620485,-91.5670776
6,10560001,Des Moines River near Keokuk,08/07/2003 08:20:00,AMBIENT,CLR-A-UCP,"Chlorophyll a, uncorrected for pheophytin",NonFilt,,190,ug/l,True,1,,,10200-H,UHL001,Actual,SW,Water,,,Lee,07100009,River/Stream,,40.4620485,-91.5670776
6,10560001,Des Moines River near Keokuk,08/07/2003 08:20:00,AMBIENT,ENTERO,Enterococcus,Total,,10,MPN/100ml,False,10,,,1600,UHL001,Actual,SW,Water,,,Lee,07100009,River/Stream,,40.4620485,-91.5670776
6,10560001,Des Moines River near Keokuk,08/07/2003 08:20:00,AMBIENT,68583-22-2,Escherichia coli,Total,,10,MPN/100ml,False,10,,,APHA 9222 G,UHL001,Actual,SW,Water,,,Lee,07100009,River/Stream,,40.4620485,-91.5670776
6,10560001,Des Moines River near Keokuk,08/07/2003 08:20:00,AMBIENT,FEC-COL,Fecal Coliform,Total,,10,MPN/100ml,False,10,,,9222-D,UHL001,Actual,SW,Water,,,Lee,07100009,River/Stream,,40.4620485,-91.5670776
6,10560001,Des Moines River near Keokuk,08/07/2003 08:20:00,AMBIENT,HARD-CARB,"Hardness, carbonate",Total,,140,mg/l,True,1,,,Unknown,UHL001,Actual,SW,Water,,,Lee,07100009,River/Stream,,40.4620485,-91.5670776
6,10560001,Des Moines River near Keokuk,08/07/2003 08:20:00,AMBIENT,NIT-AMM,Ammonia-nitrogen (as N),Total,,0.05,mg/l,False,0.05,,,350.1,UHL001,Actual,SW,Water,,,Lee,07100009,River/Stream,,40.4620485,-91.5670776
6,10560001,Des Moines River near Keokuk,08/07/2003 08:20:00,AMBIENT,NIT-KJELD,Kjeldahl nitrogen (AS N),Total,,2,mg/l,True,0.05,,,Unknown,UHL001,Actual,SW,Water,,,Lee,07100009,River/Stream,,40.4620485,-91.5670776
6,10560001,Des Moines River near Keokuk,08/07/2003 08:20:00,AMBIENT,NIT-NO3-NO2,Inorganic nitrogen (nitrate and nitrite) (as N),Total,,6.9,mg/l,True,0.1,,,353.2,UHL001,Actual,SW,Water,,,Lee,07100009,River/Stream,,40.4620485,-91.5670776
6,10560001,Des Moines River near Keokuk,08/07/2003 08:20:00,AMBIENT,603-17-8,Pheophytin a,NonFilt,,24,ug/l,True,1,,,10200H(2),UHL001,Actual,SW,Water,,,Lee,07100009,River/Stream,,40.4620485,-91.5670776
6,10560001,Des Moines River near Keokuk,08/07/2003 08:20:00,AMBIENT,PHOSP-PHOSP,Phosphate-phosphorus (as P),Total,,0.17,mg/l,True,0.02,,,365.4,UHL001,Actual,SW,Water,,,Lee,07100009,River/Stream,,40.4620485,-91.5670776
6,10560001,Des Moines River near Keokuk,08/07/2003 08:20:00,AMBIENT,14265-44-2,Orthophosphate (as P),Dissolved,,0.02,mg/l,False,0.02,,,365.1,UHL001,Actual,SW,Water,,,Lee,07100009,River/Stream,,40.4620485,-91.5670776
6,10560001,Des Moines River near Keokuk,08/07/2003 08:20:00,AMBIENT,7631-86-9,Silica,Dissolved,,10,mg/l,True,1,,,370.1,UHL001,Actual,SW,Water,,,Lee,07100009,River/Stream,,40.4620485,-91.5670776
6,10560001,Des Moines River near Keokuk,08/07/2003 08:20:00,AMBIENT,TDS,Total dissolved solids,Dissolved,,280,mg/l,True,1,,,160.1,UHL001,Actual,SW,Water,,,Lee,07100009,River/Stream,,40.4620485,-91.5670776
6,10560001,Des Moines River near Keokuk,08/07/2003 08:20:00,AMBIENT,TSS,Total suspended solids,NonFilt,,59,mg/l,True,1,,,I3765,UHL001,Actual,SW,Water,,,Lee,07100009,River/Stream,,40.4620485,-91.5670776
6,10560001,Des Moines River near Keokuk,08/07/2003 08:20:00,AMBIENT,SPEC-COND,Specific conductance,Total,,420,uS/cm,True,1,,,2510,UHL001,Actual,SW,Water,,,Lee,07100009,River/Stream,,40.4620485,-91.5670776
6,10560001,Des Moines River near Keokuk,08/07/2003 08:20:00,AMBIENT,14808-79-8,Sulfate (as SO4),Total,,37,mg/l,True,1,,,300(A),UHL001,Actual,SW,Water,,,Lee,07100009,River/Stream,,40.4620485,-91.5670776
6,10560001,Des Moines River near Keokuk,08/07/2003 08:20:00,AMBIENT,TURB,Turbidity,Total,,15,NTU,True,1,,,180.1,UHL001,Actual,SW,Water,,,Lee,07100009,River/Stream,,40.4620485,-91.5670776
6,10560001,Des Moines River near Keokuk,09/08/2003 09:10:00,AMBIENT,7782-44-7,Dissolved oxygen (DO),Total,,7.8,mg/l,True,0.1,,,4500-O-G,,Actual,SW,Water,,,Lee,07100009,River/Stream,,40.4620485,-91.5670776
6,10560001,Des Moines River near Keokuk,09/08/2003 09:10:00,AMBIENT,FLOW,Flow,Total,,350,cfs,True,0.1,,,USGS CA8,,Actual,SW,Water,,,Lee,07100009,River/Stream,,40.4620485,-91.5670776
6,10560001,Des Moines River near Keokuk,09/08/2003 09:10:00,AMBIENT,PH,pH,Total,,9.1,None,True,,,,4500-H,,Actual,SW,Water,,,Lee,07100009,River/Stream,,40.4620485,-91.5670776
6,10560001,Des Moines River near Keokuk,09/08/2003 09:10:00,AMBIENT,TEMP-WATER,"Temperature, water",Total,,24.5,deg C,True,0,,,2550,,Actual,SW,Water,,,Lee,07100009,River/Stream,,40.4620485,-91.5670776
6,10560001,Des Moines River near Keokuk,09/08/2003 09:10:00,AMBIENT,1007-28-9,2-Choro-6-ethylamino-4-amino-s-triazine,Total,,0.05,ug/l,False,0.05,,,507,UHL001,Actual,SW,Water,,,Lee,07100009,River/Stream,,40.4620485,-91.5670776
6,10560001,Des Moines River near Keokuk,09/08/2003 09:10:00,AMBIENT,122-34-9,Simazine,Total,,0.05,ug/l,False,0.05,,,507,UHL001,Actual,SW,Water,,,Lee,07100009,River/Stream,,40.4620485,-91.5670776
6,10560001,Des Moines River near Keokuk,09/08/2003 09:10:00,AMBIENT,139-40-2,Propazine,Total,,0.05,ug/l,False,0.05,,,507,UHL001,Actual,SW,Water,,,Lee,07100009,River/Stream,,40.4620485,-91.5670776
6,10560001,Des Moines River near Keokuk,09/08/2003 09:10:00,AMBIENT,1582-09-8,Trifluralin,Total,,0.05,ug/l,False,0.05,,,507,UHL001,Actual,SW,Water,,,Lee,07100009,River/Stream,,40.4620485,-91.5670776
6,10560001,Des Moines River near Keokuk,09/08/2003 09:10:00,AMBIENT,15972-60-8,Alachlor,Total,,0.05,ug/l,False,0.05,,,507,UHL001,Actual,SW,Water,,,Lee,07100009,River/Stream,,40.4620485,-91.5670776
6,10560001,Des Moines River near Keokuk,09/08/2003 09:10:00,AMBIENT,1610-18-0,Prometon,Total,,0.05,ug/l,False,0.05,,,507,UHL001,Actual,SW,Water,,,Lee,07100009,River/Stream,,40.4620485,-91.5670776
6,10560001,Des Moines River near Keokuk,09/08/2003 09:10:00,AMBIENT,1912-24-9,Atrazine,Total,,0.24,ug/l,True,0.05,,,507,UHL001,Actual,SW,Water,,,Lee,07100009,River/Stream,,40.4620485,-91.5670776
6,10560001,Des Moines River near Keokuk,09/08/2003 09:10:00,AMBIENT,1918-16-7,Propachlor,Total,,0.05,ug/l,False,0.05,,,507,UHL001,Actual,SW,Water,,,Lee,07100009,River/Stream,,40.4620485,-91.5670776
6,10560001,Des Moines River near Keokuk,09/08/2003 09:10:00,AMBIENT,2008-41-5,Butylate,Total,,0.05,ug/l,False,0.05,,,507,UHL001,Actual,SW,Water,,,Lee,07100009,River/Stream,,40.4620485,-91.5670776
6,10560001,Des Moines River near Keokuk,09/08/2003 09:10:00,AMBIENT,21087-64-9,Metribuzin,Total,,0.05,ug/l,False,0.05,,,507,UHL001,Actual,SW,Water,,,Lee,07100009,River/Stream,,40.4620485,-91.5670776
6,10560001,Des Moines River near Keokuk,09/08/2003 09:10:00,AMBIENT,21725-46-2,Cyanazine,Total,,0.05,ug/l,False,0.05,,,507,UHL001,Actual,SW,Water,,,Lee,07100009,River/Stream,,40.4620485,-91.5670776
6,10560001,Des Moines River near Keokuk,09/08/2003 09:10:00,AMBIENT,34256-82-1,Acetochlor,Total,,0.05,ug/l,False,0.05,,,507,UHL001,Actual,SW,Water,,,Lee,07100009,River/Stream,,40.4620485,-91.5670776
6,10560001,Des Moines River near Keokuk,09/08/2003 09:10:00,AMBIENT,51218-45-2,Metolachlor,Total,,0.05,ug/l,False,0.05,,,507,UHL001,Actual,SW,Water,,,Lee,07100009,River/Stream,,40.4620485,-91.5670776
6,10560001,Des Moines River near Keokuk,09/08/2003 09:10:00,AMBIENT,6190-65-4,2-Chloro-4-isopropylamino-6-amino-s-triazine,Total,,0.098,ug/l,True,0.05,,,507,UHL001,Actual,SW,Water,,,Lee,07100009,River/Stream,,40.4620485,-91.5670776
6,10560001,Des Moines River near Keokuk,09/08/2003 09:10:00,AMBIENT,759-94-4,S-Ethyl dipropylthiocarbamate,Total,,0.05,ug/l,False,0.05,,,507,UHL001,Actual,SW,Water,,,Lee,07100009,River/Stream,,40.4620485,-91.5670776
6,10560001,Des Moines River near Keokuk,09/08/2003 09:10:00,AMBIENT,834-12-8,Ametryn,Total,,0.05,ug/l,False,0.05,,,507,UHL001,Actual,SW,Water,,,Lee,07100009,River/Stream,,40.4620485,-91.5670776
6,10560001,Des Moines River near Keokuk,09/08/2003 09:10:00,AMBIENT,87674-68-8,Dimethenamid,Total,,0.05,ug/l,False,0.05,,,507,UHL001,Actual,SW,Water,,,Lee,07100009,River/Stream,,40.4620485,-91.5670776
6,10560001,Des Moines River near Keokuk,09/08/2003 09:10:00,AMBIENT,CBOD-SC,"Carbonaceous biochemical oxygen demand, standard conditions",Total,,8,mg/l,True,2,,,UnknownBOD,UHL001,Actual,SW,Water,,,Lee,07100009,River/Stream,,40.4620485,-91.5670776
6,10560001,Des Moines River near Keokuk,09/08/2003 09:10:00,AMBIENT,7440-44-0,Carbon,Total,,8.3,mg/l,True,0.5,,,415.1,UHL001,Actual,SW,Water,,,Lee,07100009,River/Stream,,40.4620485,-91.5670776
6,10560001,Des Moines River near Keokuk,09/08/2003 09:10:00,AMBIENT,16887-00-6,Chloride,Total,,36,mg/l,True,1,,,325.3,UHL001,Actual,SW,Water,,,Lee,07100009,River/Stream,,40.4620485,-91.5670776
6,10560001,Des Moines River near Keokuk,09/08/2003 09:10:00,AMBIENT,11003-45-5,Chlorophyll c,NonFilt,,7,ug/l,True,1,,,10200-H,UHL001,Actual,SW,Water,,,Lee,07100009,River/Stream,,40.4620485,-91.5670776
6,10560001,Des Moines River near Keokuk,09/08/2003 09:10:00,AMBIENT,479-61-8,Chlorophyll a,NonFilt,,190,ug/l,True,1,,,10200-H,UHL001,Actual,SW,Water,,,Lee,07100009,River/Stream,,40.4620485,-91.5670776
6,10560001,Des Moines River near Keokuk,09/08/2003 09:10:00,AMBIENT,519-62-0,Chlorophyll b,NonFilt,,17,ug/l,True,1,,,10200-H,UHL001,Actual,SW,Water,,,Lee,07100009,River/Stream,,40.4620485,-91.5670776
6,10560001,Des Moines River near Keokuk,09/08/2003 09:10:00,AMBIENT,CLR-A-UCP,"Chlorophyll a, uncorrected for pheophytin",NonFilt,,210,ug/l,True,1,,,10200-H,UHL001,Actual,SW,Water,,,Lee,07100009,River/Stream,,40.4620485,-91.5670776
6,10560001,Des Moines River near Keokuk,09/08/2003 09:10:00,AMBIENT,ENTERO,Enterococcus,Total,,10,MPN/100ml,False,10,,,1600,UHL001,Actual,SW,Water,,,Lee,07100009,River/Stream,,40.4620485,-91.5670776
6,10560001,Des Moines River near Keokuk,09/08/2003 09:10:00,AMBIENT,68583-22-2,Escherichia coli,Total,,60,MPN/100ml,True,10,,,APHA 9222 G,UHL001,Actual,SW,Water,,,Lee,07100009,River/Stream,,40.4620485,-91.5670776
6,10560001,Des Moines River near Keokuk,09/08/2003 09:10:00,AMBIENT,FEC-COL,Fecal Coliform,Total,,70,MPN/100ml,True,10,,,9222-D,UHL001,Actual,SW,Water,,,Lee,07100009,River/Stream,,40.4620485,-91.5670776
6,10560001,Des Moines River near Keokuk,09/08/2003 09:10:00,AMBIENT,HARD-CARB,"Hardness, carbonate",Total,,180,mg/l,True,1,,,Unknown,UHL001,Actual,SW,Water,,,Lee,07100009,River/Stream,,40.4620485,-91.5670776
6,10560001,Des Moines River near Keokuk,09/08/2003 09:10:00,AMBIENT,NIT-AMM,Ammonia-nitrogen (as N),Total,,0.05,mg/l,False,0.05,,,350.1,UHL001,Actual,SW,Water,,,Lee,07100009,River/Stream,,40.4620485,-91.5670776
6,10560001,Des Moines River near Keokuk,09/08/2003 09:10:00,AMBIENT,NIT-KJELD,Kjeldahl nitrogen (AS N),Total,,2.4,mg/l,True,0.05,,,Unknown,UHL001,Actual,SW,Water,,,Lee,07100009,River/Stream,,40.4620485,-91.5670776
6,10560001,Des Moines River near Keokuk,10/02/2003 06:55:00,AMBIENT,NIT-AMM,Ammonia-nitrogen (as N),Total,,0.05,mg/l,False,0.05,,,350.1,UHL001,Actual,SW,Water,,,Lee,07100009,River/Stream,,40.4620485,-91.5670776
6,10560001,Des Moines River near Keokuk,10/02/2003 06:55:00,AMBIENT,NIT-KJELD,Kjeldahl nitrogen (AS N),Total,,1.4,mg/l,True,0.05,,,Unknown,UHL001,Actual,SW,Water,,,Lee,07100009,River/Stream,,40.4620485,-91.5670776
6,10560001,Des Moines River near Keokuk,10/02/2003 06:55:00,AMBIENT,NIT-NO3-NO2,Inorganic nitrogen (nitrate and nitrite) (as N),Total,,0.3,mg/l,True,0.1,,,353.2,UHL001,Actual,SW,Water,,,Lee,07100009,River/Stream,,40.4620485,-91.5670776
6,10560001,Des Moines River near Keokuk,10/02/2003 06:55:00,AMBIENT,603-17-8,Pheophytin a,NonFilt,,5,ug/l,True,1,,,10200H(2),UHL001,Actual,SW,Water,,,Lee,07100009,River/Stream,,40.4620485,-91.5670776
6,10560001,Des Moines River near Keokuk,10/02/2003 06:55:00,AMBIENT,PHOSP-PHOSP,Phosphate-phosphorus (as P),Total,,0.11,mg/l,True,0.02,,,365.4,UHL001,Actual,SW,Water,,,Lee,07100009,River/Stream,,40.4620485,-91.5670776
6,10560001,Des Moines River near Keokuk,10/02/2003 06:55:00,AMBIENT,14265-44-2,Orthophosphate (as P),Dissolved,,0.02,mg/l,False,0.02,,,365.1,UHL001,Actual,SW,Water,,,Lee,07100009,River/Stream,,40.4620485,-91.5670776
6,10560001,Des Moines River near Keokuk,10/02/2003 06:55:00,AMBIENT,7631-86-9,Silica,Dissolved,,3.8,mg/l,True,1,,,370.1,UHL001,Actual,SW,Water,,,Lee,07100009,River/Stream,,40.4620485,-91.5670776
6,10560001,Des Moines River near Keokuk,10/02/2003 06:55:00,AMBIENT,TDS,Total dissolved solids,Dissolved,,370,mg/l,True,1,,,160.1,UHL001,Actual,SW,Water,,,Lee,07100009,River/Stream,,40.4620485,-91.5670776
6,10560001,Des Moines River near Keokuk,10/02/2003 06:55:00,AMBIENT,TSS,Total suspended solids,NonFilt,,33,mg/l,True,1,,,I3765,UHL001,Actual,SW,Water,,,Lee,07100009,River/Stream,,40.4620485,-91.5670776
6,10560001,Des Moines River near Keokuk,10/02/2003 06:55:00,AMBIENT,SPEC-COND,Specific conductance,Total,,590,uS/cm,True,1,,,2510,UHL001,Actual,SW,Water,,,Lee,07100009,River/Stream,,40.4620485,-91.5670776
6,10560001,Des Moines River near Keokuk,10/02/2003 06:55:00,AMBIENT,14808-79-8,Sulfate (as SO4),Total,,110,mg/l,True,1,,,300(A),UHL001,Actual,SW,Water,,,Lee,07100009,River/Stream,,40.4620485,-91.5670776
6,10560001,Des Moines River near Keokuk,10/02/2003 06:55:00,AMBIENT,TURB,Turbidity,Total,,19,NTU,True,1,,,180.1,UHL001,Actual,SW,Water,,,Lee,07100009,River/Stream,,40.4620485,-91.5670776
6,10560001,Des Moines River near Keokuk,11/03/2003 08:15:00,AMBIENT,FEC-COL,Fecal Coliform,Total,,10,MPN/100ml,False,10,,,9222-D,UHL001,Actual,SW,Water,,,Lee,07100009,River/Stream,,40.4620485,-91.5670776
6,10560001,Des Moines River near Keokuk,11/03/2003 08:15:00,AMBIENT,HARD-CARB,"Hardness, carbonate",Total,,360,mg/l,True,1,,,Unknown,UHL001,Actual,SW,Water,,,Lee,07100009,River/Stream,,40.4620485,-91.5670776
6,10560001,Des Moines River near Keokuk,11/03/2003 08:15:00,AMBIENT,NIT-AMM,Ammonia-nitrogen (as N),Total,,0.05,mg/l,False,0.05,,,350.1,UHL001,Actual,SW,Water,,,Lee,07100009,River/Stream,,40.4620485,-91.5670776
6,10560001,Des Moines River near Keokuk,11/03/2003 08:15:00,AMBIENT,NIT-KJELD,Kjeldahl nitrogen (AS N),Total,,1.2,mg/l,True,0.05,,,Unknown,UHL001,Actual,SW,Water,,,Lee,07100009,River/Stream,,40.4620485,-91.5670776
6,10560001,Des Moines River near Keokuk,11/03/2003 08:15:00,AMBIENT,NIT-NO3-NO2,Inorganic nitrogen (nitrate and nitrite) (as N),Total,,0.2,mg/l,True,0.1,,,353.2,UHL001,Actual,SW,Water,,,Lee,07100009,River/Stream,,40.4620485,-91.5670776
6,10560001,Des Moines River near Keokuk,11/03/2003 08:15:00,AMBIENT,603-17-8,Pheophytin a,NonFilt,,4,ug/l,True,1,,,10200H(2),UHL001,Actual,SW,Water,,,Lee,07100009,River/Stream,,40.4620485,-91.5670776
6,10560001,Des Moines River near Keokuk,11/03/2003 08:15:00,AMBIENT,PHOSP-PHOSP,Phosphate-phosphorus (as P),Total,,0.1,mg/l,True,0.02,,,365.4,UHL001,Actual,SW,Water,,,Lee,07100009,River/Stream,,40.4620485,-91.5670776
6,10560001,Des Moines River near Keokuk,11/03/2003 08:15:00,AMBIENT,14265-44-2,Orthophosphate (as P),Dissolved,,0.02,mg/l,False,0.02,,,365.1,UHL001,Actual,SW,Water,,,Lee,07100009,River/Stream,,40.4620485,-91.5670776
6,10560001,Des Moines River near Keokuk,11/03/2003 08:15:00,AMBIENT,7631-86-9,Silica,Dissolved,,1,mg/l,False,1,,,370.1,UHL001,Actual,SW,Water,,,Lee,07100009,River/Stream,,40.4620485,-91.5670776
6,10560001,Des Moines River near Keokuk,11/03/2003 08:15:00,AMBIENT,TDS,Total dissolved solids,Dissolved,,350,mg/l,True,1,,,160.1,UHL001,Actual,SW,Water,,,Lee,07100009,River/Stream,,40.4620485,-91.5670776
6,10560001,Des Moines River near Keokuk,11/03/2003 08:15:00,AMBIENT,TSS,Total suspended solids,NonFilt,,32,mg/l,True,1,,,I3765,UHL001,Actual,SW,Water,,,Lee,07100009,River/Stream,,40.4620485,-91.5670776
6,10560001,Des Moines River near Keokuk,11/03/2003 08:15:00,AMBIENT,SPEC-COND,Specific conductance,Total,,580,uS/cm,True,1,,,2510,UHL001,Actual,SW,Water,,,Lee,07100009,River/Stream,,40.4620485,-91.5670776
6,10560001,Des Moines River near Keokuk,11/03/2003 08:15:00,AMBIENT,14808-79-8,Sulfate (as SO4),Total,,71,mg/l,True,1,,,300(A),UHL001,Actual,SW,Water,,,Lee,07100009,River/Stream,,40.4620485,-91.5670776
6,10560001,Des Moines River near Keokuk,11/03/2003 08:15:00,AMBIENT,TURB,Turbidity,Total,,17,NTU,True,1,,,180.1,UHL001,Actual,SW,Water,,,Lee,07100009,River/Stream,,40.4620485,-91.5670776
6,10560001,Des Moines River near Keokuk,12/01/2003 07:50:00,AMBIENT,7782-44-7,Dissolved oxygen (DO),Total,,12.2,mg/l,True,0.1,,,4500-O-G,,Actual,SW,Water,,,Lee,07100009,River/Stream,,40.4620485,-91.5670776
6,10560001,Des Moines River near Keokuk,12/01/2003 07:50:00,AMBIENT,FLOW,Flow,Total,,600,cfs,True,0.1,,,USGS CA8,,Actual,SW,Water,,,Lee,07100009,River/Stream,,40.4620485,-91.5670776
6,10560001,Des Moines River near Keokuk,12/01/2003 07:50:00,AMBIENT,PH,pH,Total,,8.5,None,True,,,,4500-H,,Actual,SW,Water,,,Lee,07100009,River/Stream,,40.4620485,-91.5670776
6,10560001,Des Moines River near Keokuk,12/01/2003 07:50:00,AMBIENT,TEMP-WATER,"Temperature, water",Total,,3.1,deg C,True,0,,,2550,,Actual,SW,Water,,,Lee,07100009,River/Stream,,40.4620485,-91.5670776
6,10560001,Des Moines River near Keokuk,12/01/2003 07:50:00,AMBIENT,1007-28-9,2-Choro-6-ethylamino-4-amino-s-triazine,Total,,0.05,ug/l,False,0.05,,,507,UHL001,Actual,SW,Water,,,Lee,07100009,River/Stream,,40.4620485,-91.5670776
6,10560001,Des Moines River near Keokuk,12/01/2003 07:50:00,AMBIENT,122-34-9,Simazine,Total,,0.05,ug/l,False,0.05,,,507,UHL001,Actual,SW,Water,,,Lee,07100009,River/Stream,,40.4620485,-91.5670776
6,10560001,Des Moines River near Keokuk,12/01/2003 07:50:00,AMBIENT,139-40-2,Propazine,Total,,0.05,ug/l,False,0.05,,,507,UHL001,Actual,SW,Water,,,Lee,07100009,River/Stream,,40.4620485,-91.5670776
6,10560001,Des Moines River near Keokuk,12/01/2003 07:50:00,AMBIENT,1582-09-8,Trifluralin,Total,,0.05,ug/l,False,0.05,,,507,UHL001,Actual,SW,Water,,,Lee,07100009,River/Stream,,40.4620485,-91.5670776
6,10560001,Des Moines River near Keokuk,12/01/2003 07:50:00,AMBIENT,15972-60-8,Alachlor,Total,,0.05,ug/l,False,0.05,,,507,UHL001,Actual,SW,Water,,,Lee,07100009,River/Stream,,40.4620485,-91.5670776
6,10560001,Des Moines River near Keokuk,12/01/2003 07:50:00,AMBIENT,1610-18-0,Prometon,Total,,0.05,ug/l,False,0.05,,,507,UHL001,Actual,SW,Water,,,Lee,07100009,River/Stream,,40.4620485,-91.5670776
6,10560001,Des Moines River near Keokuk,12/01/2003 07:50:00,AMBIENT,1912-24-9,Atrazine,Total,,0.17,ug/l,True,0.05,,,507,UHL001,Actual,SW,Water,,,Lee,07100009,River/Stream,,40.4620485,-91.5670776
6,10560001,Des Moines River near Keokuk,12/01/2003 07:50:00,AMBIENT,1918-16-7,Propachlor,Total,,0.1,ug/l,False,0.1,,,507,UHL001,Actual,SW,Water,,,Lee,07100009,River/Stream,,40.4620485,-91.5670776
6,10560001,Des Moines River near Keokuk,12/01/2003 07:50:00,AMBIENT,2008-41-5,Butylate,Total,,0.05,ug/l,False,0.05,,,507,UHL001,Actual,SW,Water,,,Lee,07100009,River/Stream,,40.4620485,-91.5670776
6,10560001,Des Moines River near Keokuk,12/01/2003 07:50:00,AMBIENT,21087-64-9,Metribuzin,Total,,0.05,ug/l,False,0.05,,,507,UHL001,Actual,SW,Water,,,Lee,07100009,River/Stream,,40.4620485,-91.5670776
6,10560001,Des Moines River near Keokuk,12/01/2003 07:50:00,AMBIENT,21725-46-2,Cyanazine,Total,,0.05,ug/l,False,0.05,,,507,UHL001,Actual,SW,Water,,,Lee,07100009,River/Stream,,40.4620485,-91.5670776
6,10560001,Des Moines River near Keokuk,12/01/2003 07:50:00,AMBIENT,34256-82-1,Acetochlor,Total,,0.05,ug/l,False,0.05,,,507,UHL001,Actual,SW,Water,,,Lee,07100009,River/Stream,,40.4620485,-91.5670776
6,10560001,Des Moines River near Keokuk,12/01/2003 07:50:00,AMBIENT,40487-42-1,Pendimethalin,Total,,0.42,ug/l,True,0.05,,,507,UHL001,Actual,SW,Water,,,Lee,07100009,River/Stream,,40.4620485,-91.5670776
6,10560001,Des Moines River near Keokuk,12/01/2003 07:50:00,AMBIENT,51218-45-2,Metolachlor,Total,,0.1,ug/l,False,0.1,,,507,UHL001,Actual,SW,Water,,,Lee,07100009,River/Stream,,40.4620485,-91.5670776
6,10560001,Des Moines River near Keokuk,12/01/2003 07:50:00,AMBIENT,6190-65-4,2-Chloro-4-isopropylamino-6-amino-s-triazine,Total,,0.05,ug/l,False,0.05,,,507,UHL001,Actual,SW,Water,,,Lee,07100009,River/Stream,,40.4620485,-91.5670776
6,10560001,Des Moines River near Keokuk,12/01/2003 07:50:00,AMBIENT,759-94-4,S-Ethyl dipropylthiocarbamate,Total,,0.05,ug/l,False,0.05,,,507,UHL001,Actual,SW,Water,,,Lee,07100009,River/Stream,,40.4620485,-91.5670776
6,10560001,Des Moines River near Keokuk,12/01/2003 07:50:00,AMBIENT,834-12-8,Ametryn,Total,,0.05,ug/l,False,0.05,,,507,UHL001,Actual,SW,Water,,,Lee,07100009,River/Stream,,40.4620485,-91.5670776
6,10560001,Des Moines River near Keokuk,12/01/2003 07:50:00,AMBIENT,87674-68-8,Dimethenamid,Total,,0.05,ug/l,False,0.05,,,507,UHL001,Actual,SW,Water,,,Lee,07100009,River/Stream,,40.4620485,-91.5670776
6,10560001,Des Moines River near Keokuk,01/20/2004 10:30:00,AMBIENT,7782-44-7,Dissolved oxygen (DO),Total,,14.5,mg/l,True,0.1,,,4500-O-G,,Actual,SW,Water,,,Lee,07100009,River/Stream,,40.4620485,-91.5670776
6,10560001,Des Moines River near Keokuk,01/20/2004 10:30:00,AMBIENT,PHOSP-PHOSP,Phosphate-phosphorus (as P),Total,,0.31,mg/l,True,0.02,,,365.4,UHL001,Actual,SW,Water,,,Lee,07100009,River/Stream,,40.4620485,-91.5670776
6,10560001,Des Moines River near Keokuk,01/20/2004 10:30:00,AMBIENT,14265-44-2,Orthophosphate (as P),Dissolved,,0.18,mg/l,True,0.02,,,365.1,UHL001,Actual,SW,Water,,,Lee,07100009,River/Stream,,40.4620485,-91.5670776
6,10560001,Des Moines River near Keokuk,01/20/2004 10:30:00,AMBIENT,7631-86-9,Silica,Dissolved,,2.2,mg/l,True,1,,,370.1,UHL001,Actual,SW,Water,,,Lee,07100009,River/Stream,,40.4620485,-91.5670776
6,10560001,Des Moines River near Keokuk,01/20/2004 10:30:00,AMBIENT,TDS,Total dissolved solids,Dissolved,,440,mg/l,True,1,,,160.1,UHL001,Actual,SW,Water,,,Lee,07100009,River/Stream,,40.4620485,-91.5670776
6,10560001,Des Moines River near Keokuk,01/20/2004 10:30:00,AMBIENT,TSS,Total suspended solids,NonFilt,,20,mg/l,True,1,,,I3765,UHL001,Actual,SW,Water,,,Lee,07100009,River/Stream,,40.4620485,-91.5670776
6,10560001,Des Moines River near Keokuk,01/20/2004 10:30:00,AMBIENT,SPEC-COND,Specific conductance,Total,,700,uS/cm,True,1,,,2510,UHL001,Actual,SW,Water,,,Lee,07100009,River/Stream,,40.4620485,-91.5670776
6,10560001,Des Moines River near Keokuk,01/20/2004 10:30:00,AMBIENT,14808-79-8,Sulfate (as SO4),Total,,86,mg/l,True,1,,,300(A),UHL001,Actual,SW,Water,,,Lee,07100009,River/Stream,,40.4620485,-91.5670776
6,10560001,Des Moines River near Keokuk,01/20/2004 10:30:00,AMBIENT,TURB,Turbidity,Total,,20,NTU,True,1,,,180.1,UHL001,Actual,SW,Water,,,Lee,07100009,River/Stream,,40.4620485,-91.5670776
6,10560001,Des Moines River near Keokuk,02/05/2004 10:00:00,AMBIENT,7782-44-7,Dissolved oxygen (DO),Total,,15.1,mg/l,True,0.1,,,4500-O-G,,Actual,SW,Water,,,Lee,07100009,River/Stream,,40.4620485,-91.5670776
6,10560001,Des Moines River near Keokuk,02/05/2004 10:00:00,AMBIENT,PH,pH,Total,,8.6,None,True,,,,4500-H,,Actual,SW,Water,,,Lee,07100009,River/Stream,,40.4620485,-91.5670776
6,10560001,Des Moines River near Keokuk,02/05/2004 10:00:00,AMBIENT,TEMP-WATER,"Temperature, water",Total,,0.4,deg C,True,0,,,2550,,Actual,SW,Water,,,Lee,07100009,River/Stream,,40.4620485,-91.5670776
6,10560001,Des Moines River near Keokuk,02/05/2004 10:00:00,AMBIENT,1007-28-9,2-Choro-6-ethylamino-4-amino-s-triazine,Total,,0.05,ug/l,False,0.05,,,507,UHL001,Actual,SW,Water,,,Lee,07100009,River/Stream,,40.4620485,-91.5670776
6,10560001,Des Moines River near Keokuk,02/05/2004 10:00:00,AMBIENT,122-34-9,Simazine,Total,,0.05,ug/l,False,0.05,,,507,UHL001,Actual,SW,Water,,,Lee,07100009,River/Stream,,40.4620485,-91.5670776
6,10560001,Des Moines River near Keokuk,02/05/2004 10:00:00,AMBIENT,139-40-2,Propazine,Total,,0.05,ug/l,False,0.05,,,507,UHL001,Actual,SW,Water,,,Lee,07100009,River/Stream,,40.4620485,-91.5670776
6,10560001,Des Moines River near Keokuk,02/05/2004 10:00:00,AMBIENT,1582-09-8,Trifluralin,Total,,0.05,ug/l,False,0.05,,,507,UHL001,Actual,SW,Water,,,Lee,07100009,River/Stream,,40.4620485,-91.5670776
6,10560001,Des Moines River near Keokuk,02/05/2004 10:00:00,AMBIENT,15972-60-8,Alachlor,Total,,0.05,ug/l,False,0.05,,,507,UHL001,Actual,SW,Water,,,Lee,07100009,River/Stream,,40.4620485,-91.5670776
6,10560001,Des Moines River near Keokuk,02/05/2004 10:00:00,AMBIENT,1610-18-0,Prometon,Total,,0.05,ug/l,False,0.05,,,507,UHL001,Actual,SW,Water,,,Lee,07100009,River/Stream,,40.4620485,-91.5670776
6,10560001,Des Moines River near Keokuk,02/05/2004 10:00:00,AMBIENT,1912-24-9,Atrazine,Total,,0.12,ug/l,True,0.05,,,507,UHL001,Actual,SW,Water,,,Lee,07100009,River/Stream,,40.4620485,-91.5670776
6,10560001,Des Moines River near Keokuk,02/05/2004 10:00:00,AMBIENT,1918-16-7,Propachlor,Total,,0.1,ug/l,False,0.1,,,507,UHL001,Actual,SW,Water,,,Lee,07100009,River/Stream,,40.4620485,-91.5670776
6,10560001,Des Moines River near Keokuk,02/05/2004 10:00:00,AMBIENT,2008-41-5,Butylate,Total,,0.05,ug/l,False,0.05,,,507,UHL001,Actual,SW,Water,,,Lee,07100009,River/Stream,,40.4620485,-91.5670776
6,10560001,Des Moines River near Keokuk,02/05/2004 10:00:00,AMBIENT,21087-64-9,Metribuzin,Total,,0.05,ug/l,False,0.05,,,507,UHL001,Actual,SW,Water,,,Lee,07100009,River/Stream,,40.4620485,-91.5670776
6,10560001,Des Moines River near Keokuk,02/05/2004 10:00:00,AMBIENT,21725-46-2,Cyanazine,Total,,0.05,ug/l,False,0.05,,,507,UHL001,Actual,SW,Water,,,Lee,07100009,River/Stream,,40.4620485,-91.5670776
6,10560001,Des Moines River near Keokuk,02/05/2004 10:00:00,AMBIENT,34256-82-1,Acetochlor,Total,,0.12,ug/l,True,0.05,,,507,UHL001,Actual,SW,Water,,,Lee,07100009,River/Stream,,40.4620485,-91.5670776
6,10560001,Des Moines River near Keokuk,02/05/2004 10:00:00,AMBIENT,40487-42-1,Pendimethalin,Total,,1.5,ug/l,True,0.05,,,507,UHL001,Actual,SW,Water,,,Lee,07100009,River/Stream,,40.4620485,-91.5670776
6,10560001,Des Moines River near Keokuk,02/05/2004 10:00:00,AMBIENT,51218-45-2,Metolachlor,Total,,0.1,ug/l,False,0.1,,,507,UHL001,Actual,SW,Water,,,Lee,07100009,River/Stream,,40.4620485,-91.5670776
6,10560001,Des Moines River near Keokuk,02/05/2004 10:00:00,AMBIENT,6190-65-4,2-Chloro-4-isopropylamino-6-amino-s-triazine,Total,,0.05,ug/l,False,0.05,,,507,UHL001,Actual,SW,Water,,,Lee,07100009,River/Stream,,40.4620485,-91.5670776
6,10560001,Des Moines River near Keokuk,02/05/2004 10:00:00,AMBIENT,759-94-4,S-Ethyl dipropylthiocarbamate,Total,,0.05,ug/l,False,0.05,,,507,UHL001,Actual,SW,Water,,,Lee,07100009,River/Stream,,40.4620485,-91.5670776
6,10560001,Des Moines River near Keokuk,02/05/2004 10:00:00,AMBIENT,834-12-8,Ametryn,Total,,0.05,ug/l,False,0.05,,,507,UHL001,Actual,SW,Water,,,Lee,07100009,River/Stream,,40.4620485,-91.5670776
6,10560001,Des Moines River near Keokuk,02/05/2004 10:00:00,AMBIENT,87674-68-8,Dimethenamid,Total,,0.3,ug/l,False,0.3,,,507,UHL001,Actual,SW,Water,,,Lee,07100009,River/Stream,,40.4620485,-91.5670776
6,10560001,Des Moines River near Keokuk,02/05/2004 10:00:00,AMBIENT,CBOD-SC,"Carbonaceous biochemical oxygen demand, standard conditions",Total,,2,mg/l,True,2,,,UnknownBOD,UHL001,Actual,SW,Water,,,Lee,07100009,River/Stream,,40.4620485,-91.5670776
6,10560001,Des Moines River near Keokuk,02/05/2004 10:00:00,AMBIENT,7440-44-0,Carbon,Total,,6.8,mg/l,True,0.5,,,415.1,UHL001,Actual,SW,Water,,,Lee,07100009,River/Stream,,40.4620485,-91.5670776
6,10560001,Des Moines River near Keokuk,02/05/2004 10:00:00,AMBIENT,16887-00-6,Chloride,Total,,56,mg/l,True,1,,,325.3,UHL001,Actual,SW,Water,,,Lee,07100009,River/Stream,,40.4620485,-91.5670776
6,10560001,Des Moines River near Keokuk,02/05/2004 10:00:00,AMBIENT,11003-45-5,Chlorophyll c,NonFilt,,6,ug/l,True,1,,,10200-H,UHL001,Actual,SW,Water,,,Lee,07100009,River/Stream,,40.4620485,-91.5670776
6,10560001,Des Moines River near Keokuk,02/05/2004 10:00:00,AMBIENT,479-61-8,Chlorophyll a,NonFilt,,60,ug/l,True,1,,,10200-H,UHL001,Actual,SW,Water,,,Lee,07100009,River/Stream,,40.4620485,-91.5670776
6,10560001,Des Moines River near Keokuk,02/05/2004 10:00:00,AMBIENT,519-62-0,Chlorophyll b,NonFilt,,1,ug/l,False,1,,,10200-H,UHL001,Actual,SW,Water,,,Lee,07100009,River/Stream,,40.4620485,-91.5670776
6,10560001,Des Moines River near Keokuk,02/05/2004 10:00:00,AMBIENT,CLR-A-UCP,"Chlorophyll a, uncorrected for pheophytin",NonFilt,,61,ug/l,True,1,,,10200-H,UHL001,Actual,SW,Water,,,Lee,07100009,River/Stream,,40.4620485,-91.5670776
6,10560001,Des Moines River near Keokuk,02/05/2004 10:00:00,AMBIENT,ENTERO,Enterococcus,Total,,10,MPN/100ml,False,10,,,1600,UHL001,Actual,SW,Water,,,Lee,07100009,River/Stream,,40.4620485,-91.5670776
6,10560001,Des Moines River near Keokuk,02/05/2004 10:00:00,AMBIENT,68583-22-2,Escherichia coli,Total,,10,MPN/100ml,True,10,,,APHA 9222 G,UHL001,Actual,SW,Water,,,Lee,07100009,River/Stream,,40.4620485,-91.5670776
6,10560001,Des Moines River near Keokuk,02/05/2004 10:00:00,AMBIENT,FEC-COL,Fecal Coliform,Total,,20,MPN/100ml,True,10,,,9222-D,UHL001,Actual,SW,Water,,,Lee,07100009,River/Stream,,40.4620485,-91.5670776
6,10560001,Des Moines River near Keokuk,02/05/2004 10:00:00,AMBIENT,HARD-CARB,"Hardness, carbonate",Total,,350,mg/l,True,1,,,Unknown,UHL001,Actual,SW,Water,,,Lee,07100009,River/Stream,,40.4620485,-91.5670776
6,10560001,Des Moines River near Keokuk,02/05/2004 10:00:00,AMBIENT,NIT-AMM,Ammonia-nitrogen (as N),Total,,0.05,mg/l,False,0.05,,,350.1,UHL001,Actual,SW,Water,,,Lee,07100009,River/Stream,,40.4620485,-91.5670776
6,10560001,Des Moines River near Keokuk,02/05/2004 10:00:00,AMBIENT,NIT-KJELD,Kjeldahl nitrogen (AS N),Total,,0.78,mg/l,True,0.05,,,Unknown,UHL001,Actual,SW,Water,,,Lee,07100009,River/Stream,,40.4620485,-91.5670776
6,10560001,Des Moines River near Keokuk,02/05/2004 10:00:00,AMBIENT,NIT-NO3-NO2,Inorganic nitrogen (nitrate and nitrite) (as N),Total,,2.5,mg/l,True,0.1,,,353.2,UHL001,Actual,SW,Water,,,Lee,07100009,River/Stream,,40.4620485,-91.5670776
6,10560001,Des Moines River near Keokuk,02/05/2004 10:00:00,AMBIENT,603-17-8,Pheophytin a,NonFilt,,1,ug/l,False,1,,,10200H(2),UHL001,Actual,SW,Water,,,Lee,07100009,River/Stream,,40.4620485,-91.5670776
6,10560001,Des Moines River near Keokuk,02/05/2004 10:00:00,AMBIENT,PHOSP-PHOSP,Phosphate-phosphorus (as P),Total,,0.34,mg/l,True,0.02,,,365.4,UHL001,Actual,SW,Water,,,Lee,07100009,River/Stream,,40.4620485,-91.5670776
6,10560001,Des Moines River near Keokuk,02/05/2004 10:00:00,AMBIENT,14265-44-2,Orthophosphate (as P),Dissolved,,0.26,mg/l,True,0.02,,,365.1,UHL001,Actual,SW,Water,,,Lee,07100009,River/Stream,,40.4620485,-91.5670776
6,10560001,Des Moines River near Keokuk,02/05/2004 10:00:00,AMBIENT,7631-86-9,Silica,Dissolved,,4.4,mg/l,True,1,,,370.1,UHL001,Actual,SW,Water,,,Lee,07100009,River/Stream,,40.4620485,-91.5670776
6,10560001,Des Moines River near Keokuk,03/01/2004 07:35:00,AMBIENT,7631-86-9,Silica,Dissolved,,6,mg/l,True,1,,,370.1,UHL001,Actual,SW,Water,,,Lee,07100009,River/Stream,,40.4620485,-91.5670776
6,10560001,Des Moines River near Keokuk,03/01/2004 07:35:00,AMBIENT,TDS,Total dissolved solids,Dissolved,,420,mg/l,True,1,,,160.1,UHL001,Actual,SW,Water,,,Lee,07100009,River/Stream,,40.4620485,-91.5670776
6,10560001,Des Moines River near Keokuk,03/01/2004 07:35:00,AMBIENT,TSS,Total suspended solids,NonFilt,,91,mg/l,True,1,,,I3765,UHL001,Actual,SW,Water,,,Lee,07100009,River/Stream,,40.4620485,-91.5670776
6,10560001,Des Moines River near Keokuk,03/01/2004 07:35:00,AMBIENT,SPEC-COND,Specific conductance,Total,,680,uS/cm,True,1,,,2510,UHL001,Actual,SW,Water,,,Lee,07100009,River/Stream,,40.4620485,-91.5670776
6,10560001,Des Moines River near Keokuk,03/01/2004 07:35:00,AMBIENT,14808-79-8,Sulfate (as SO4),Total,,69,mg/l,True,1.5,,,300(A),UHL001,Actual,SW,Water,,,Lee,07100009,River/Stream,,40.4620485,-91.5670776
6,10560001,Des Moines River near Keokuk,03/01/2004 07:35:00,AMBIENT,TURB,Turbidity,Total,,41,NTU,True,1,,,180.1,UHL001,Actual,SW,Water,,,Lee,07100009,River/Stream,,40.4620485,-91.5670776
6,10560001,Des Moines River near Keokuk,04/01/2004 09:00:00,AMBIENT,7782-44-7,Dissolved oxygen (DO),Total,,11.1,mg/l,True,0.1,,,4500-O-G,,Actual,SW,Water,,,Lee,07100009,River/Stream,,40.4620485,-91.5670776
6,10560001,Des Moines River near Keokuk,04/01/2004 09:00:00,AMBIENT,FLOW,Flow,Total,,15000,cfs,True,0.1,,,USGS CA8,,Actual,SW,Water,,,Lee,07100009,River/Stream,,40.4620485,-91.5670776
6,10560001,Des Moines River near Keokuk,04/01/2004 09:00:00,AMBIENT,PH,pH,Total,,8,None,True,,,,4500-H,,Actual,SW,Water,,,Lee,07100009,River/Stream,,40.4620485,-91.5670776
6,10560001,Des Moines River near Keokuk,04/01/2004 09:00:00,AMBIENT,TEMP-WATER,"Temperature, water",Total,,10,deg C,True,0,,,2550,,Actual,SW,Water,,,Lee,07100009,River/Stream,,40.4620485,-91.5670776
6,10560001,Des Moines River near Keokuk,04/01/2004 09:00:00,AMBIENT,1007-28-9,2-Choro-6-ethylamino-4-amino-s-triazine,Total,,0.05,ug/l,False,0.05,,,507,UHL001,Actual,SW,Water,,,Lee,07100009,River/Stream,,40.4620485,-91.5670776
6,10560001,Des Moines River near Keokuk,04/01/2004 09:00:00,AMBIENT,122-34-9,Simazine,Total,,0.05,ug/l,False,0.05,,,507,UHL001,Actual,SW,Water,,,Lee,07100009,River/Stream,,40.4620485,-91.5670776
6,10560001,Des Moines River near Keokuk,04/01/2004 09:00:00,AMBIENT,139-40-2,Propazine,Total,,0.05,ug/l,False,0.05,,,507,UHL001,Actual,SW,Water,,,Lee,07100009,River/Stream,,40.4620485,-91.5670776
6,10560001,Des Moines River near Keokuk,04/01/2004 09:00:00,AMBIENT,1582-09-8,Trifluralin,Total,,0.05,ug/l,False,0.05,,,507,UHL001,Actual,SW,Water,,,Lee,07100009,River/Stream,,40.4620485,-91.5670776
6,10560001,Des Moines River near Keokuk,04/01/2004 09:00:00,AMBIENT,15972-60-8,Alachlor,Total,,0.05,ug/l,False,0.05,,,507,UHL001,Actual,SW,Water,,,Lee,07100009,River/Stream,,40.4620485,-91.5670776
6,10560001,Des Moines River near Keokuk,04/01/2004 09:00:00,AMBIENT,1610-18-0,Prometon,Total,,0.05,ug/l,False,0.05,,,507,UHL001,Actual,SW,Water,,,Lee,07100009,River/Stream,,40.4620485,-91.5670776
6,10560001,Des Moines River near Keokuk,04/01/2004 09:00:00,AMBIENT,1912-24-9,Atrazine,Total,,0.08,ug/l,True,0.05,,,507,UHL001,Actual,SW,Water,,,Lee,07100009,River/Stream,,40.4620485,-91.5670776
6,10560001,Des Moines River near Keokuk,04/01/2004 09:00:00,AMBIENT,1918-16-7,Propachlor,Total,,0.05,ug/l,False,0.05,,,507,UHL001,Actual,SW,Water,,,Lee,07100009,River/Stream,,40.4620485,-91.5670776
6,10560001,Des Moines River near Keokuk,04/01/2004 09:00:00,AMBIENT,2008-41-5,Butylate,Total,,0.05,ug/l,False,0.05,,,507,UHL001,Actual,SW,Water,,,Lee,07100009,River/Stream,,40.4620485,-91.5670776
6,10560001,Des Moines River near Keokuk,04/01/2004 09:00:00,AMBIENT,21087-64-9,Metribuzin,Total,,0.05,ug/l,False,0.05,,,507,UHL001,Actual,SW,Water,,,Lee,07100009,River/Stream,,40.4620485,-91.5670776
6,10560001,Des Moines River near Keokuk,04/01/2004 09:00:00,AMBIENT,21725-46-2,Cyanazine,Total,,0.05,ug/l,False,0.05,,,507,UHL001,Actual,SW,Water,,,Lee,07100009,River/Stream,,40.4620485,-91.5670776
6,10560001,Des Moines River near Keokuk,04/01/2004 09:00:00,AMBIENT,34256-82-1,Acetochlor,Total,,0.062,ug/l,True,0.05,,,507,UHL001,Actual,SW,Water,,,Lee,07100009,River/Stream,,40.4620485,-91.5670776
6,10560001,Des Moines River near Keokuk,04/01/2004 09:00:00,AMBIENT,51218-45-2,Metolachlor,Total,,0.64,ug/l,True,0.05,,,507,UHL001,Actual,SW,Water,,,Lee,07100009,River/Stream,,40.4620485,-91.5670776
6,10560001,Des Moines River near Keokuk,04/01/2004 09:00:00,AMBIENT,6190-65-4,2-Chloro-4-isopropylamino-6-amino-s-triazine,Total,,0.05,ug/l,False,0.05,,,507,UHL001,Actual,SW,Water,,,Lee,07100009,River/Stream,,40.4620485,-91.5670776
6,10560001,Des Moines River near Keokuk,04/01/2004 09:00:00,AMBIENT,759-94-4,S-Ethyl dipropylthiocarbamate,Total,,0.05,ug/l,False,0.05,,,507,UHL001,Actual,SW,Water,,,Lee,07100009,River/Stream,,40.4620485,-91.5670776
6,10560001,Des Moines River near Keokuk,04/01/2004 09:00:00,AMBIENT,834-12-8,Ametryn,Total,,0.05,ug/l,False,0.05,,,507,UHL001,Actual,SW,Water,,,Lee,07100009,River/Stream,,40.4620485,-91.5670776
6,10560001,Des Moines River near Keokuk,04/01/2004 09:00:00,AMBIENT,87674-68-8,Dimethenamid,Total,,0.05,ug/l,False,0.05,,,507,UHL001,Actual,SW,Water,,,Lee,07100009,River/Stream,,40.4620485,-91.5670776
6,10560001,Des Moines River near Keokuk,04/01/2004 09:00:00,AMBIENT,7440-02-0,Nickel,Total,,50,ug/l,False,50,,,200.8(W),UHL001,Actual,SW,Water,,,Lee,07100009,River/Stream,,40.4620485,-91.5670776
6,10560001,Des Moines River near Keokuk,04/01/2004 09:00:00,AMBIENT,7440-22-4,Silver,Total,,10,ug/l,False,10,,,200.8(W),UHL001,Actual,SW,Water,,,Lee,07100009,River/Stream,,40.4620485,-91.5670776
6,10560001,Des Moines River near Keokuk,04/01/2004 09:00:00,AMBIENT,7440-28-0,Thallium,Total,,0.001,mg/l,False,0.001,,,200.8(W),UHL001,Actual,SW,Water,,,Lee,07100009,River/Stream,,40.4620485,-91.5670776
6,10560001,Des Moines River near Keokuk,04/01/2004 09:00:00,AMBIENT,7440-36-0,Antimony,Total,,0.005,mg/l,False,0.005,,,200.8(W),UHL001,Actual,SW,Water,,,Lee,07100009,River/Stream,,40.4620485,-91.5670776
6,10560001,Des Moines River near Keokuk,04/01/2004 09:00:00,AMBIENT,7440-38-2,Arsenic,Total,,10,ug/l,False,10,,,200.8(W),UHL001,Actual,SW,Water,,,Lee,07100009,River/Stream,,40.4620485,-91.5670776
6,10560001,Des Moines River near Keokuk,04/01/2004 09:00:00,AMBIENT,7440-41-7,Beryllium,Total,,0.02,mg/l,False,0.02,,,200.8(W),UHL001,Actual,SW,Water,,,Lee,07100009,River/Stream,,40.4620485,-91.5670776
6,10560001,Des Moines River near Keokuk,04/01/2004 09:00:00,AMBIENT,7440-66-6,Zinc,Total,,20,ug/l,False,20,,,200.8(W),UHL001,Actual,SW,Water,,,Lee,07100009,River/Stream,,40.4620485,-91.5670776
6,10560001,Des Moines River near Keokuk,04/01/2004 09:00:00,AMBIENT,7782-49-2,Selenium,Total,,10,ug/l,False,10,,,200.8(W),UHL001,Actual,SW,Water,,,Lee,07100009,River/Stream,,40.4620485,-91.5670776
6,10560001,Des Moines River near Keokuk,04/01/2004 09:00:00,AMBIENT,CBOD-SC,"Carbonaceous biochemical oxygen demand, standard conditions",Total,,2,mg/l,False,2,,,UnknownBOD,UHL001,Actual,SW,Water,,,Lee,07100009,River/Stream,,40.4620485,-91.5670776
6,10560001,Des Moines River near Keokuk,04/01/2004 09:00:00,AMBIENT,7439-92-1,Lead,Total,,10,ug/l,False,10,,,3113-B,UHL001,Actual,SW,Water,,,Lee,07100009,River/Stream,,40.4620485,-91.5670776
6,10560001,Des Moines River near Keokuk,04/01/2004 09:00:00,AMBIENT,7440-43-9,Cadmium,Total,,1,ug/l,False,1,,,3113-B,UHL001,Actual,SW,Water,,,Lee,07100009,River/Stream,,40.4620485,-91.5670776
6,10560001,Des Moines River near Keokuk,04/01/2004 09:00:00,AMBIENT,7440-44-0,Carbon,Total,,9.7,mg/l,True,0.5,,,415.1,UHL001,Actual,SW,Water,,,Lee,07100009,River/Stream,,40.4620485,-91.5670776
6,10560001,Des Moines River near Keokuk,04/01/2004 09:00:00,AMBIENT,16887-00-6,Chloride,Total,,26,mg/l,True,1,,,325.3,UHL001,Actual,SW,Water,,,Lee,07100009,River/Stream,,40.4620485,-91.5670776
6,10560001,Des Moines River near Keokuk,04/01/2004 09:00:00,AMBIENT,11003-45-5,Chlorophyll c,NonFilt,,1,ug/l,False,1,,,10200-H,UHL001,Actual,SW,Water,,,Lee,07100009,River/Stream,,40.4620485,-91.5670776
6,10560001,Des Moines River near Keokuk,04/01/2004 09:00:00,AMBIENT,479-61-8,Chlorophyll a,NonFilt,,10,ug/l,True,1,,,10200-H,UHL001,Actual,SW,Water,,,Lee,07100009,River/Stream,,40.4620485,-91.5670776
6,10560001,Des Moines River near Keokuk,04/01/2004 09:00:00,AMBIENT,519-62-0,Chlorophyll b,NonFilt,,1,ug/l,False,1,,,10200-H,UHL001,Actual,SW,Water,,,Lee,07100009,River/Stream,,40.4620485,-91.5670776
6,10560001,Des Moines River near Keokuk,04/01/2004 09:00:00,AMBIENT,CLR-A-UCP,"Chlorophyll a, uncorrected for pheophytin",NonFilt,,15,ug/l,True,1,,,10200-H,UHL001,Actual,SW,Water,,,Lee,07100009,River/Stream,,40.4620485,-91.5670776
6,10560001,Des Moines River near Keokuk,04/01/2004 09:00:00,AMBIENT,7440-47-3,Chromium,Total,,20,ug/l,False,20,,,200.7(W),UHL001,Actual,SW,Water,,,Lee,07100009,River/Stream,,40.4620485,-91.5670776
6,10560001,Des Moines River near Keokuk,04/01/2004 09:00:00,AMBIENT,7440-50-8,Copper,Total,,10,ug/l,False,10,,,200.7(W),UHL001,Actual,SW,Water,,,Lee,07100009,River/Stream,,40.4620485,-91.5670776
6,10560001,Des Moines River near Keokuk,04/01/2004 09:00:00,AMBIENT,57-12-5,Cyanide,Total,,0.01,mg/l,False,0.01,,,335.2,UHL001,Actual,SW,Water,,,Lee,07100009,River/Stream,,40.4620485,-91.5670776
6,10560001,Des Moines River near Keokuk,04/01/2004 09:00:00,AMBIENT,ENTERO,Enterococcus,Total,,250,MPN/100ml,True,10,,,1600,UHL001,Actual,SW,Water,,,Lee,07100009,River/Stream,,40.4620485,-91.5670776
6,10560001,Des Moines River near Keokuk,04/01/2004 09:00:00,AMBIENT,68583-22-2,Escherichia coli,Total,,580,MPN/100ml,True,10,,,APHA 9222 G,UHL001,Actual,SW,Water,,,Lee,07100009,River/Stream,,40.4620485,-91.5670776
6,10560001,Des Moines River near Keokuk,04/01/2004 09:00:00,AMBIENT,FEC-COL,Fecal Coliform,Total,,830,MPN/100ml,True,10,,,9222-D,UHL001,Actual,SW,Water,,,Lee,07100009,River/Stream,,40.4620485,-91.5670776
6,10560001,Des Moines River near Keokuk,04/01/2004 09:00:00,AMBIENT,HARD-CARB,"Hardness, carbonate",Total,,220,mg/l,True,1,,,Unknown,UHL001,Actual,SW,Water,,,Lee,07100009,River/Stream,,40.4620485,-91.5670776
6,10560001,Des Moines River near Keokuk,05/05/2004 12:00:00,AMBIENT,603-17-8,Pheophytin a,NonFilt,,2,ug/l,True,1,,,10200H(2),UHL001,Actual,SW,Water,,,Lee,07100009,River/Stream,,40.4620485,-91.5670776
6,10560001,Des Moines River near Keokuk,05/05/2004 12:00:00,AMBIENT,PHOSP-PHOSP,Phosphate-phosphorus (as P),Total,,0.24,mg/l,True,0.02,,,365.4,UHL001,Actual,SW,Water,,,Lee,07100009,River/Stream,,40.4620485,-91.5670776
6,10560001,Des Moines River near Keokuk,05/05/2004 12:00:00,AMBIENT,14265-44-2,Orthophosphate (as P),Dissolved,,0.1,mg/l,True,0.02,,,365.1,UHL001,Actual,SW,Water,,,Lee,07100009,River/Stream,,40.4620485,-91.5670776
6,10560001,Des Moines River near Keokuk,05/05/2004 12:00:00,AMBIENT,7631-86-9,Silica,Dissolved,,3.3,mg/l,True,1,,,370.1,UHL001,Actual,SW,Water,,,Lee,07100009,River/Stream,,40.4620485,-91.5670776
6,10560001,Des Moines River near Keokuk,05/05/2004 12:00:00,AMBIENT,TDS,Total dissolved solids,Dissolved,,350,mg/l,True,1,,,160.1,UHL001,Actual,SW,Water,,,Lee,07100009,River/Stream,,40.4620485,-91.5670776
6,10560001,Des Moines River near Keokuk,05/05/2004 12:00:00,AMBIENT,TSS,Total suspended solids,NonFilt,,86,mg/l,True,1,,,I3765,UHL001,Actual,SW,Water,,,Lee,07100009,River/Stream,,40.4620485,-91.5670776
6,10560001,Des Moines River near Keokuk,05/05/2004 12:00:00,AMBIENT,SPEC-COND,Specific conductance,Total,,610,uS/cm,True,1,,,2510,UHL001,Actual,SW,Water,,,Lee,07100009,River/Stream,,40.4620485,-91.5670776
6,10560001,Des Moines River near Keokuk,05/05/2004 12:00:00,AMBIENT,14808-79-8,Sulfate (as SO4),Total,,51,mg/l,True,1,,,300(A),UHL001,Actual,SW,Water,,,Lee,07100009,River/Stream,,40.4620485,-91.5670776
6,10560001,Des Moines River near Keokuk,05/05/2004 12:00:00,AMBIENT,TURB,Turbidity,Total,,43,NTU,True,1,,,180.1,UHL001,Actual,SW,Water,,,Lee,07100009,River/Stream,,40.4620485,-91.5670776
6,10560001,Des Moines River near Keokuk,06/02/2004 07:15:00,AMBIENT,TEMP-WATER,"Temperature, water",Total,,20.2,deg C,True,0,,,2550,,Actual,SW,Water,,,Lee,07100009,River/Stream,,40.4620485,-91.5670776
6,10560001,Des Moines River near Keokuk,06/02/2004 07:15:00,AMBIENT,120-36-5,Dichlorprop,Total,,1,ug/l,False,1,,,515.1,UHL001,Actual,SW,Water,,,Lee,07100009,River/Stream,,40.4620485,-91.5670776
6,10560001,Des Moines River near Keokuk,06/02/2004 07:15:00,AMBIENT,133-90-4,Chloramben,Total,,0.5,ug/l,False,0.5,,,515.1,UHL001,Actual,SW,Water,,,Lee,07100009,River/Stream,,40.4620485,-91.5670776
6,10560001,Des Moines River near Keokuk,06/02/2004 07:15:00,AMBIENT,1689-84-5,Bromoxynil,Total,,0.2,ug/l,False,0.2,,,515.1,UHL001,Actual,SW,Water,,,Lee,07100009,River/Stream,,40.4620485,-91.5670776
6,10560001,Des Moines River near Keokuk,06/02/2004 07:15:00,AMBIENT,1861-32-1,Chlorthal-dimethyl,Total,,0.2,ug/l,False,0.2,,,515.1,UHL001,Actual,SW,Water,,,Lee,07100009,River/Stream,,40.4620485,-91.5670776
6,10560001,Des Moines River near Keokuk,06/02/2004 07:15:00,AMBIENT,1918-00-9,Dicamba,Total,,0.5,ug/l,False,0.5,,,515.1,UHL001,Actual,SW,Water,,,Lee,07100009,River/Stream,,40.4620485,-91.5670776
6,10560001,Des Moines River near Keokuk,06/02/2004 07:15:00,AMBIENT,1918-02-01,Picloram,Total,,0.5,ug/l,False,0.5,,,515.1,UHL001,Actual,SW,Water,,,Lee,07100009,River/Stream,,40.4620485,-91.5670776
6,10560001,Des Moines River near Keokuk,06/02/2004 07:15:00,AMBIENT,25057-89-0,Bentazon,Total,,1,ug/l,False,1,,,515.1,UHL001,Actual,SW,Water,,,Lee,07100009,River/Stream,,40.4620485,-91.5670776
6,10560001,Des Moines River near Keokuk,06/02/2004 07:15:00,AMBIENT,50594-66-6,Acifluorfen,Total,,0.2,ug/l,False,0.2,,,515.1,UHL001,Actual,SW,Water,,,Lee,07100009,River/Stream,,40.4620485,-91.5670776
6,10560001,Des Moines River near Keokuk,06/02/2004 07:15:00,AMBIENT,55335-06-3,Triclopyr,Total,,0.2,ug/l,False,0.2,,,515.1,UHL001,Actual,SW,Water,,,Lee,07100009,River/Stream,,40.4620485,-91.5670776
6,10560001,Des Moines River near Keokuk,06/02/2004 07:15:00,AMBIENT,88-85-7,Dinoseb,Total,,0.5,ug/l,False,0.5,,,515.1,UHL001,Actual,SW,Water,,,Lee,07100009,River/Stream,,40.4620485,-91.5670776
6,10560001,Des Moines River near Keokuk,06/02/2004 07:15:00,AMBIENT,93-72-1,Silvex,Total,,0.2,ug/l,False,0.2,,,515.1,UHL001,Actual,SW,Water,,,Lee,07100009,River/Stream,,40.4620485,-91.5670776
6,10560001,Des Moines River near Keokuk,06/02/2004 07:15:00,AMBIENT,93-76-5,"2,4,5-T",Total,,0.2,ug/l,False,0.2,,,515.1,UHL001,Actual,SW,Water,,,Lee,07100009,River/Stream,,40.4620485,-91.5670776
6,10560001,Des Moines River near Keokuk,06/02/2004 07:15:00,AMBIENT,94-75-7,"2,4-D",Total,,1,ug/l,False,1,,,515.1,UHL001,Actual,SW,Water,,,Lee,07100009,River/Stream,,40.4620485,-91.5670776
6,10560001,Des Moines River near Keokuk,06/02/2004 07:15:00,AMBIENT,94-82-6,"2,4-DB",Total,,1,ug/l,False,1,,,515.1,UHL001,Actual,SW,Water,,,Lee,07100009,River/Stream,,40.4620485,-91.5670776
6,10560001,Des Moines River near Keokuk,06/02/2004 07:15:00,AMBIENT,1007-28-9,2-Choro-6-ethylamino-4-amino-s-triazine,Total,,0.13,ug/l,True,0.05,,,507,UHL001,Actual,SW,Water,,,Lee,07100009,River/Stream,,40.4620485,-91.5670776
6,10560001,Des Moines River near Keokuk,06/02/2004 07:15:00,AMBIENT,121-75-5,Malathion,Total,,0.05,ug/l,False,0.05,,,507,UHL001,Actual,SW,Water,,,Lee,07100009,River/Stream,,40.4620485,-91.5670776
6,10560001,Des Moines River near Keokuk,06/02/2004 07:15:00,AMBIENT,122-34-9,Simazine,Total,,0.05,ug/l,False,0.05,,,507,UHL001,Actual,SW,Water,,,Lee,07100009,River/Stream,,40.4620485,-91.5670776
6,10560001,Des Moines River near Keokuk,06/02/2004 07:15:00,AMBIENT,13071-79-9,Terbufos,Total,,0.05,ug/l,False,0.05,,,507,UHL001,Actual,SW,Water,,,Lee,07100009,River/Stream,,40.4620485,-91.5670776
6,10560001,Des Moines River near Keokuk,06/02/2004 07:15:00,AMBIENT,13194-48-4,Ethoprop,Total,,0.05,ug/l,False,0.05,,,507,UHL001,Actual,SW,Water,,,Lee,07100009,River/Stream,,40.4620485,-91.5670776
6,10560001,Des Moines River near Keokuk,06/02/2004 07:15:00,AMBIENT,139-40-2,Propazine,Total,,0.051,ug/l,True,0.05,,,507,UHL001,Actual,SW,Water,,,Lee,07100009,River/Stream,,40.4620485,-91.5670776
6,10560001,Des Moines River near Keokuk,06/02/2004 07:15:00,AMBIENT,1563-66-2,Carbofuran,Total,,0.05,ug/l,False,0.05,,,507,UHL001,Actual,SW,Water,,,Lee,07100009,River/Stream,,40.4620485,-91.5670776
6,10560001,Des Moines River near Keokuk,06/02/2004 07:15:00,AMBIENT,1582-09-8,Trifluralin,Total,,0.05,ug/l,False,0.05,,,507,UHL001,Actual,SW,Water,,,Lee,07100009,River/Stream,,40.4620485,-91.5670776
6,10560001,Des Moines River near Keokuk,06/02/2004 07:15:00,AMBIENT,15972-60-8,Alachlor,Total,,0.05,ug/l,False,0.05,,,507,UHL001,Actual,SW,Water,,,Lee,07100009,River/Stream,,40.4620485,-91.5670776
6,10560001,Des Moines River near Keokuk,06/02/2004 07:15:00,AMBIENT,1610-18-0,Prometon,Total,,0.05,ug/l,False,0.05,,,507,UHL001,Actual,SW,Water,,,Lee,07100009,River/Stream,,40.4620485,-91.5670776
6,10560001,Des Moines River near Keokuk,06/02/2004 07:15:00,AMBIENT,1912-24-9,Atrazine,Total,,4.8,ug/l,True,0.05,,,507,UHL001,Actual,SW,Water,,,Lee,07100009,River/Stream,,40.4620485,-91.5670776
6,10560001,Des Moines River near Keokuk,06/02/2004 07:15:00,AMBIENT,1918-16-7,Propachlor,Total,,0.05,ug/l,False,0.05,,,507,UHL001,Actual,SW,Water,,,Lee,07100009,River/Stream,,40.4620485,-91.5670776
6,10560001,Des Moines River near Keokuk,06/02/2004 07:15:00,AMBIENT,2008-41-5,Butylate,Total,,0.05,ug/l,False,0.05,,,507,UHL001,Actual,SW,Water,,,Lee,07100009,River/Stream,,40.4620485,-91.5670776
6,10560001,Des Moines River near Keokuk,06/02/2004 07:15:00,AMBIENT,21087-64-9,Metribuzin,Total,,0.05,ug/l,False,0.05,,,507,UHL001,Actual,SW,Water,,,Lee,07100009,River/Stream,,40.4620485,-91.5670776
6,10560001,Des Moines River near Keokuk,06/02/2004 07:15:00,AMBIENT,21725-46-2,Cyanazine,Total,,0.05,ug/l,False,0.05,,,507,UHL001,Actual,SW,Water,,,Lee,07100009,River/Stream,,40.4620485,-91.5670776
6,10560001,Des Moines River near Keokuk,06/02/2004 07:15:00,AMBIENT,2303-17-5,Triallate,Total,,0.05,ug/l,False,0.05,,,507,UHL001,Actual,SW,Water,,,Lee,07100009,River/Stream,,40.4620485,-91.5670776
6,10560001,Des Moines River near Keokuk,06/02/2004 07:15:00,AMBIENT,23184-66-9,Butachlor,Total,,0.05,ug/l,False,0.05,,,507,UHL001,Actual,SW,Water,,,Lee,07100009,River/Stream,,40.4620485,-91.5670776
6,10560001,Des Moines River near Keokuk,06/02/2004 07:15:00,AMBIENT,25311-71-1,Isofenphos,Total,,0.05,ug/l,False,0.05,,,507,UHL001,Actual,SW,Water,,,Lee,07100009,River/Stream,,40.4620485,-91.5670776
6,10560001,Des Moines River near Keokuk,06/02/2004 07:15:00,AMBIENT,2921-88-2,Chlorpyrifos,Total,,0.05,ug/l,False,0.05,,,507,UHL001,Actual,SW,Water,,,Lee,07100009,River/Stream,,40.4620485,-91.5670776
6,10560001,Des Moines River near Keokuk,06/02/2004 07:15:00,AMBIENT,298-00-0,Methyl parathion,Total,,0.05,ug/l,False,0.05,,,507,UHL001,Actual,SW,Water,,,Lee,07100009,River/Stream,,40.4620485,-91.5670776
6,10560001,Des Moines River near Keokuk,06/02/2004 07:15:00,AMBIENT,298-02-2,Phorate,Total,,0.05,ug/l,False,0.05,,,507,UHL001,Actual,SW,Water,,,Lee,07100009,River/Stream,,40.4620485,-91.5670776
6,10560001,Des Moines River near Keokuk,06/02/2004 07:15:00,AMBIENT,298-04-4,Disulfoton,Total,,0.05,ug/l,False,0.05,,,507,UHL001,Actual,SW,Water,,,Lee,07100009,River/Stream,,40.4620485,-91.5670776
6,10560001,Des Moines River near Keokuk,06/02/2004 07:15:00,AMBIENT,314-40-9,Bromacil,Total,,0.05,ug/l,False,0.05,,,507,UHL001,Actual,SW,Water,,,Lee,07100009,River/Stream,,40.4620485,-91.5670776
6,10560001,Des Moines River near Keokuk,06/02/2004 07:15:00,AMBIENT,333-41-5,Diazinon,Total,,0.05,ug/l,False,0.05,,,507,UHL001,Actual,SW,Water,,,Lee,07100009,River/Stream,,40.4620485,-91.5670776
6,10560001,Des Moines River near Keokuk,06/02/2004 07:15:00,AMBIENT,34256-82-1,Acetochlor,Total,,0.51,ug/l,True,0.05,,,507,UHL001,Actual,SW,Water,,,Lee,07100009,River/Stream,,40.4620485,-91.5670776
6,10560001,Des Moines River near Keokuk,06/02/2004 07:15:00,AMBIENT,40487-42-1,Pendimethalin,Total,,0.05,ug/l,False,0.05,,,507,UHL001,Actual,SW,Water,,,Lee,07100009,River/Stream,,40.4620485,-91.5670776
6,10560001,Des Moines River near Keokuk,06/02/2004 07:15:00,AMBIENT,51218-45-2,Metolachlor,Total,,0.9,ug/l,True,0.05,,,507,UHL001,Actual,SW,Water,,,Lee,07100009,River/Stream,,40.4620485,-91.5670776
6,10560001,Des Moines River near Keokuk,06/02/2004 07:15:00,AMBIENT,56-38-2,Parathion,Total,,0.05,ug/l,False,0.05,,,507,UHL001,Actual,SW,Water,,,Lee,07100009,River/Stream,,40.4620485,-91.5670776
6,10560001,Des Moines River near Keokuk,06/02/2004 07:15:00,AMBIENT,60-51-5,Dimethoate,Total,,0.05,ug/l,False,0.05,,,507,UHL001,Actual,SW,Water,,,Lee,07100009,River/Stream,,40.4620485,-91.5670776
6,10560001,Des Moines River near Keokuk,06/02/2004 07:15:00,AMBIENT,6190-65-4,2-Chloro-4-isopropylamino-6-amino-s-triazine,Total,,0.5,ug/l,True,0.05,,,507,UHL001,Actual,SW,Water,,,Lee,07100009,River/Stream,,40.4620485,-91.5670776
6,10560001,Des Moines River near Keokuk,06/02/2004 07:15:00,AMBIENT,62-73-7,Dichlorvos,Total,,0.05,ug/l,False,0.05,,,507,UHL001,Actual,SW,Water,,,Lee,07100009,River/Stream,,40.4620485,-91.5670776
6,10560001,Des Moines River near Keokuk,06/02/2004 07:15:00,AMBIENT,63-25-2,Carbaryl,Total,,0.05,ug/l,False,0.05,,,507,UHL001,Actual,SW,Water,,,Lee,07100009,River/Stream,,40.4620485,-91.5670776
6,10560001,Des Moines River near Keokuk,06/02/2004 07:15:00,AMBIENT,759-94-4,S-Ethyl dipropylthiocarbamate,Total,,0.05,ug/l,False,0.05,,,507,UHL001,Actual,SW,Water,,,Lee,07100009,River/Stream,,40.4620485,-91.5670776
6,10560001,Des Moines River near Keokuk,06/02/2004 07:15:00,AMBIENT,81777-89-1,Clomazone,Total,,0.05,ug/l,False,0.05,,,507,UHL001,Actual,SW,Water,,,Lee,07100009,River/Stream,,40.4620485,-91.5670776
6,10560001,Des Moines River near Keokuk,06/02/2004 07:15:00,AMBIENT,834-12-8,Ametryn,Total,,0.05,ug/l,False,0.05,,,507,UHL001,Actual,SW,Water,,,Lee,07100009,River/Stream,,40.4620485,-91.5670776
6,10560001,Des Moines River near Keokuk,06/02/2004 07:15:00,AMBIENT,87674-68-8,Dimethenamid,Total,,0.4,ug/l,True,0.05,,,507,UHL001,Actual,SW,Water,,,Lee,07100009,River/Stream,,40.4620485,-91.5670776
6,10560001,Des Moines River near Keokuk,06/02/2004 07:15:00,AMBIENT,944-22-9,Fonofos,Total,,0.05,ug/l,False,0.05,,,507,UHL001,Actual,SW,Water,,,Lee,07100009,River/Stream,,40.4620485,-91.5670776
6,10560001,Des Moines River near Keokuk,06/02/2004 07:15:00,AMBIENT,CBOD-SC,"Carbonaceous biochemical oxygen demand, standard conditions",Total,,2,mg/l,False,2,,,UnknownBOD,UHL001,Actual,SW,Water,,,Lee,07100009,River/Stream,,40.4620485,-91.5670776
6,10560001,Des Moines River near Keokuk,06/02/2004 07:15:00,AMBIENT,7440-44-0,Carbon,Total,,14,mg/l,True,0.5,,,415.1,UHL001,Actual,SW,Water,,,Lee,07100009,River/Stream,,40.4620485,-91.5670776
6,10560001,Des Moines River near Keokuk,06/02/2004 07:15:00,AMBIENT,16887-00-6,Chloride,Total,,12,mg/l,True,1,,,325.3,UHL001,Actual,SW,Water,,,Lee,07100009,River/Stream,,40.4620485,-91.5670776
6,10560001,Des Moines River near Keokuk,06/02/2004 07:15:00,AMBIENT,11003-45-5,Chlorophyll c,NonFilt,,1,ug/l,False,1,,,10200-H,UHL001,Actual,SW,Water,,,Lee,07100009,River/Stream,,40.4620485,-91.5670776
6,10560001,Des Moines River near Keokuk,06/02/2004 07:15:00,AMBIENT,479-61-8,Chlorophyll a,NonFilt,,1,ug/l,False,1,,,10200-H,UHL001,Actual,SW,Water,,,Lee,07100009,River/Stream,,40.4620485,-91.5670776
6,10560001,Des Moines River near Keokuk,06/02/2004 07:15:00,AMBIENT,519-62-0,Chlorophyll b,NonFilt,,1,ug/l,False,1,,,10200-H,UHL001,Actual,SW,Water,,,Lee,07100009,River/Stream,,40.4620485,-91.5670776
6,10560001,Des Moines River near Keokuk,06/02/2004 07:15:00,AMBIENT,CLR-A-UCP,"Chlorophyll a, uncorrected for pheophytin",NonFilt,,1,ug/l,False,1,,,10200-H,UHL001,Actual,SW,Water,,,Lee,07100009,River/Stream,,40.4620485,-91.5670776
6,10560001,Des Moines River near Keokuk,06/02/2004 07:15:00,AMBIENT,ENTERO,Enterococcus,Total,,600,MPN/100ml,True,10,,,1600,UHL001,Actual,SW,Water,,,Lee,07100009,River/Stream,,40.4620485,-91.5670776
6,10560001,Des Moines River near Keokuk,06/02/2004 07:15:00,AMBIENT,68583-22-2,Escherichia coli,Total,,1500,MPN/100ml,True,10,,,APHA 9222 G,UHL001,Actual,SW,Water,,,Lee,07100009,River/Stream,,40.4620485,-91.5670776
6,10560001,Des Moines River near Keokuk,06/02/2004 07:15:00,AMBIENT,FEC-COL,Fecal Coliform,Total,,1500,MPN/100ml,True,10,,,9222-D,UHL001,Actual,SW,Water,,,Lee,07100009,River/Stream,,40.4620485,-91.5670776
6,10560001,Des Moines River near Keokuk,06/02/2004 07:15:00,AMBIENT,HARD-CARB,"Hardness, carbonate",Total,,150,mg/l,True,1,,,Unknown,UHL001,Actual,SW,Water,,,Lee,07100009,River/Stream,,40.4620485,-91.5670776
6,10560001,Des Moines River near Keokuk,06/02/2004 07:15:00,AMBIENT,NIT-AMM,Ammonia-nitrogen (as N),Total,,0.05,mg/l,False,0.05,,,350.1,UHL001,Actual,SW,Water,,,Lee,07100009,River/Stream,,40.4620485,-91.5670776
6,10560001,Des Moines River near Keokuk,06/02/2004 07:15:00,AMBIENT,NIT-KJELD,Kjeldahl nitrogen (AS N),Total,,1.3,mg/l,True,0.05,,,Unknown,UHL001,Actual,SW,Water,,,Lee,07100009,River/Stream,,40.4620485,-91.5670776
6,10560001,Des Moines River near Keokuk,06/02/2004 07:15:00,AMBIENT,NIT-NO3-NO2,Inorganic nitrogen (nitrate and nitrite) (as N),Total,,4.7,mg/l,True,0.05,,,353.2,UHL001,Actual,SW,Water,,,Lee,07100009,River/Stream,,40.4620485,-91.5670776
6,10560001,Des Moines River near Keokuk,06/02/2004 07:15:00,AMBIENT,87-86-5,Pentachlorophenol,Total,,0.5,ug/l,False,0.5,,,515.3,UHL001,Actual,SW,Water,,,Lee,07100009,River/Stream,,40.4620485,-91.5670776
6,10560001,Des Moines River near Keokuk,06/02/2004 07:15:00,AMBIENT,603-17-8,Pheophytin a,NonFilt,,28,ug/l,True,1,,,10200H(2),UHL001,Actual,SW,Water,,,Lee,07100009,River/Stream,,40.4620485,-91.5670776
6,10560001,Des Moines River near Keokuk,06/02/2004 07:15:00,AMBIENT,PHOSP-PHOSP,Phosphate-phosphorus (as P),Total,,0.55,mg/l,True,0.05,,,365.4,UHL001,Actual,SW,Water,,,Lee,07100009,River/Stream,,40.4620485,-91.5670776
6,10560001,Des Moines River near Keokuk,06/02/2004 07:15:00,AMBIENT,14265-44-2,Orthophosphate (as P),Dissolved,,0.11,mg/l,True,0.02,,,365.1,UHL001,Actual,SW,Water,,,Lee,07100009,River/Stream,,40.4620485,-91.5670776
6,10560001,Des Moines River near Keokuk,06/02/2004 07:15:00,AMBIENT,7631-86-9,Silica,Dissolved,,10,mg/l,True,1,,,370.1,UHL001,Actual,SW,Water,,,Lee,07100009,River/Stream,,40.4620485,-91.5670776
6,10560001,Des Moines River near Keokuk,06/02/2004 07:15:00,AMBIENT,TDS,Total dissolved solids,Dissolved,,250,mg/l,True,1,,,160.1,UHL001,Actual,SW,Water,,,Lee,07100009,River/Stream,,40.4620485,-91.5670776
6,10560001,Des Moines River near Keokuk,06/02/2004 07:15:00,AMBIENT,TSS,Total suspended solids,NonFilt,,440,mg/l,True,1,,,I3765,UHL001,Actual,SW,Water,,,Lee,07100009,River/Stream,,40.4620485,-91.5670776
6,10560001,Des Moines River near Keokuk,07/01/2004 11:00:00,AMBIENT,120-36-5,Dichlorprop,Total,,1,ug/l,False,1,,,515.1,UHL001,Actual,SW,Water,,,Lee,07100009,River/Stream,,40.4620485,-91.5670776
6,10560001,Des Moines River near Keokuk,07/01/2004 11:00:00,AMBIENT,133-90-4,Chloramben,Total,,0.5,ug/l,False,0.5,,,515.1,UHL001,Actual,SW,Water,,,Lee,07100009,River/Stream,,40.4620485,-91.5670776
6,10560001,Des Moines River near Keokuk,07/01/2004 11:00:00,AMBIENT,1689-84-5,Bromoxynil,Total,,0.2,ug/l,False,0.2,,,515.1,UHL001,Actual,SW,Water,,,Lee,07100009,River/Stream,,40.4620485,-91.5670776
6,10560001,Des Moines River near Keokuk,07/01/2004 11:00:00,AMBIENT,1861-32-1,Chlorthal-dimethyl,Total,,0.2,ug/l,False,0.2,,,515.1,UHL001,Actual,SW,Water,,,Lee,07100009,River/Stream,,40.4620485,-91.5670776
6,10560001,Des Moines River near Keokuk,07/01/2004 11:00:00,AMBIENT,1918-00-9,Dicamba,Total,,0.5,ug/l,False,0.5,,,515.1,UHL001,Actual,SW,Water,,,Lee,07100009,River/Stream,,40.4620485,-91.5670776
6,10560001,Des Moines River near Keokuk,07/01/2004 11:00:00,AMBIENT,1918-02-01,Picloram,Total,,0.5,ug/l,False,0.5,,,515.1,UHL001,Actual,SW,Water,,,Lee,07100009,River/Stream,,40.4620485,-91.5670776
6,10560001,Des Moines River near Keokuk,07/01/2004 11:00:00,AMBIENT,25057-89-0,Bentazon,Total,,1,ug/l,False,1,,,515.1,UHL001,Actual,SW,Water,,,Lee,07100009,River/Stream,,40.4620485,-91.5670776
6,10560001,Des Moines River near Keokuk,07/01/2004 11:00:00,AMBIENT,50594-66-6,Acifluorfen,Total,,0.2,ug/l,False,0.2,,,515.1,UHL001,Actual,SW,Water,,,Lee,07100009,River/Stream,,40.4620485,-91.5670776
6,10560001,Des Moines River near Keokuk,07/01/2004 11:00:00,AMBIENT,55335-06-3,Triclopyr,Total,,0.2,ug/l,False,0.2,,,515.1,UHL001,Actual,SW,Water,,,Lee,07100009,River/Stream,,40.4620485,-91.5670776
6,10560001,Des Moines River near Keokuk,07/01/2004 11:00:00,AMBIENT,88-85-7,Dinoseb,Total,,0.5,ug/l,False,0.5,,,515.1,UHL001,Actual,SW,Water,,,Lee,07100009,River/Stream,,40.4620485,-91.5670776
6,10560001,Des Moines River near Keokuk,07/01/2004 11:00:00,AMBIENT,93-72-1,Silvex,Total,,0.2,ug/l,False,0.2,,,515.1,UHL001,Actual,SW,Water,,,Lee,07100009,River/Stream,,40.4620485,-91.5670776
6,10560001,Des Moines River near Keokuk,07/01/2004 11:00:00,AMBIENT,93-76-5,"2,4,5-T",Total,,0.2,ug/l,False,0.2,,,515.1,UHL001,Actual,SW,Water,,,Lee,07100009,River/Stream,,40.4620485,-91.5670776
6,10560001,Des Moines River near Keokuk,07/01/2004 11:00:00,AMBIENT,94-75-7,"2,4-D",Total,,1,ug/l,False,1,,,515.1,UHL001,Actual,SW,Water,,,Lee,07100009,River/Stream,,40.4620485,-91.5670776
6,10560001,Des Moines River near Keokuk,07/01/2004 11:00:00,AMBIENT,94-82-6,"2,4-DB",Total,,1,ug/l,False,1,,,515.1,UHL001,Actual,SW,Water,,,Lee,07100009,River/Stream,,40.4620485,-91.5670776
6,10560001,Des Moines River near Keokuk,07/01/2004 11:00:00,AMBIENT,1007-28-9,2-Choro-6-ethylamino-4-amino-s-triazine,Total,,0.05,ug/l,False,0.05,,,507,UHL001,Actual,SW,Water,,,Lee,07100009,River/Stream,,40.4620485,-91.5670776
6,10560001,Des Moines River near Keokuk,07/01/2004 11:00:00,AMBIENT,121-75-5,Malathion,Total,,0.05,ug/l,False,0.05,,,507,UHL001,Actual,SW,Water,,,Lee,07100009,River/Stream,,40.4620485,-91.5670776
6,10560001,Des Moines River near Keokuk,07/01/2004 11:00:00,AMBIENT,122-34-9,Simazine,Total,,0.05,ug/l,False,0.05,,,507,UHL001,Actual,SW,Water,,,Lee,07100009,River/Stream,,40.4620485,-91.5670776
6,10560001,Des Moines River near Keokuk,07/01/2004 11:00:00,AMBIENT,13071-79-9,Terbufos,Total,,0.05,ug/l,False,0.05,,,507,UHL001,Actual,SW,Water,,,Lee,07100009,River/Stream,,40.4620485,-91.5670776
6,10560001,Des Moines River near Keokuk,07/01/2004 11:00:00,AMBIENT,13194-48-4,Ethoprop,Total,,0.05,ug/l,False,0.05,,,507,UHL001,Actual,SW,Water,,,Lee,07100009,River/Stream,,40.4620485,-91.5670776
6,10560001,Des Moines River near Keokuk,07/01/2004 11:00:00,AMBIENT,139-40-2,Propazine,Total,,0.05,ug/l,False,0.05,,,507,UHL001,Actual,SW,Water,,,Lee,07100009,River/Stream,,40.4620485,-91.5670776
6,10560001,Des Moines River near Keokuk,07/01/2004 11:00:00,AMBIENT,1563-66-2,Carbofuran,Total,,0.05,ug/l,False,0.05,,,507,UHL001,Actual,SW,Water,,,Lee,07100009,River/Stream,,40.4620485,-91.5670776
6,10560001,Des Moines River near Keokuk,07/01/2004 11:00:00,AMBIENT,1582-09-8,Trifluralin,Total,,0.05,ug/l,False,0.05,,,507,UHL001,Actual,SW,Water,,,Lee,07100009,River/Stream,,40.4620485,-91.5670776
6,10560001,Des Moines River near Keokuk,07/01/2004 11:00:00,AMBIENT,15972-60-8,Alachlor,Total,,0.05,ug/l,False,0.05,,,507,UHL001,Actual,SW,Water,,,Lee,07100009,River/Stream,,40.4620485,-91.5670776
6,10560001,Des Moines River near Keokuk,07/01/2004 11:00:00,AMBIENT,1610-18-0,Prometon,Total,,0.05,ug/l,False,0.05,,,507,UHL001,Actual,SW,Water,,,Lee,07100009,River/Stream,,40.4620485,-91.5670776
6,10560001,Des Moines River near Keokuk,07/01/2004 11:00:00,AMBIENT,1912-24-9,Atrazine,Total,,1.4,ug/l,True,0.05,,,507,UHL001,Actual,SW,Water,,,Lee,07100009,River/Stream,,40.4620485,-91.5670776
6,10560001,Des Moines River near Keokuk,07/01/2004 11:00:00,AMBIENT,1918-16-7,Propachlor,Total,,0.05,ug/l,False,0.05,,,507,UHL001,Actual,SW,Water,,,Lee,07100009,River/Stream,,40.4620485,-91.5670776
6,10560001,Des Moines River near Keokuk,07/01/2004 11:00:00,AMBIENT,2008-41-5,Butylate,Total,,0.05,ug/l,False,0.05,,,507,UHL001,Actual,SW,Water,,,Lee,07100009,River/Stream,,40.4620485,-91.5670776
6,10560001,Des Moines River near Keokuk,07/01/2004 11:00:00,AMBIENT,21087-64-9,Metribuzin,Total,,0.05,ug/l,False,0.05,,,507,UHL001,Actual,SW,Water,,,Lee,07100009,River/Stream,,40.4620485,-91.5670776
6,10560001,Des Moines River near Keokuk,07/01/2004 11:00:00,AMBIENT,21725-46-2,Cyanazine,Total,,0.05,ug/l,False,0.05,,,507,UHL001,Actual,SW,Water,,,Lee,07100009,River/Stream,,40.4620485,-91.5670776
6,10560001,Des Moines River near Keokuk,07/01/2004 11:00:00,AMBIENT,2303-17-5,Triallate,Total,,0.05,ug/l,False,0.05,,,507,UHL001,Actual,SW,Water,,,Lee,07100009,River/Stream,,40.4620485,-91.5670776
6,10560001,Des Moines River near Keokuk,07/01/2004 11:00:00,AMBIENT,23184-66-9,Butachlor,Total,,0.05,ug/l,False,0.05,,,507,UHL001,Actual,SW,Water,,,Lee,07100009,River/Stream,,40.4620485,-91.5670776
6,10560001,Des Moines River near Keokuk,07/01/2004 11:00:00,AMBIENT,25311-71-1,Isofenphos,Total,,0.05,ug/l,False,0.05,,,507,UHL001,Actual,SW,Water,,,Lee,07100009,River/Stream,,40.4620485,-91.5670776
6,10560001,Des Moines River near Keokuk,07/01/2004 11:00:00,AMBIENT,2921-88-2,Chlorpyrifos,Total,,0.05,ug/l,False,0.05,,,507,UHL001,Actual,SW,Water,,,Lee,07100009,River/Stream,,40.4620485,-91.5670776
6,10560001,Des Moines River near Keokuk,07/01/2004 11:00:00,AMBIENT,298-00-0,Methyl parathion,Total,,0.05,ug/l,False,0.05,,,507,UHL001,Actual,SW,Water,,,Lee,07100009,River/Stream,,40.4620485,-91.5670776
6,10560001,Des Moines River near Keokuk,07/01/2004 11:00:00,AMBIENT,298-02-2,Phorate,Total,,0.05,ug/l,False,0.05,,,507,UHL001,Actual,SW,Water,,,Lee,07100009,River/Stream,,40.4620485,-91.5670776
6,10560001,Des Moines River near Keokuk,07/01/2004 11:00:00,AMBIENT,298-04-4,Disulfoton,Total,,0.05,ug/l,False,0.05,,,507,UHL001,Actual,SW,Water,,,Lee,07100009,River/Stream,,40.4620485,-91.5670776
6,10560001,Des Moines River near Keokuk,07/01/2004 11:00:00,AMBIENT,314-40-9,Bromacil,Total,,0.05,ug/l,False,0.05,,,507,UHL001,Actual,SW,Water,,,Lee,07100009,River/Stream,,40.4620485,-91.5670776
6,10560001,Des Moines River near Keokuk,07/01/2004 11:00:00,AMBIENT,333-41-5,Diazinon,Total,,0.05,ug/l,False,0.05,,,507,UHL001,Actual,SW,Water,,,Lee,07100009,River/Stream,,40.4620485,-91.5670776
6,10560001,Des Moines River near Keokuk,07/01/2004 11:00:00,AMBIENT,34256-82-1,Acetochlor,Total,,0.34,ug/l,True,0.05,,,507,UHL001,Actual,SW,Water,,,Lee,07100009,River/Stream,,40.4620485,-91.5670776
6,10560001,Des Moines River near Keokuk,07/01/2004 11:00:00,AMBIENT,40487-42-1,Pendimethalin,Total,,0.05,ug/l,False,0.05,,,507,UHL001,Actual,SW,Water,,,Lee,07100009,River/Stream,,40.4620485,-91.5670776
6,10560001,Des Moines River near Keokuk,07/01/2004 11:00:00,AMBIENT,51218-45-2,Metolachlor,Total,,0.29,ug/l,True,0.05,,,507,UHL001,Actual,SW,Water,,,Lee,07100009,River/Stream,,40.4620485,-91.5670776
6,10560001,Des Moines River near Keokuk,07/01/2004 11:00:00,AMBIENT,56-38-2,Parathion,Total,,0.05,ug/l,False,0.05,,,507,UHL001,Actual,SW,Water,,,Lee,07100009,River/Stream,,40.4620485,-91.5670776
6,10560001,Des Moines River near Keokuk,07/01/2004 11:00:00,AMBIENT,60-51-5,Dimethoate,Total,,0.05,ug/l,False,0.05,,,507,UHL001,Actual,SW,Water,,,Lee,07100009,River/Stream,,40.4620485,-91.5670776
6,10560001,Des Moines River near Keokuk,07/01/2004 11:00:00,AMBIENT,6190-65-4,2-Chloro-4-isopropylamino-6-amino-s-triazine,Total,,0.19,ug/l,True,0.05,,,507,UHL001,Actual,SW,Water,,,Lee,07100009,River/Stream,,40.4620485,-91.5670776
6,10560001,Des Moines River near Keokuk,07/01/2004 11:00:00,AMBIENT,62-73-7,Dichlorvos,Total,,0.05,ug/l,False,0.05,,,507,UHL001,Actual,SW,Water,,,Lee,07100009,River/Stream,,40.4620485,-91.5670776
6,10560001,Des Moines River near Keokuk,07/01/2004 11:00:00,AMBIENT,63-25-2,Carbaryl,Total,,0.05,ug/l,False,0.05,,,507,UHL001,Actual,SW,Water,,,Lee,07100009,River/Stream,,40.4620485,-91.5670776
6,10560001,Des Moines River near Keokuk,07/01/2004 11:00:00,AMBIENT,759-94-4,S-Ethyl dipropylthiocarbamate,Total,,0.05,ug/l,False,0.05,,,507,UHL001,Actual,SW,Water,,,Lee,07100009,River/Stream,,40.4620485,-91.5670776
6,10560001,Des Moines River near Keokuk,07/01/2004 11:00:00,AMBIENT,81777-89-1,Clomazone,Total,,0.05,ug/l,False,0.05,,,507,UHL001,Actual,SW,Water,,,Lee,07100009,River/Stream,,40.4620485,-91.5670776
6,10560001,Des Moines River near Keokuk,07/01/2004 11:00:00,AMBIENT,834-12-8,Ametryn,Total,,0.05,ug/l,False,0.05,,,507,UHL001,Actual,SW,Water,,,Lee,07100009,River/Stream,,40.4620485,-91.5670776
6,10560001,Des Moines River near Keokuk,07/01/2004 11:00:00,AMBIENT,87674-68-8,Dimethenamid,Total,,0.074,ug/l,True,0.05,,,507,UHL001,Actual,SW,Water,,,Lee,07100009,River/Stream,,40.4620485,-91.5670776
6,10560001,Des Moines River near Keokuk,07/01/2004 11:00:00,AMBIENT,944-22-9,Fonofos,Total,,0.05,ug/l,False,0.05,,,507,UHL001,Actual,SW,Water,,,Lee,07100009,River/Stream,,40.4620485,-91.5670776
6,10560001,Des Moines River near Keokuk,07/01/2004 11:00:00,AMBIENT,7440-02-0,Nickel,Total,,50,ug/l,False,50,,,200.8(W),UHL001,Actual,SW,Water,,,Lee,07100009,River/Stream,,40.4620485,-91.5670776
6,10560001,Des Moines River near Keokuk,07/01/2004 11:00:00,AMBIENT,7440-22-4,Silver,Total,,10,ug/l,False,10,,,200.8(W),UHL001,Actual,SW,Water,,,Lee,07100009,River/Stream,,40.4620485,-91.5670776
6,10560001,Des Moines River near Keokuk,07/01/2004 11:00:00,AMBIENT,7440-28-0,Thallium,Total,,0.001,mg/l,False,0.001,,,200.8(W),UHL001,Actual,SW,Water,,,Lee,07100009,River/Stream,,40.4620485,-91.5670776
6,10560001,Des Moines River near Keokuk,07/01/2004 11:00:00,AMBIENT,7440-36-0,Antimony,Total,,0.005,mg/l,False,0.005,,,200.8(W),UHL001,Actual,SW,Water,,,Lee,07100009,River/Stream,,40.4620485,-91.5670776
6,10560001,Des Moines River near Keokuk,07/01/2004 11:00:00,AMBIENT,7440-38-2,Arsenic,Total,,10,ug/l,False,10,,,200.8(W),UHL001,Actual,SW,Water,,,Lee,07100009,River/Stream,,40.4620485,-91.5670776
6,10560001,Des Moines River near Keokuk,07/01/2004 11:00:00,AMBIENT,7440-41-7,Beryllium,Total,,0.02,mg/l,False,0.02,,,200.8(W),UHL001,Actual,SW,Water,,,Lee,07100009,River/Stream,,40.4620485,-91.5670776
6,10560001,Des Moines River near Keokuk,07/01/2004 11:00:00,AMBIENT,7440-66-6,Zinc,Total,,20,ug/l,False,20,,,200.8(W),UHL001,Actual,SW,Water,,,Lee,07100009,River/Stream,,40.4620485,-91.5670776
6,10560001,Des Moines River near Keokuk,07/01/2004 11:00:00,AMBIENT,7782-49-2,Selenium,Total,,10,ug/l,False,10,,,200.8(W),UHL001,Actual,SW,Water,,,Lee,07100009,River/Stream,,40.4620485,-91.5670776
6,10560001,Des Moines River near Keokuk,07/01/2004 11:00:00,AMBIENT,CBOD-SC,"Carbonaceous biochemical oxygen demand, standard conditions",Total,,3,mg/l,True,2,,,UnknownBOD,UHL001,Actual,SW,Water,,,Lee,07100009,River/Stream,,40.4620485,-91.5670776
6,10560001,Des Moines River near Keokuk,07/01/2004 11:00:00,AMBIENT,7439-92-1,Lead,Total,,10,ug/l,False,10,,,3113-B,UHL001,Actual,SW,Water,,,Lee,07100009,River/Stream,,40.4620485,-91.5670776
6,10560001,Des Moines River near Keokuk,07/01/2004 11:00:00,AMBIENT,7440-43-9,Cadmium,Total,,1,ug/l,False,1,,,3113-B,UHL001,Actual,SW,Water,,,Lee,07100009,River/Stream,,40.4620485,-91.5670776
6,10560001,Des Moines River near Keokuk,07/01/2004 11:00:00,AMBIENT,7440-44-0,Carbon,Total,,5.3,mg/l,True,0.5,,,415.1,UHL001,Actual,SW,Water,,,Lee,07100009,River/Stream,,40.4620485,-91.5670776
6,10560001,Des Moines River near Keokuk,07/01/2004 11:00:00,AMBIENT,16887-00-6,Chloride,Total,,19,mg/l,True,1,,,325.3,UHL001,Actual,SW,Water,,,Lee,07100009,River/Stream,,40.4620485,-91.5670776
6,10560001,Des Moines River near Keokuk,07/01/2004 11:00:00,AMBIENT,11003-45-5,Chlorophyll c,NonFilt,,2,ug/l,True,1,,,10200-H,UHL001,Actual,SW,Water,,,Lee,07100009,River/Stream,,40.4620485,-91.5670776
6,10560001,Des Moines River near Keokuk,07/01/2004 11:00:00,AMBIENT,479-61-8,Chlorophyll a,NonFilt,,30,ug/l,True,1,,,10200-H,UHL001,Actual,SW,Water,,,Lee,07100009,River/Stream,,40.4620485,-91.5670776
6,10560001,Des Moines River near Keokuk,07/01/2004 11:00:00,AMBIENT,519-62-0,Chlorophyll b,NonFilt,,2,ug/l,True,1,,,10200-H,UHL001,Actual,SW,Water,,,Lee,07100009,River/Stream,,40.4620485,-91.5670776
6,10560001,Des Moines River near Keokuk,07/01/2004 11:00:00,AMBIENT,CLR-A-UCP,"Chlorophyll a, uncorrected for pheophytin",NonFilt,,33,ug/l,True,1,,,10200-H,UHL001,Actual,SW,Water,,,Lee,07100009,River/Stream,,40.4620485,-91.5670776
6,10560001,Des Moines River near Keokuk,07/01/2004 11:00:00,AMBIENT,7440-47-3,Chromium,Total,,20,ug/l,False,20,,,200.7(W),UHL001,Actual,SW,Water,,,Lee,07100009,River/Stream,,40.4620485,-91.5670776
6,10560001,Des Moines River near Keokuk,07/01/2004 11:00:00,AMBIENT,7440-50-8,Copper,Total,,10,ug/l,False,10,,,200.7(W),UHL001,Actual,SW,Water,,,Lee,07100009,River/Stream,,40.4620485,-91.5670776
6,10560001,Des Moines River near Keokuk,07/01/2004 11:00:00,AMBIENT,57-12-5,Cyanide,Total,,0.01,mg/l,False,0.01,,,335.2,UHL001,Actual,SW,Water,,,Lee,07100009,River/Stream,,40.4620485,-91.5670776
6,10560001,Des Moines River near Keokuk,07/01/2004 11:00:00,AMBIENT,ENTERO,Enterococcus,Total,,91,MPN/100ml,True,10,,,1600,UHL001,Actual,SW,Water,,,Lee,07100009,River/Stream,,40.4620485,-91.5670776
6,10560001,Des Moines River near Keokuk,07/01/2004 11:00:00,AMBIENT,68583-22-2,Escherichia coli,Total,,210,MPN/100ml,True,10,,,APHA 9222 G,UHL001,Actual,SW,Water,,,Lee,07100009,River/Stream,,40.4620485,-91.5670776
6,10560001,Des Moines River near Keokuk,07/01/2004 11:00:00,AMBIENT,FEC-COL,Fecal Coliform,Total,,210,MPN/100ml,True,10,,,9222-D,UHL001,Actual,SW,Water,,,Lee,07100009,River/Stream,,40.4620485,-91.5670776
6,10560001,Des Moines River near Keokuk,07/01/2004 11:00:00,AMBIENT,HARD-CARB,"Hardness, carbonate",Total,,260,mg/l,True,1,,,Unknown,UHL001,Actual,SW,Water,,,Lee,07100009,River/Stream,,40.4620485,-91.5670776
6,10560001,Des Moines River near Keokuk,07/01/2004 11:00:00,AMBIENT,7439-97-6,Mercury,Total,,5E-05,mg/l,False,0.00005,,,245.1,UHL001,Actual,SW,Water,,,Lee,07100009,River/Stream,,40.4620485,-91.5670776
6,10560001,Des Moines River near Keokuk,07/01/2004 11:00:00,AMBIENT,NIT-AMM,Ammonia-nitrogen (as N),Total,,0.05,mg/l,False,0.05,,,350.1,UHL001,Actual,SW,Water,,,Lee,07100009,River/Stream,,40.4620485,-91.5670776
6,10560001,Des Moines River near Keokuk,07/01/2004 11:00:00,AMBIENT,NIT-KJELD,Kjeldahl nitrogen (AS N),Total,,0.95,mg/l,True,0.05,,,Unknown,UHL001,Actual,SW,Water,,,Lee,07100009,River/Stream,,40.4620485,-91.5670776
6,10560001,Des Moines River near Keokuk,07/01/2004 11:00:00,AMBIENT,NIT-NO3-NO2,Inorganic nitrogen (nitrate and nitrite) (as N),Total,,10,mg/l,True,0.05,,,353.2,UHL001,Actual,SW,Water,,,Lee,07100009,River/Stream,,40.4620485,-91.5670776
6,10560001,Des Moines River near Keokuk,07/01/2004 11:00:00,AMBIENT,87-86-5,Pentachlorophenol,Total,,0.5,ug/l,False,0.5,,,515.3,UHL001,Actual,SW,Water,,,Lee,07100009,River/Stream,,40.4620485,-91.5670776
6,10560001,Des Moines River near Keokuk,07/01/2004 11:00:00,AMBIENT,603-17-8,Pheophytin a,NonFilt,,3,ug/l,True,1,,,10200H(2),UHL001,Actual,SW,Water,,,Lee,07100009,River/Stream,,40.4620485,-91.5670776
6,10560001,Des Moines River near Keokuk,07/01/2004 11:00:00,AMBIENT,PHOSP-PHOSP,Phosphate-phosphorus (as P),Total,,0.27,mg/l,True,0.02,,,365.4,UHL001,Actual,SW,Water,,,Lee,07100009,River/Stream,,40.4620485,-91.5670776
6,10560001,Des Moines River near Keokuk,08/02/2004 08:45:00,AMBIENT,TDS,Total dissolved solids,Dissolved,,360,mg/l,True,1,,,160.1,UHL001,Actual,SW,Water,,,Lee,07100009,River/Stream,,40.4620485,-91.5670776
6,10560001,Des Moines River near Keokuk,08/02/2004 08:45:00,AMBIENT,TSS,Total suspended solids,NonFilt,,100,mg/l,True,1,,,I3765,UHL001,Actual,SW,Water,,,Lee,07100009,River/Stream,,40.4620485,-91.5670776
6,10560001,Des Moines River near Keokuk,08/02/2004 08:45:00,AMBIENT,SPEC-COND,Specific conductance,Total,,620,uS/cm,True,1,,,2510,UHL001,Actual,SW,Water,,,Lee,07100009,River/Stream,,40.4620485,-91.5670776
6,10560001,Des Moines River near Keokuk,08/02/2004 08:45:00,AMBIENT,14808-79-8,Sulfate (as SO4),Total,,52,mg/l,True,1,,,300(A),UHL001,Actual,SW,Water,,,Lee,07100009,River/Stream,,40.4620485,-91.5670776
6,10560001,Des Moines River near Keokuk,08/02/2004 08:45:00,AMBIENT,TURB,Turbidity,Total,,53,NTU,True,1,,,180.1,UHL001,Actual,SW,Water,,,Lee,07100009,River/Stream,,40.4620485,-91.5670776
6,10560001,Des Moines River near Keokuk,09/01/2004 09:30:00,AMBIENT,7782-44-7,Dissolved oxygen (DO),Total,,7,mg/l,True,0.1,,,4500-O-G,,Actual,SW,Water,,,Lee,07100009,River/Stream,,40.4620485,-91.5670776
6,10560001,Des Moines River near Keokuk,09/01/2004 09:30:00,AMBIENT,FLOW,Flow,Total,,9600,cfs,True,0.1,,,USGS CA8,,Actual,SW,Water,,,Lee,07100009,River/Stream,,40.4620485,-91.5670776
6,10560001,Des Moines River near Keokuk,09/01/2004 09:30:00,AMBIENT,PH,pH,Total,,8.1,None,True,,,,4500-H,,Actual,SW,Water,,,Lee,07100009,River/Stream,,40.4620485,-91.5670776
6,10560001,Des Moines River near Keokuk,09/01/2004 09:30:00,AMBIENT,TEMP-WATER,"Temperature, water",Total,,22.7,deg C,True,0,,,2550,,Actual,SW,Water,,,Lee,07100009,River/Stream,,40.4620485,-91.5670776
6,10560001,Des Moines River near Keokuk,09/01/2004 09:30:00,AMBIENT,1007-28-9,2-Choro-6-ethylamino-4-amino-s-triazine,Total,,0.05,ug/l,False,0.05,,,507,UHL001,Actual,SW,Water,,,Lee,07100009,River/Stream,,40.4620485,-91.5670776
6,10560001,Des Moines River near Keokuk,09/01/2004 09:30:00,AMBIENT,122-34-9,Simazine,Total,,0.05,ug/l,False,0.05,,,507,UHL001,Actual,SW,Water,,,Lee,07100009,River/Stream,,40.4620485,-91.5670776
6,10560001,Des Moines River near Keokuk,09/01/2004 09:30:00,AMBIENT,139-40-2,Propazine,Total,,0.05,ug/l,False,0.05,,,507,UHL001,Actual,SW,Water,,,Lee,07100009,River/Stream,,40.4620485,-91.5670776
6,10560001,Des Moines River near Keokuk,09/01/2004 09:30:00,AMBIENT,1582-09-8,Trifluralin,Total,,0.05,ug/l,False,0.05,,,507,UHL001,Actual,SW,Water,,,Lee,07100009,River/Stream,,40.4620485,-91.5670776
6,10560001,Des Moines River near Keokuk,09/01/2004 09:30:00,AMBIENT,15972-60-8,Alachlor,Total,,0.05,ug/l,False,0.05,,,507,UHL001,Actual,SW,Water,,,Lee,07100009,River/Stream,,40.4620485,-91.5670776
6,10560001,Des Moines River near Keokuk,09/01/2004 09:30:00,AMBIENT,1610-18-0,Prometon,Total,,0.05,ug/l,False,0.05,,,507,UHL001,Actual,SW,Water,,,Lee,07100009,River/Stream,,40.4620485,-91.5670776
6,10560001,Des Moines River near Keokuk,09/01/2004 09:30:00,AMBIENT,1912-24-9,Atrazine,Total,,0.27,ug/l,True,0.05,,,507,UHL001,Actual,SW,Water,,,Lee,07100009,River/Stream,,40.4620485,-91.5670776
6,10560001,Des Moines River near Keokuk,09/01/2004 09:30:00,AMBIENT,1918-16-7,Propachlor,Total,,0.05,ug/l,False,0.05,,,507,UHL001,Actual,SW,Water,,,Lee,07100009,River/Stream,,40.4620485,-91.5670776
6,10560001,Des Moines River near Keokuk,09/01/2004 09:30:00,AMBIENT,2008-41-5,Butylate,Total,,0.05,ug/l,False,0.05,,,507,UHL001,Actual,SW,Water,,,Lee,07100009,River/Stream,,40.4620485,-91.5670776
6,10560001,Des Moines River near Keokuk,09/01/2004 09:30:00,AMBIENT,21087-64-9,Metribuzin,Total,,0.05,ug/l,False,0.05,,,507,UHL001,Actual,SW,Water,,,Lee,07100009,River/Stream,,40.4620485,-91.5670776
6,10560001,Des Moines River near Keokuk,09/01/2004 09:30:00,AMBIENT,21725-46-2,Cyanazine,Total,,0.05,ug/l,False,0.05,,,507,UHL001,Actual,SW,Water,,,Lee,07100009,River/Stream,,40.4620485,-91.5670776
6,10560001,Des Moines River near Keokuk,09/01/2004 09:30:00,AMBIENT,34256-82-1,Acetochlor,Total,,0.05,ug/l,False,0.05,,,507,UHL001,Actual,SW,Water,,,Lee,07100009,River/Stream,,40.4620485,-91.5670776
6,10560001,Des Moines River near Keokuk,09/01/2004 09:30:00,AMBIENT,51218-45-2,Metolachlor,Total,,0.071,ug/l,True,0.05,,,507,UHL001,Actual,SW,Water,,,Lee,07100009,River/Stream,,40.4620485,-91.5670776
6,10560001,Des Moines River near Keokuk,09/01/2004 09:30:00,AMBIENT,6190-65-4,2-Chloro-4-isopropylamino-6-amino-s-triazine,Total,,0.096,ug/l,True,0.05,,,507,UHL001,Actual,SW,Water,,,Lee,07100009,River/Stream,,40.4620485,-91.5670776
6,10560001,Des Moines River near Keokuk,09/01/2004 09:30:00,AMBIENT,759-94-4,S-Ethyl dipropylthiocarbamate,Total,,0.05,ug/l,False,0.05,,,507,UHL001,Actual,SW,Water,,,Lee,07100009,River/Stream,,40.4620485,-91.5670776
6,10560001,Des Moines River near Keokuk,09/01/2004 09:30:00,AMBIENT,834-12-8,Ametryn,Total,,0.05,ug/l,False,0.05,,,507,UHL001,Actual,SW,Water,,,Lee,07100009,River/Stream,,40.4620485,-91.5670776
6,10560001,Des Moines River near Keokuk,09/01/2004 09:30:00,AMBIENT,87674-68-8,Dimethenamid,Total,,0.05,ug/l,False,0.05,,,507,UHL001,Actual,SW,Water,,,Lee,07100009,River/Stream,,40.4620485,-91.5670776
6,10560001,Des Moines River near Keokuk,09/01/2004 09:30:00,AMBIENT,CBOD-SC,"Carbonaceous biochemical oxygen demand, standard conditions",Total,,2,mg/l,False,2,,,UnknownBOD,UHL001,Actual,SW,Water,,,Lee,07100009,River/Stream,,40.4620485,-91.5670776
6,10560001,Des Moines River near Keokuk,09/01/2004 09:30:00,AMBIENT,7440-44-0,Carbon,Total,,9.8,mg/l,True,0.5,,,415.1,UHL001,Actual,SW,Water,,,Lee,07100009,River/Stream,,40.4620485,-91.5670776
6,10560001,Des Moines River near Keokuk,09/01/2004 09:30:00,AMBIENT,16887-00-6,Chloride,Total,,17,mg/l,True,1,,,325.3,UHL001,Actual,SW,Water,,,Lee,07100009,River/Stream,,40.4620485,-91.5670776
6,10560001,Des Moines River near Keokuk,09/01/2004 09:30:00,AMBIENT,11003-45-5,Chlorophyll c,NonFilt,,1,ug/l,False,1,,,10200-H,UHL001,Actual,SW,Water,,,Lee,07100009,River/Stream,,40.4620485,-91.5670776
6,10560001,Des Moines River near Keokuk,09/01/2004 09:30:00,AMBIENT,479-61-8,Chlorophyll a,NonFilt,,9,ug/l,True,1,,,10200-H,UHL001,Actual,SW,Water,,,Lee,07100009,River/Stream,,40.4620485,-91.5670776
6,10560001,Des Moines River near Keokuk,09/01/2004 09:30:00,AMBIENT,519-62-0,Chlorophyll b,NonFilt,,1,ug/l,False,1,,,10200-H,UHL001,Actual,SW,Water,,,Lee,07100009,River/Stream,,40.4620485,-91.5670776
6,10560001,Des Moines River near Keokuk,09/01/2004 09:30:00,AMBIENT,CLR-A-UCP,"Chlorophyll a, uncorrected for pheophytin",NonFilt,,12,ug/l,True,1,,,10200-H,UHL001,Actual,SW,Water,,,Lee,07100009,River/Stream,,40.4620485,-91.5670776
6,10560001,Des Moines River near Keokuk,09/01/2004 09:30:00,AMBIENT,68583-22-2,Escherichia coli,Total,,1900,MPN/100ml,True,10,,,APHA 9222 G,UHL001,Actual,SW,Water,,,Lee,07100009,River/Stream,,40.4620485,-91.5670776
6,10560001,Des Moines River near Keokuk,09/01/2004 09:30:00,AMBIENT,HARD-CARB,"Hardness, carbonate",Total,,200,mg/l,True,1,,,Unknown,UHL001,Actual,SW,Water,,,Lee,07100009,River/Stream,,40.4620485,-91.5670776
6,10560001,Des Moines River near Keokuk,09/01/2004 09:30:00,AMBIENT,NIT-AMM,Ammonia-nitrogen (as N),Total,,0.05,mg/l,False,0.05,,,350.1,UHL001,Actual,SW,Water,,,Lee,07100009,River/Stream,,40.4620485,-91.5670776
6,10560001,Des Moines River near Keokuk,09/01/2004 09:30:00,AMBIENT,NIT-KJELD,Kjeldahl nitrogen (AS N),Total,,1.1,mg/l,True,0.05,,,Unknown,UHL001,Actual,SW,Water,,,Lee,07100009,River/Stream,,40.4620485,-91.5670776
6,10560001,Des Moines River near Keokuk,10/07/2004 09:15:00,AMBIENT,7782-44-7,Dissolved oxygen (DO),Total,,9,mg/l,True,0.1,,,4500-O-G,,Actual,SW,Water,,,Lee,07100009,River/Stream,,40.4620485,-91.5670776
6,10560001,Des Moines River near Keokuk,10/07/2004 09:15:00,AMBIENT,14265-44-2,Orthophosphate (as P),Dissolved,,0.11,mg/l,True,0.02,,,365.1,UHL001,Actual,SW,Water,,,Lee,07100009,River/Stream,,40.4620485,-91.5670776
6,10560001,Des Moines River near Keokuk,10/07/2004 09:15:00,AMBIENT,7631-86-9,Silica,Dissolved,,12,mg/l,True,1,,,370.1,UHL001,Actual,SW,Water,,,Lee,07100009,River/Stream,,40.4620485,-91.5670776
6,10560001,Des Moines River near Keokuk,10/07/2004 09:15:00,AMBIENT,TDS,Total dissolved solids,Dissolved,,330,mg/l,True,1,,,160.1,UHL001,Actual,SW,Water,,,Lee,07100009,River/Stream,,40.4620485,-91.5670776
6,10560001,Des Moines River near Keokuk,10/07/2004 09:15:00,AMBIENT,TSS,Total suspended solids,NonFilt,,18,mg/l,True,1,,,I3765,UHL001,Actual,SW,Water,,,Lee,07100009,River/Stream,,40.4620485,-91.5670776
6,10560001,Des Moines River near Keokuk,10/07/2004 09:15:00,AMBIENT,SPEC-COND,Specific conductance,Total,,580,uS/cm,True,1,,,2510,UHL001,Actual,SW,Water,,,Lee,07100009,River/Stream,,40.4620485,-91.5670776
6,10560001,Des Moines River near Keokuk,10/07/2004 09:15:00,AMBIENT,14808-79-8,Sulfate (as SO4),Total,,75,mg/l,True,1,,,300(A),UHL001,Actual,SW,Water,,,Lee,07100009,River/Stream,,40.4620485,-91.5670776
6,10560001,Des Moines River near Keokuk,10/07/2004 09:15:00,AMBIENT,TURB,Turbidity,Total,,16,NTU,True,1,,,180.1,UHL001,Actual,SW,Water,,,Lee,07100009,River/Stream,,40.4620485,-91.5670776
6,10560001,Des Moines River near Keokuk,11/11/2004 12:15:00,AMBIENT,7782-44-7,Dissolved oxygen (DO),Total,,10.6,mg/l,True,0.1,,,4500-O-G,,Actual,SW,Water,,,Lee,07100009,River/Stream,,40.4620485,-91.5670776
6,10560001,Des Moines River near Keokuk,11/11/2004 12:15:00,AMBIENT,FLOW,Flow,Total,,2200,cfs,True,0.1,,,USGS CA8,,Actual,SW,Water,,,Lee,07100009,River/Stream,,40.4620485,-91.5670776
6,10560001,Des Moines River near Keokuk,11/11/2004 12:15:00,AMBIENT,PH,pH,Total,,8.3,None,True,,,,4500-H,,Actual,SW,Water,,,Lee,07100009,River/Stream,,40.4620485,-91.5670776
6,10560001,Des Moines River near Keokuk,11/11/2004 12:15:00,AMBIENT,TEMP-WATER,"Temperature, water",Total,,9.9,deg C,True,0,,,2550,,Actual,SW,Water,,,Lee,07100009,River/Stream,,40.4620485,-91.5670776
6,10560001,Des Moines River near Keokuk,11/11/2004 12:15:00,AMBIENT,1007-28-9,2-Choro-6-ethylamino-4-amino-s-triazine,Total,,0.05,ug/l,False,0.05,,,507,UHL001,Actual,SW,Water,,,Lee,07100009,River/Stream,,40.4620485,-91.5670776
6,10560001,Des Moines River near Keokuk,11/11/2004 12:15:00,AMBIENT,122-34-9,Simazine,Total,,0.05,ug/l,False,0.05,,,507,UHL001,Actual,SW,Water,,,Lee,07100009,River/Stream,,40.4620485,-91.5670776
6,10560001,Des Moines River near Keokuk,11/11/2004 12:15:00,AMBIENT,139-40-2,Propazine,Total,,0.05,ug/l,False,0.05,,,507,UHL001,Actual,SW,Water,,,Lee,07100009,River/Stream,,40.4620485,-91.5670776
6,10560001,Des Moines River near Keokuk,11/11/2004 12:15:00,AMBIENT,1582-09-8,Trifluralin,Total,,0.05,ug/l,False,0.05,,,507,UHL001,Actual,SW,Water,,,Lee,07100009,River/Stream,,40.4620485,-91.5670776
6,10560001,Des Moines River near Keokuk,11/11/2004 12:15:00,AMBIENT,15972-60-8,Alachlor,Total,,0.05,ug/l,False,0.05,,,507,UHL001,Actual,SW,Water,,,Lee,07100009,River/Stream,,40.4620485,-91.5670776
6,10560001,Des Moines River near Keokuk,11/11/2004 12:15:00,AMBIENT,1610-18-0,Prometon,Total,,0.05,ug/l,False,0.05,,,507,UHL001,Actual,SW,Water,,,Lee,07100009,River/Stream,,40.4620485,-91.5670776
6,10560001,Des Moines River near Keokuk,11/11/2004 12:15:00,AMBIENT,1912-24-9,Atrazine,Total,,0.11,ug/l,True,0.05,,,507,UHL001,Actual,SW,Water,,,Lee,07100009,River/Stream,,40.4620485,-91.5670776
6,10560001,Des Moines River near Keokuk,11/11/2004 12:15:00,AMBIENT,1918-16-7,Propachlor,Total,,0.05,ug/l,False,0.05,,,507,UHL001,Actual,SW,Water,,,Lee,07100009,River/Stream,,40.4620485,-91.5670776
6,10560001,Des Moines River near Keokuk,11/11/2004 12:15:00,AMBIENT,2008-41-5,Butylate,Total,,0.05,ug/l,False,0.05,,,507,UHL001,Actual,SW,Water,,,Lee,07100009,River/Stream,,40.4620485,-91.5670776
6,10560001,Des Moines River near Keokuk,11/11/2004 12:15:00,AMBIENT,21087-64-9,Metribuzin,Total,,0.05,ug/l,False,0.05,,,507,UHL001,Actual,SW,Water,,,Lee,07100009,River/Stream,,40.4620485,-91.5670776
6,10560001,Des Moines River near Keokuk,11/11/2004 12:15:00,AMBIENT,21725-46-2,Cyanazine,Total,,0.05,ug/l,False,0.05,,,507,UHL001,Actual,SW,Water,,,Lee,07100009,River/Stream,,40.4620485,-91.5670776
6,10560001,Des Moines River near Keokuk,11/11/2004 12:15:00,AMBIENT,34256-82-1,Acetochlor,Total,,0.05,ug/l,False,0.05,,,507,UHL001,Actual,SW,Water,,,Lee,07100009,River/Stream,,40.4620485,-91.5670776
6,10560001,Des Moines River near Keokuk,11/11/2004 12:15:00,AMBIENT,51218-45-2,Metolachlor,Total,,0.05,ug/l,False,0.05,,,507,UHL001,Actual,SW,Water,,,Lee,07100009,River/Stream,,40.4620485,-91.5670776
6,10560001,Des Moines River near Keokuk,11/11/2004 12:15:00,AMBIENT,6190-65-4,2-Chloro-4-isopropylamino-6-amino-s-triazine,Total,,0.05,ug/l,False,0.05,,,507,UHL001,Actual,SW,Water,,,Lee,07100009,River/Stream,,40.4620485,-91.5670776
6,10560001,Des Moines River near Keokuk,11/11/2004 12:15:00,AMBIENT,759-94-4,S-Ethyl dipropylthiocarbamate,Total,,0.05,ug/l,False,0.05,,,507,UHL001,Actual,SW,Water,,,Lee,07100009,River/Stream,,40.4620485,-91.5670776
6,10560001,Des Moines River near Keokuk,11/11/2004 12:15:00,AMBIENT,834-12-8,Ametryn,Total,,0.05,ug/l,False,0.05,,,507,UHL001,Actual,SW,Water,,,Lee,07100009,River/Stream,,40.4620485,-91.5670776
6,10560001,Des Moines River near Keokuk,11/11/2004 12:15:00,AMBIENT,87674-68-8,Dimethenamid,Total,,0.05,ug/l,False,0.05,,,507,UHL001,Actual,SW,Water,,,Lee,07100009,River/Stream,,40.4620485,-91.5670776
6,10560001,Des Moines River near Keokuk,11/11/2004 12:15:00,AMBIENT,CBOD-SC,"Carbonaceous biochemical oxygen demand, standard conditions",Total,,2,mg/l,False,2,,,UnknownBOD,UHL001,Actual,SW,Water,,,Lee,07100009,River/Stream,,40.4620485,-91.5670776
6,10560001,Des Moines River near Keokuk,11/11/2004 12:15:00,AMBIENT,7440-44-0,Carbon,Total,,5.2,mg/l,True,0.5,,,415.1,UHL001,Actual,SW,Water,,,Lee,07100009,River/Stream,,40.4620485,-91.5670776
6,10560001,Des Moines River near Keokuk,11/11/2004 12:15:00,AMBIENT,16887-00-6,Chloride,Total,,29,mg/l,True,1,,,325.3,UHL001,Actual,SW,Water,,,Lee,07100009,River/Stream,,40.4620485,-91.5670776
6,10560001,Des Moines River near Keokuk,11/11/2004 12:15:00,AMBIENT,11003-45-5,Chlorophyll c,NonFilt,,1,ug/l,True,1,,,10200-H,UHL001,Actual,SW,Water,,,Lee,07100009,River/Stream,,40.4620485,-91.5670776
6,10560001,Des Moines River near Keokuk,11/11/2004 12:15:00,AMBIENT,479-61-8,Chlorophyll a,NonFilt,,12,ug/l,True,1,,,10200-H,UHL001,Actual,SW,Water,,,Lee,07100009,River/Stream,,40.4620485,-91.5670776
6,10560001,Des Moines River near Keokuk,11/11/2004 12:15:00,AMBIENT,519-62-0,Chlorophyll b,NonFilt,,1,ug/l,False,1,,,10200-H,UHL001,Actual,SW,Water,,,Lee,07100009,River/Stream,,40.4620485,-91.5670776
6,10560001,Des Moines River near Keokuk,11/11/2004 12:15:00,AMBIENT,CLR-A-UCP,"Chlorophyll a, uncorrected for pheophytin",NonFilt,,13,ug/l,True,1,,,10200-H,UHL001,Actual,SW,Water,,,Lee,07100009,River/Stream,,40.4620485,-91.5670776
6,10560001,Des Moines River near Keokuk,11/11/2004 12:15:00,AMBIENT,68583-22-2,Escherichia coli,Total,,40,MPN/100ml,True,10,,,APHA 9222 G,UHL001,Actual,SW,Water,,,Lee,07100009,River/Stream,,40.4620485,-91.5670776
6,10560001,Des Moines River near Keokuk,11/11/2004 12:15:00,AMBIENT,HARD-CARB,"Hardness, carbonate",Total,,290,mg/l,True,1,,,Unknown,UHL001,Actual,SW,Water,,,Lee,07100009,River/Stream,,40.4620485,-91.5670776
6,10560001,Des Moines River near Keokuk,11/11/2004 12:15:00,AMBIENT,NIT-AMM,Ammonia-nitrogen (as N),Total,,0.05,mg/l,False,0.05,,,350.1,UHL001,Actual,SW,Water,,,Lee,07100009,River/Stream,,40.4620485,-91.5670776
6,10560001,Des Moines River near Keokuk,12/09/2004 09:35:00,AMBIENT,1007-28-9,2-Choro-6-ethylamino-4-amino-s-triazine,Total,,0.05,ug/l,False,0.05,,,507,UHL001,Actual,SW,Water,,,Lee,07100009,River/Stream,,40.4620485,-91.5670776
6,10560001,Des Moines River near Keokuk,12/09/2004 09:35:00,AMBIENT,122-34-9,Simazine,Total,,0.05,ug/l,False,0.05,,,507,UHL001,Actual,SW,Water,,,Lee,07100009,River/Stream,,40.4620485,-91.5670776
6,10560001,Des Moines River near Keokuk,12/09/2004 09:35:00,AMBIENT,139-40-2,Propazine,Total,,0.05,ug/l,False,0.05,,,507,UHL001,Actual,SW,Water,,,Lee,07100009,River/Stream,,40.4620485,-91.5670776
6,10560001,Des Moines River near Keokuk,12/09/2004 09:35:00,AMBIENT,1582-09-8,Trifluralin,Total,,0.05,ug/l,False,0.05,,,507,UHL001,Actual,SW,Water,,,Lee,07100009,River/Stream,,40.4620485,-91.5670776
6,10560001,Des Moines River near Keokuk,12/09/2004 09:35:00,AMBIENT,15972-60-8,Alachlor,Total,,0.05,ug/l,False,0.05,,,507,UHL001,Actual,SW,Water,,,Lee,07100009,River/Stream,,40.4620485,-91.5670776
6,10560001,Des Moines River near Keokuk,12/09/2004 09:35:00,AMBIENT,1610-18-0,Prometon,Total,,0.05,ug/l,False,0.05,,,507,UHL001,Actual,SW,Water,,,Lee,07100009,River/Stream,,40.4620485,-91.5670776
6,10560001,Des Moines River near Keokuk,12/09/2004 09:35:00,AMBIENT,1912-24-9,Atrazine,Total,,0.07,ug/l,True,0.05,,,507,UHL001,Actual,SW,Water,,,Lee,07100009,River/Stream,,40.4620485,-91.5670776
6,10560001,Des Moines River near Keokuk,12/09/2004 09:35:00,AMBIENT,1918-16-7,Propachlor,Total,,0.05,ug/l,False,0.05,,,507,UHL001,Actual,SW,Water,,,Lee,07100009,River/Stream,,40.4620485,-91.5670776
6,10560001,Des Moines River near Keokuk,12/09/2004 09:35:00,AMBIENT,2008-41-5,Butylate,Total,,0.05,ug/l,False,0.05,,,507,UHL001,Actual,SW,Water,,,Lee,07100009,River/Stream,,40.4620485,-91.5670776
6,10560001,Des Moines River near Keokuk,12/09/2004 09:35:00,AMBIENT,21087-64-9,Metribuzin,Total,,0.05,ug/l,False,0.05,,,507,UHL001,Actual,SW,Water,,,Lee,07100009,River/Stream,,40.4620485,-91.5670776
6,10560001,Des Moines River near Keokuk,12/09/2004 09:35:00,AMBIENT,21725-46-2,Cyanazine,Total,,0.05,ug/l,False,0.05,,,507,UHL001,Actual,SW,Water,,,Lee,07100009,River/Stream,,40.4620485,-91.5670776
6,10560001,Des Moines River near Keokuk,12/09/2004 09:35:00,AMBIENT,34256-82-1,Acetochlor,Total,,0.05,ug/l,False,0.05,,,507,UHL001,Actual,SW,Water,,,Lee,07100009,River/Stream,,40.4620485,-91.5670776
6,10560001,Des Moines River near Keokuk,12/09/2004 09:35:00,AMBIENT,51218-45-2,Metolachlor,Total,,0.05,ug/l,False,0.05,,,507,UHL001,Actual,SW,Water,,,Lee,07100009,River/Stream,,40.4620485,-91.5670776
6,10560001,Des Moines River near Keokuk,12/09/2004 09:35:00,AMBIENT,6190-65-4,2-Chloro-4-isopropylamino-6-amino-s-triazine,Total,,0.05,ug/l,False,0.05,,,507,UHL001,Actual,SW,Water,,,Lee,07100009,River/Stream,,40.4620485,-91.5670776
6,10560001,Des Moines River near Keokuk,12/09/2004 09:35:00,AMBIENT,759-94-4,S-Ethyl dipropylthiocarbamate,Total,,0.05,ug/l,False,0.05,,,507,UHL001,Actual,SW,Water,,,Lee,07100009,River/Stream,,40.4620485,-91.5670776
6,10560001,Des Moines River near Keokuk,12/09/2004 09:35:00,AMBIENT,834-12-8,Ametryn,Total,,0.05,ug/l,False,0.05,,,507,UHL001,Actual,SW,Water,,,Lee,07100009,River/Stream,,40.4620485,-91.5670776
6,10560001,Des Moines River near Keokuk,12/09/2004 09:35:00,AMBIENT,87674-68-8,Dimethenamid,Total,,0.05,ug/l,False,0.05,,,507,UHL001,Actual,SW,Water,,,Lee,07100009,River/Stream,,40.4620485,-91.5670776
6,10560001,Des Moines River near Keokuk,12/09/2004 09:35:00,AMBIENT,CBOD-SC,"Carbonaceous biochemical oxygen demand, standard conditions",Total,,3,mg/l,True,2,,,UnknownBOD,UHL001,Actual,SW,Water,,,Lee,07100009,River/Stream,,40.4620485,-91.5670776
6,10560001,Des Moines River near Keokuk,12/09/2004 09:35:00,AMBIENT,7440-44-0,Carbon,Total,,9.8,mg/l,True,0.5,,,415.1,UHL001,Actual,SW,Water,,,Lee,07100009,River/Stream,,40.4620485,-91.5670776
6,10560001,Des Moines River near Keokuk,12/09/2004 09:35:00,AMBIENT,16887-00-6,Chloride,Total,,23,mg/l,True,1,,,325.3,UHL001,Actual,SW,Water,,,Lee,07100009,River/Stream,,40.4620485,-91.5670776
6,10560001,Des Moines River near Keokuk,12/09/2004 09:35:00,AMBIENT,11003-45-5,Chlorophyll c,NonFilt,,6,ug/l,True,1,,,10200-H,UHL001,Actual,SW,Water,,,Lee,07100009,River/Stream,,40.4620485,-91.5670776
6,10560001,Des Moines River near Keokuk,12/09/2004 09:35:00,AMBIENT,479-61-8,Chlorophyll a,NonFilt,,41,ug/l,True,1,,,10200-H,UHL001,Actual,SW,Water,,,Lee,07100009,River/Stream,,40.4620485,-91.5670776
6,10560001,Des Moines River near Keokuk,12/09/2004 09:35:00,AMBIENT,519-62-0,Chlorophyll b,NonFilt,,1,ug/l,False,1,,,10200-H,UHL001,Actual,SW,Water,,,Lee,07100009,River/Stream,,40.4620485,-91.5670776
6,10560001,Des Moines River near Keokuk,12/09/2004 09:35:00,AMBIENT,CLR-A-UCP,"Chlorophyll a, uncorrected for pheophytin",NonFilt,,45,ug/l,True,1,,,10200-H,UHL001,Actual,SW,Water,,,Lee,07100009,River/Stream,,40.4620485,-91.5670776
6,10560001,Des Moines River near Keokuk,12/09/2004 09:35:00,AMBIENT,68583-22-2,Escherichia coli,Total,,3000,MPN/100ml,True,10,,,APHA 9222 G,UHL001,Actual,SW,Water,,,Lee,07100009,River/Stream,,40.4620485,-91.5670776
6,10560001,Des Moines River near Keokuk,12/09/2004 09:35:00,AMBIENT,HARD-CARB,"Hardness, carbonate",Total,,260,mg/l,True,1,,,Unknown,UHL001,Actual,SW,Water,,,Lee,07100009,River/Stream,,40.4620485,-91.5670776
6,10560001,Des Moines River near Keokuk,12/09/2004 09:35:00,AMBIENT,NIT-AMM,Ammonia-nitrogen (as N),Total,,0.05,mg/l,False,0.05,,,350.1,UHL001,Actual,SW,Water,,,Lee,07100009,River/Stream,,40.4620485,-91.5670776
6,10560001,Des Moines River near Keokuk,12/09/2004 09:35:00,AMBIENT,NIT-KJELD,Kjeldahl nitrogen (AS N),Total,,1.3,mg/l,True,0.05,,,Unknown,UHL001,Actual,SW,Water,,,Lee,07100009,River/Stream,,40.4620485,-91.5670776
6,10560001,Des Moines River near Keokuk,12/09/2004 09:35:00,AMBIENT,NIT-NO3-NO2,Inorganic nitrogen (nitrate and nitrite) (as N),Total,,2.7,mg/l,True,0.05,,,353.2,UHL001,Actual,SW,Water,,,Lee,07100009,River/Stream,,40.4620485,-91.5670776
6,10560001,Des Moines River near Keokuk,12/09/2004 09:35:00,AMBIENT,603-17-8,Pheophytin a,NonFilt,,4,ug/l,True,1,,,10200H(2),UHL001,Actual,SW,Water,,,Lee,07100009,River/Stream,,40.4620485,-91.5670776
6,10560001,Des Moines River near Keokuk,12/09/2004 09:35:00,AMBIENT,PHOSP-PHOSP,Phosphate-phosphorus (as P),Total,,0.32,mg/l,True,0.02,,,365.4,UHL001,Actual,SW,Water,,,Lee,07100009,River/Stream,,40.4620485,-91.5670776
6,10560001,Des Moines River near Keokuk,12/09/2004 09:35:00,AMBIENT,14265-44-2,Orthophosphate (as P),Dissolved,,0.15,mg/l,True,0.02,,,365.1,UHL001,Actual,SW,Water,,,Lee,07100009,River/Stream,,40.4620485,-91.5670776
6,10560001,Des Moines River near Keokuk,12/09/2004 09:35:00,AMBIENT,7631-86-9,Silica,Dissolved,,15,mg/l,True,1,,,370.1,UHL001,Actual,SW,Water,,,Lee,07100009,River/Stream,,40.4620485,-91.5670776
6,10560001,Des Moines River near Keokuk,12/09/2004 09:35:00,AMBIENT,TDS,Total dissolved solids,Dissolved,,340,mg/l,True,1,,,160.1,UHL001,Actual,SW,Water,,,Lee,07100009,River/Stream,,40.4620485,-91.5670776
6,10560001,Des Moines River near Keokuk,12/09/2004 09:35:00,AMBIENT,TSS,Total suspended solids,NonFilt,,57,mg/l,True,1,,,I3765,UHL001,Actual,SW,Water,,,Lee,07100009,River/Stream,,40.4620485,-91.5670776
6,10560001,Des Moines River near Keokuk,12/09/2004 09:35:00,AMBIENT,SPEC-COND,Specific conductance,Total,,530,uS/cm,True,1,,,2510,UHL001,Actual,SW,Water,,,Lee,07100009,River/Stream,,40.4620485,-91.5670776
6,10560001,Des Moines River near Keokuk,12/09/2004 09:35:00,AMBIENT,14808-79-8,Sulfate (as SO4),Total,,64,mg/l,True,1,,,300(A),UHL001,Actual,SW,Water,,,Lee,07100009,River/Stream,,40.4620485,-91.5670776
6,10560001,Des Moines River near Keokuk,12/09/2004 09:35:00,AMBIENT,TURB,Turbidity,Total,,52,NTU,True,1,,,180.1,UHL001,Actual,SW,Water,,,Lee,07100009,River/Stream,,40.4620485,-91.5670776
6,10560001,Des Moines River near Keokuk,01/10/2005 12:10:00,AMBIENT,7782-44-7,Dissolved oxygen (DO),Total,,15.6,mg/l,True,0.1,,,4500-O-G,,Actual,SW,Water,,,Lee,07100009,River/Stream,,40.4620485,-91.5670776
6,10560001,Des Moines River near Keokuk,01/10/2005 12:10:00,AMBIENT,PH,pH,Total,,8.7,None,True,,,,4500-H,,Actual,SW,Water,,,Lee,07100009,River/Stream,,40.4620485,-91.5670776
6,10560001,Des Moines River near Keokuk,01/10/2005 12:10:00,AMBIENT,TEMP-WATER,"Temperature, water",Total,,0.5,deg C,True,0,,,2550,,Actual,SW,Water,,,Lee,07100009,River/Stream,,40.4620485,-91.5670776
6,10560001,Des Moines River near Keokuk,01/10/2005 12:10:00,AMBIENT,1007-28-9,2-Choro-6-ethylamino-4-amino-s-triazine,Total,,0.05,ug/l,False,0.05,,,507,UHL001,Actual,SW,Water,,,Lee,07100009,River/Stream,,40.4620485,-91.5670776
6,10560001,Des Moines River near Keokuk,01/10/2005 12:10:00,AMBIENT,122-34-9,Simazine,Total,,0.05,ug/l,False,0.05,,,507,UHL001,Actual,SW,Water,,,Lee,07100009,River/Stream,,40.4620485,-91.5670776
6,10560001,Des Moines River near Keokuk,01/10/2005 12:10:00,AMBIENT,139-40-2,Propazine,Total,,0.05,ug/l,False,0.05,,,507,UHL001,Actual,SW,Water,,,Lee,07100009,River/Stream,,40.4620485,-91.5670776
6,10560001,Des Moines River near Keokuk,01/10/2005 12:10:00,AMBIENT,1582-09-8,Trifluralin,Total,,0.05,ug/l,False,0.05,,,507,UHL001,Actual,SW,Water,,,Lee,07100009,River/Stream,,40.4620485,-91.5670776
6,10560001,Des Moines River near Keokuk,01/10/2005 12:10:00,AMBIENT,15972-60-8,Alachlor,Total,,0.05,ug/l,False,0.05,,,507,UHL001,Actual,SW,Water,,,Lee,07100009,River/Stream,,40.4620485,-91.5670776
6,10560001,Des Moines River near Keokuk,01/10/2005 12:10:00,AMBIENT,1610-18-0,Prometon,Total,,0.05,ug/l,False,0.05,,,507,UHL001,Actual,SW,Water,,,Lee,07100009,River/Stream,,40.4620485,-91.5670776
6,10560001,Des Moines River near Keokuk,01/10/2005 12:10:00,AMBIENT,1912-24-9,Atrazine,Total,,0.061,ug/l,True,0.05,,,507,UHL001,Actual,SW,Water,,,Lee,07100009,River/Stream,,40.4620485,-91.5670776
6,10560001,Des Moines River near Keokuk,01/10/2005 12:10:00,AMBIENT,1918-16-7,Propachlor,Total,,0.05,ug/l,False,0.05,,,507,UHL001,Actual,SW,Water,,,Lee,07100009,River/Stream,,40.4620485,-91.5670776
6,10560001,Des Moines River near Keokuk,01/10/2005 12:10:00,AMBIENT,2008-41-5,Butylate,Total,,0.05,ug/l,False,0.05,,,507,UHL001,Actual,SW,Water,,,Lee,07100009,River/Stream,,40.4620485,-91.5670776
6,10560001,Des Moines River near Keokuk,01/10/2005 12:10:00,AMBIENT,21087-64-9,Metribuzin,Total,,0.05,ug/l,False,0.05,,,507,UHL001,Actual,SW,Water,,,Lee,07100009,River/Stream,,40.4620485,-91.5670776
6,10560001,Des Moines River near Keokuk,01/10/2005 12:10:00,AMBIENT,21725-46-2,Cyanazine,Total,,0.05,ug/l,False,0.05,,,507,UHL001,Actual,SW,Water,,,Lee,07100009,River/Stream,,40.4620485,-91.5670776
6,10560001,Des Moines River near Keokuk,01/10/2005 12:10:00,AMBIENT,34256-82-1,Acetochlor,Total,,0.05,ug/l,False,0.05,,,507,UHL001,Actual,SW,Water,,,Lee,07100009,River/Stream,,40.4620485,-91.5670776
6,10560001,Des Moines River near Keokuk,01/10/2005 12:10:00,AMBIENT,51218-45-2,Metolachlor,Total,,0.05,ug/l,False,0.05,,,507,UHL001,Actual,SW,Water,,,Lee,07100009,River/Stream,,40.4620485,-91.5670776
6,10560001,Des Moines River near Keokuk,01/10/2005 12:10:00,AMBIENT,6190-65-4,2-Chloro-4-isopropylamino-6-amino-s-triazine,Total,,0.05,ug/l,False,0.05,,,507,UHL001,Actual,SW,Water,,,Lee,07100009,River/Stream,,40.4620485,-91.5670776
6,10560001,Des Moines River near Keokuk,01/10/2005 12:10:00,AMBIENT,759-94-4,S-Ethyl dipropylthiocarbamate,Total,,0.05,ug/l,False,0.05,,,507,UHL001,Actual,SW,Water,,,Lee,07100009,River/Stream,,40.4620485,-91.5670776
6,10560001,Des Moines River near Keokuk,01/10/2005 12:10:00,AMBIENT,834-12-8,Ametryn,Total,,0.05,ug/l,False,0.05,,,507,UHL001,Actual,SW,Water,,,Lee,07100009,River/Stream,,40.4620485,-91.5670776
6,10560001,Des Moines River near Keokuk,01/10/2005 12:10:00,AMBIENT,87674-68-8,Dimethenamid,Total,,0.05,ug/l,False,0.05,,,507,UHL001,Actual,SW,Water,,,Lee,07100009,River/Stream,,40.4620485,-91.5670776
6,10560001,Des Moines River near Keokuk,01/10/2005 12:10:00,AMBIENT,SPEC-COND,Specific conductance,Total,,700,uS/cm,True,1,,,2510,UHL001,Actual,SW,Water,,,Lee,07100009,River/Stream,,40.4620485,-91.5670776
6,10560001,Des Moines River near Keokuk,01/10/2005 12:10:00,AMBIENT,14808-79-8,Sulfate (as SO4),Total,,84,mg/l,True,1,,,300(A),UHL001,Actual,SW,Water,,,Lee,07100009,River/Stream,,40.4620485,-91.5670776
6,10560001,Des Moines River near Keokuk,01/10/2005 12:10:00,AMBIENT,TURB,Turbidity,Total,,9.5,NTU,True,1,,,180.1,UHL001,Actual,SW,Water,,,Lee,07100009,River/Stream,,40.4620485,-91.5670776
6,10560001,Des Moines River near Keokuk,02/03/2005 11:45:00,AMBIENT,7782-44-7,Dissolved oxygen (DO),Total,,14.7,mg/l,True,0.1,,,4500-O-G,,Actual,SW,Water,,,Lee,07100009,River/Stream,,40.4620485,-91.5670776
6,10560001,Des Moines River near Keokuk,02/03/2005 11:45:00,AMBIENT,TURB,Turbidity,Total,,12,NTU,True,1,,,180.1,UHL001,Actual,SW,Water,,,Lee,07100009,River/Stream,,40.4620485,-91.5670776
6,10560001,Des Moines River near Keokuk,03/03/2005 09:15:00,AMBIENT,7782-44-7,Dissolved oxygen (DO),Total,,13.4,mg/l,True,0.1,,,4500-O-G,,Actual,SW,Water,,,Lee,07100009,River/Stream,,40.4620485,-91.5670776
6,10560001,Des Moines River near Keokuk,03/03/2005 09:15:00,AMBIENT,FLOW,Flow,Total,,3700,cfs,True,0.1,,,USGS CA8,,Actual,SW,Water,,,Lee,07100009,River/Stream,,40.4620485,-91.5670776
6,10560001,Des Moines River near Keokuk,04/11/2005 08:30:00,AMBIENT,7782-44-7,Dissolved oxygen (DO),Total,,9.4,mg/l,True,0.1,,,4500-O-G,,Actual,SW,Water,,,Lee,07100009,River/Stream,,40.4620485,-91.5670776
6,10560001,Des Moines River near Keokuk,04/11/2005 08:30:00,AMBIENT,FLOW,Flow,Total,,8300,cfs,True,0.1,,,USGS CA8,,Actual,SW,Water,,,Lee,07100009,River/Stream,,40.4620485,-91.5670776
6,10560001,Des Moines River near Keokuk,04/11/2005 08:30:00,AMBIENT,PH,pH,Total,,8.2,None,True,,,,4500-H,,Actual,SW,Water,,,Lee,07100009,River/Stream,,40.4620485,-91.5670776
6,10560001,Des Moines River near Keokuk,04/11/2005 08:30:00,AMBIENT,TEMP-WATER,"Temperature, water",Total,,16.4,deg C,True,0,,,2550,,Actual,SW,Water,,,Lee,07100009,River/Stream,,40.4620485,-91.5670776
6,10560001,Des Moines River near Keokuk,04/11/2005 08:30:00,AMBIENT,1007-28-9,2-Choro-6-ethylamino-4-amino-s-triazine,Total,,0.05,ug/l,False,0.05,,,507,UHL001,Actual,SW,Water,,,Lee,07100009,River/Stream,,40.4620485,-91.5670776
6,10560001,Des Moines River near Keokuk,04/11/2005 08:30:00,AMBIENT,122-34-9,Simazine,Total,,0.05,ug/l,False,0.05,,,507,UHL001,Actual,SW,Water,,,Lee,07100009,River/Stream,,40.4620485,-91.5670776
6,10560001,Des Moines River near Keokuk,04/11/2005 08:30:00,AMBIENT,139-40-2,Propazine,Total,,0.05,ug/l,False,0.05,,,507,UHL001,Actual,SW,Water,,,Lee,07100009,River/Stream,,40.4620485,-91.5670776
6,10560001,Des Moines River near Keokuk,04/11/2005 08:30:00,AMBIENT,1582-09-8,Trifluralin,Total,,0.05,ug/l,False,0.05,,,507,UHL001,Actual,SW,Water,,,Lee,07100009,River/Stream,,40.4620485,-91.5670776
6,10560001,Des Moines River near Keokuk,04/11/2005 08:30:00,AMBIENT,15972-60-8,Alachlor,Total,,0.05,ug/l,False,0.05,,,507,UHL001,Actual,SW,Water,,,Lee,07100009,River/Stream,,40.4620485,-91.5670776
6,10560001,Des Moines River near Keokuk,04/11/2005 08:30:00,AMBIENT,1610-18-0,Prometon,Total,,0.05,ug/l,False,0.05,,,507,UHL001,Actual,SW,Water,,,Lee,07100009,River/Stream,,40.4620485,-91.5670776
6,10560001,Des Moines River near Keokuk,04/11/2005 08:30:00,AMBIENT,1912-24-9,Atrazine,Total,,0.075,ug/l,True,0.05,,,507,UHL001,Actual,SW,Water,,,Lee,07100009,River/Stream,,40.4620485,-91.5670776
6,10560001,Des Moines River near Keokuk,04/11/2005 08:30:00,AMBIENT,1918-16-7,Propachlor,Total,,0.05,ug/l,False,0.05,,,507,UHL001,Actual,SW,Water,,,Lee,07100009,River/Stream,,40.4620485,-91.5670776
6,10560001,Des Moines River near Keokuk,04/11/2005 08:30:00,AMBIENT,2008-41-5,Butylate,Total,,0.05,ug/l,False,0.05,,,507,UHL001,Actual,SW,Water,,,Lee,07100009,River/Stream,,40.4620485,-91.5670776
6,10560001,Des Moines River near Keokuk,04/11/2005 08:30:00,AMBIENT,21087-64-9,Metribuzin,Total,,0.05,ug/l,False,0.05,,,507,UHL001,Actual,SW,Water,,,Lee,07100009,River/Stream,,40.4620485,-91.5670776
6,10560001,Des Moines River near Keokuk,04/11/2005 08:30:00,AMBIENT,21725-46-2,Cyanazine,Total,,0.05,ug/l,False,0.05,,,507,UHL001,Actual,SW,Water,,,Lee,07100009,River/Stream,,40.4620485,-91.5670776
6,10560001,Des Moines River near Keokuk,04/11/2005 08:30:00,AMBIENT,34256-82-1,Acetochlor,Total,,0.05,ug/l,False,0.05,,,507,UHL001,Actual,SW,Water,,,Lee,07100009,River/Stream,,40.4620485,-91.5670776
6,10560001,Des Moines River near Keokuk,04/11/2005 08:30:00,AMBIENT,51218-45-2,Metolachlor,Total,,0.24,ug/l,True,0.05,,,507,UHL001,Actual,SW,Water,,,Lee,07100009,River/Stream,,40.4620485,-91.5670776
6,10560001,Des Moines River near Keokuk,04/11/2005 08:30:00,AMBIENT,6190-65-4,2-Chloro-4-isopropylamino-6-amino-s-triazine,Total,,0.05,ug/l,False,0.05,,,507,UHL001,Actual,SW,Water,,,Lee,07100009,River/Stream,,40.4620485,-91.5670776
6,10560001,Des Moines River near Keokuk,04/11/2005 08:30:00,AMBIENT,759-94-4,S-Ethyl dipropylthiocarbamate,Total,,0.05,ug/l,False,0.05,,,507,UHL001,Actual,SW,Water,,,Lee,07100009,River/Stream,,40.4620485,-91.5670776
6,10560001,Des Moines River near Keokuk,04/11/2005 08:30:00,AMBIENT,834-12-8,Ametryn,Total,,0.05,ug/l,False,0.05,,,507,UHL001,Actual,SW,Water,,,Lee,07100009,River/Stream,,40.4620485,-91.5670776
6,10560001,Des Moines River near Keokuk,04/11/2005 08:30:00,AMBIENT,87674-68-8,Dimethenamid,Total,,0.05,ug/l,False,0.05,,,507,UHL001,Actual,SW,Water,,,Lee,07100009,River/Stream,,40.4620485,-91.5670776
6,10560001,Des Moines River near Keokuk,04/11/2005 08:30:00,AMBIENT,7440-02-0,Nickel,Total,,50,ug/l,False,50,,,200.8(W),UHL001,Actual,SW,Water,,,Lee,07100009,River/Stream,,40.4620485,-91.5670776
6,10560001,Des Moines River near Keokuk,04/11/2005 08:30:00,AMBIENT,7440-22-4,Silver,Total,,10,ug/l,False,10,,,200.8(W),UHL001,Actual,SW,Water,,,Lee,07100009,River/Stream,,40.4620485,-91.5670776
6,10560001,Des Moines River near Keokuk,04/11/2005 08:30:00,AMBIENT,7440-28-0,Thallium,Total,,0.001,mg/l,False,0.001,,,200.8(W),UHL001,Actual,SW,Water,,,Lee,07100009,River/Stream,,40.4620485,-91.5670776
6,10560001,Des Moines River near Keokuk,04/11/2005 08:30:00,AMBIENT,7440-36-0,Antimony,Total,,0.005,mg/l,False,0.005,,,200.8(W),UHL001,Actual,SW,Water,,,Lee,07100009,River/Stream,,40.4620485,-91.5670776
6,10560001,Des Moines River near Keokuk,04/11/2005 08:30:00,AMBIENT,7440-38-2,Arsenic,Total,,10,ug/l,False,10,,,200.8(W),UHL001,Actual,SW,Water,,,Lee,07100009,River/Stream,,40.4620485,-91.5670776
6,10560001,Des Moines River near Keokuk,04/11/2005 08:30:00,AMBIENT,7440-41-7,Beryllium,Total,,0.02,mg/l,False,0.02,,,200.8(W),UHL001,Actual,SW,Water,,,Lee,07100009,River/Stream,,40.4620485,-91.5670776
6,10560001,Des Moines River near Keokuk,04/11/2005 08:30:00,AMBIENT,7440-66-6,Zinc,Total,,20,ug/l,False,20,,,200.8(W),UHL001,Actual,SW,Water,,,Lee,07100009,River/Stream,,40.4620485,-91.5670776
6,10560001,Des Moines River near Keokuk,04/11/2005 08:30:00,AMBIENT,7782-49-2,Selenium,Total,,10,ug/l,False,10,,,200.8(W),UHL001,Actual,SW,Water,,,Lee,07100009,River/Stream,,40.4620485,-91.5670776
6,10560001,Des Moines River near Keokuk,04/11/2005 08:30:00,AMBIENT,CBOD-SC,"Carbonaceous biochemical oxygen demand, standard conditions",Total,,2,mg/l,False,2,,,UnknownBOD,UHL001,Actual,SW,Water,,,Lee,07100009,River/Stream,,40.4620485,-91.5670776
6,10560001,Des Moines River near Keokuk,04/11/2005 08:30:00,AMBIENT,7439-92-1,Lead,Total,,10,ug/l,False,10,,,3113-B,UHL001,Actual,SW,Water,,,Lee,07100009,River/Stream,,40.4620485,-91.5670776
6,10560001,Des Moines River near Keokuk,04/11/2005 08:30:00,AMBIENT,7440-43-9,Cadmium,Total,,1,ug/l,False,1,,,3113-B,UHL001,Actual,SW,Water,,,Lee,07100009,River/Stream,,40.4620485,-91.5670776
6,10560001,Des Moines River near Keokuk,04/11/2005 08:30:00,AMBIENT,7440-44-0,Carbon,Total,,9.2,mg/l,True,0.5,,,415.1,UHL001,Actual,SW,Water,,,Lee,07100009,River/Stream,,40.4620485,-91.5670776
6,10560001,Des Moines River near Keokuk,04/11/2005 08:30:00,AMBIENT,16887-00-6,Chloride,Total,,32,mg/l,True,1,,,325.3,UHL001,Actual,SW,Water,,,Lee,07100009,River/Stream,,40.4620485,-91.5670776
6,10560001,Des Moines River near Keokuk,04/11/2005 08:30:00,AMBIENT,CLR-A-FREE,"Chlorophyll a, free of pheophytin",NonFilt,,40,ug/l,True,1,,,445,UHL001,Actual,SW,Water,,,Lee,07100009,River/Stream,,40.4620485,-91.5670776
6,10560001,Des Moines River near Keokuk,04/11/2005 08:30:00,AMBIENT,7440-47-3,Chromium,Total,,20,ug/l,False,20,,,200.7(W),UHL001,Actual,SW,Water,,,Lee,07100009,River/Stream,,40.4620485,-91.5670776
6,10560001,Des Moines River near Keokuk,04/11/2005 08:30:00,AMBIENT,7440-50-8,Copper,Total,,10,ug/l,False,10,,,200.7(W),UHL001,Actual,SW,Water,,,Lee,07100009,River/Stream,,40.4620485,-91.5670776
6,10560001,Des Moines River near Keokuk,04/11/2005 08:30:00,AMBIENT,57-12-5,Cyanide,Total,,0.01,mg/l,False,0.01,,,335.2,UHL001,Actual,SW,Water,,,Lee,07100009,River/Stream,,40.4620485,-91.5670776
6,10560001,Des Moines River near Keokuk,04/11/2005 08:30:00,AMBIENT,68583-22-2,Escherichia coli,Total,,450,MPN/100ml,True,10,,,APHA 9222 G,UHL001,Actual,SW,Water,,,Lee,07100009,River/Stream,,40.4620485,-91.5670776
6,10560001,Des Moines River near Keokuk,04/11/2005 08:30:00,AMBIENT,HARD-CARB,"Hardness, carbonate",Total,,300,mg/l,True,1,,,Unknown,UHL001,Actual,SW,Water,,,Lee,07100009,River/Stream,,40.4620485,-91.5670776
6,10560001,Des Moines River near Keokuk,04/11/2005 08:30:00,AMBIENT,7439-97-6,Mercury,Total,,5E-05,mg/l,False,0.00005,,,245.1,UHL001,Actual,SW,Water,,,Lee,07100009,River/Stream,,40.4620485,-91.5670776
6,10560001,Des Moines River near Keokuk,05/09/2005 07:30:00,AMBIENT,7440-44-0,Carbon,Total,,4.8,mg/l,True,0.5,,,415.1,UHL001,Actual,SW,Water,,,Lee,07100009,River/Stream,,40.4620485,-91.5670776
6,10560001,Des Moines River near Keokuk,05/09/2005 07:30:00,AMBIENT,16887-00-6,Chloride,Total,,28,mg/l,True,1,,,325.3,UHL001,Actual,SW,Water,,,Lee,07100009,River/Stream,,40.4620485,-91.5670776
6,10560001,Des Moines River near Keokuk,05/09/2005 07:30:00,AMBIENT,CLR-A-FREE,"Chlorophyll a, free of pheophytin",NonFilt,,71,ug/l,True,1,,,445,UHL001,Actual,SW,Water,,,Lee,07100009,River/Stream,,40.4620485,-91.5670776
6,10560001,Des Moines River near Keokuk,05/09/2005 07:30:00,AMBIENT,68583-22-2,Escherichia coli,Total,,45,MPN/100ml,True,10,,,APHA 9222 G,UHL001,Actual,SW,Water,,,Lee,07100009,River/Stream,,40.4620485,-91.5670776
6,10560001,Des Moines River near Keokuk,05/09/2005 07:30:00,AMBIENT,HARD-CARB,"Hardness, carbonate",Total,,340,mg/l,True,1,,,Unknown,UHL001,Actual,SW,Water,,,Lee,07100009,River/Stream,,40.4620485,-91.5670776
6,10560001,Des Moines River near Keokuk,05/09/2005 07:30:00,AMBIENT,NIT-AMM,Ammonia-nitrogen (as N),Total,,0.05,mg/l,False,0.05,,,350.1,UHL001,Actual,SW,Water,,,Lee,07100009,River/Stream,,40.4620485,-91.5670776
6,10560001,Des Moines River near Keokuk,05/09/2005 07:30:00,AMBIENT,NIT-KJELD,Kjeldahl nitrogen (AS N),Total,,1.2,mg/l,True,0.1,,,351.1,UHL001,Actual,SW,Water,,UHL QC testing has shown that TKN concentrations under 1 mg/L should be reported to 1 decimal place when using method LAC10-107-06-2E.,Lee,07100009,River/Stream,,40.4620485,-91.5670776
6,10560001,Des Moines River near Keokuk,05/09/2005 07:30:00,AMBIENT,NIT-NO3-NO2,Inorganic nitrogen (nitrate and nitrite) (as N),Total,,9.4,mg/l,True,0.05,,,353.2,UHL001,Actual,SW,Water,,,Lee,07100009,River/Stream,,40.4620485,-91.5670776
6,10560001,Des Moines River near Keokuk,05/09/2005 07:30:00,AMBIENT,87-86-5,Pentachlorophenol,Total,,0.5,ug/l,False,0.5,,,515.3,UHL001,Actual,SW,Water,,,Lee,07100009,River/Stream,,40.4620485,-91.5670776
6,10560001,Des Moines River near Keokuk,05/09/2005 07:30:00,AMBIENT,PHOSP-PHOSP,Phosphate-phosphorus (as P),Total,,0.23,mg/l,True,0.02,,,365.4,UHL001,Actual,SW,Water,,,Lee,07100009,River/Stream,,40.4620485,-91.5670776
6,10560001,Des Moines River near Keokuk,05/09/2005 07:30:00,AMBIENT,14265-44-2,Orthophosphate (as P),Dissolved,,0.1,mg/l,True,0.02,,,365.1,UHL001,Actual,SW,Water,,,Lee,07100009,River/Stream,,40.4620485,-91.5670776
6,10560001,Des Moines River near Keokuk,05/09/2005 07:30:00,AMBIENT,7631-86-9,Silica,Dissolved,,13,mg/l,True,1,,,370.1,UHL001,Actual,SW,Water,,,Lee,07100009,River/Stream,,40.4620485,-91.5670776
6,10560001,Des Moines River near Keokuk,05/09/2005 07:30:00,AMBIENT,TDS,Total dissolved solids,Dissolved,,420,mg/l,True,1,,,160.1,UHL001,Actual,SW,Water,,,Lee,07100009,River/Stream,,40.4620485,-91.5670776
6,10560001,Des Moines River near Keokuk,05/09/2005 07:30:00,AMBIENT,TFSS,Fixed suspended solids,NonFilt,,41,mg/l,True,1,,,160.4,UHL001,Calculated,SW,Water,,,Lee,07100009,River/Stream,,40.4620485,-91.5670776
6,10560001,Des Moines River near Keokuk,05/09/2005 07:30:00,AMBIENT,TVSS,Volatile Suspended Solids,NonFilt,,8,mg/l,True,1,,,160.4,UHL001,Actual,SW,Water,,,Lee,07100009,River/Stream,,40.4620485,-91.5670776
6,10560001,Des Moines River near Keokuk,05/09/2005 07:30:00,AMBIENT,TSS,Total suspended solids,NonFilt,,49,mg/l,True,1,,,I3765,UHL001,Actual,SW,Water,,,Lee,07100009,River/Stream,,40.4620485,-91.5670776
6,10560001,Des Moines River near Keokuk,05/09/2005 07:30:00,AMBIENT,SPEC-COND,Specific conductance,Total,,680,uS/cm,True,1,,,2510,UHL001,Actual,SW,Water,,,Lee,07100009,River/Stream,,40.4620485,-91.5670776
6,10560001,Des Moines River near Keokuk,05/09/2005 07:30:00,AMBIENT,14808-79-8,Sulfate (as SO4),Total,,53,mg/l,True,1,,,300(A),UHL001,Actual,SW,Water,,,Lee,07100009,River/Stream,,40.4620485,-91.5670776
6,10560001,Des Moines River near Keokuk,05/09/2005 07:30:00,AMBIENT,TURB,Turbidity,Total,,27,NTU,True,1,,,180.1,UHL001,Actual,SW,Water,,,Lee,07100009,River/Stream,,40.4620485,-91.5670776
6,10560001,Des Moines River near Keokuk,06/01/2005 07:20:00,AMBIENT,TDS,Total dissolved solids,Dissolved,,360,mg/l,True,1,,,160.1,UHL001,Actual,SW,Water,,,Lee,07100009,River/Stream,,40.4620485,-91.5670776
6,10560001,Des Moines River near Keokuk,06/01/2005 07:20:00,AMBIENT,TFSS,Fixed suspended solids,NonFilt,,77,mg/l,True,1,,,160.4,UHL001,Calculated,SW,Water,,,Lee,07100009,River/Stream,,40.4620485,-91.5670776
6,10560001,Des Moines River near Keokuk,06/01/2005 07:20:00,AMBIENT,TVSS,Volatile Suspended Solids,NonFilt,,11,mg/l,True,1,,,160.4,UHL001,Actual,SW,Water,,,Lee,07100009,River/Stream,,40.4620485,-91.5670776
6,10560001,Des Moines River near Keokuk,06/01/2005 07:20:00,AMBIENT,TSS,Total suspended solids,NonFilt,,88,mg/l,True,1,,,I3765,UHL001,Actual,SW,Water,,,Lee,07100009,River/Stream,,40.4620485,-91.5670776
6,10560001,Des Moines River near Keokuk,06/01/2005 07:20:00,AMBIENT,SPEC-COND,Specific conductance,Total,,600,uS/cm,True,1,,,2510,UHL001,Actual,SW,Water,,,Lee,07100009,River/Stream,,40.4620485,-91.5670776
6,10560001,Des Moines River near Keokuk,06/01/2005 07:20:00,AMBIENT,14808-79-8,Sulfate (as SO4),Total,,34,mg/l,True,1,,,300(A),UHL001,Actual,SW,Water,,,Lee,07100009,River/Stream,,40.4620485,-91.5670776
6,10560001,Des Moines River near Keokuk,06/01/2005 07:20:00,AMBIENT,TURB,Turbidity,Total,,38,NTU,True,1,,,180.1,UHL001,Actual,SW,Water,,,Lee,07100009,River/Stream,,40.4620485,-91.5670776
6,10560001,Des Moines River near Keokuk,07/05/2005 07:45:00,AMBIENT,PHOSP-PHOSP,Phosphate-phosphorus (as P),Total,,0.3,mg/l,True,0.02,,,365.4,UHL001,Actual,SW,Water,,,Lee,07100009,River/Stream,,40.4620485,-91.5670776
6,10560001,Des Moines River near Keokuk,07/05/2005 07:45:00,AMBIENT,14265-44-2,Orthophosphate (as P),Dissolved,,0.16,mg/l,True,0.02,,,365.1,UHL001,Actual,SW,Water,,,Lee,07100009,River/Stream,,40.4620485,-91.5670776
6,10560001,Des Moines River near Keokuk,07/05/2005 07:45:00,AMBIENT,7631-86-9,Silica,Dissolved,,19,mg/l,True,1,,,370.1,UHL001,Actual,SW,Water,,,Lee,07100009,River/Stream,,40.4620485,-91.5670776
6,10560001,Des Moines River near Keokuk,07/05/2005 07:45:00,AMBIENT,TDS,Total dissolved solids,Dissolved,,400,mg/l,True,1,,,160.1,UHL001,Actual,SW,Water,,,Lee,07100009,River/Stream,,40.4620485,-91.5670776
6,10560001,Des Moines River near Keokuk,07/05/2005 07:45:00,AMBIENT,TFSS,Fixed suspended solids,NonFilt,,110,mg/l,True,1,,,160.4,UHL001,Calculated,SW,Water,,,Lee,07100009,River/Stream,,40.4620485,-91.5670776
6,10560001,Des Moines River near Keokuk,07/05/2005 07:45:00,AMBIENT,TVSS,Volatile Suspended Solids,NonFilt,,14,mg/l,True,1,,,160.4,UHL001,Actual,SW,Water,,,Lee,07100009,River/Stream,,40.4620485,-91.5670776
6,10560001,Des Moines River near Keokuk,07/05/2005 07:45:00,AMBIENT,TSS,Total suspended solids,NonFilt,,120,mg/l,True,1,,,I3765,UHL001,Actual,SW,Water,,,Lee,07100009,River/Stream,,40.4620485,-91.5670776
6,10560001,Des Moines River near Keokuk,07/05/2005 07:45:00,AMBIENT,SPEC-COND,Specific conductance,Total,,610,uS/cm,True,1,,,2510,UHL001,Actual,SW,Water,,,Lee,07100009,River/Stream,,40.4620485,-91.5670776
6,10560001,Des Moines River near Keokuk,07/05/2005 07:45:00,AMBIENT,14808-79-8,Sulfate (as SO4),Total,,46,mg/l,True,1,,,300(A),UHL001,Actual,SW,Water,,,Lee,07100009,River/Stream,,40.4620485,-91.5670776
6,10560001,Des Moines River near Keokuk,07/05/2005 07:45:00,AMBIENT,TURB,Turbidity,Total,,70,NTU,True,1,,,180.1,UHL001,Actual,SW,Water,,,Lee,07100009,River/Stream,,40.4620485,-91.5670776
6,10560001,Des Moines River near Keokuk,08/01/2005 08:30:00,AMBIENT,7782-44-7,Dissolved oxygen (DO),Total,,8.1,mg/l,True,0.1,,,4500-O-G,,Actual,SW,Water,,,Lee,07100009,River/Stream,,40.4620485,-91.5670776
6,10560001,Des Moines River near Keokuk,08/01/2005 08:30:00,AMBIENT,FLOW,Flow,Total,,3600,cfs,True,0.1,,,USGS CA8,,Actual,SW,Water,,,Lee,07100009,River/Stream,,40.4620485,-91.5670776
6,10560001,Des Moines River near Keokuk,08/01/2005 08:30:00,AMBIENT,PH,pH,Total,,8.1,None,True,,,,4500-H,,Actual,SW,Water,,,Lee,07100009,River/Stream,,40.4620485,-91.5670776
6,10560001,Des Moines River near Keokuk,08/01/2005 08:30:00,AMBIENT,TEMP-WATER,"Temperature, water",Total,,25.2,deg C,True,0,,,2550,,Actual,SW,Water,,,Lee,07100009,River/Stream,,40.4620485,-91.5670776
6,10560001,Des Moines River near Keokuk,08/01/2005 08:30:00,AMBIENT,1007-28-9,2-Choro-6-ethylamino-4-amino-s-triazine,Total,,0.05,ug/l,False,0.05,,,507,UHL001,Actual,SW,Water,,,Lee,07100009,River/Stream,,40.4620485,-91.5670776
6,10560001,Des Moines River near Keokuk,08/01/2005 08:30:00,AMBIENT,122-34-9,Simazine,Total,,0.05,ug/l,False,0.05,,,507,UHL001,Actual,SW,Water,,,Lee,07100009,River/Stream,,40.4620485,-91.5670776
6,10560001,Des Moines River near Keokuk,08/01/2005 08:30:00,AMBIENT,139-40-2,Propazine,Total,,0.05,ug/l,False,0.05,,,507,UHL001,Actual,SW,Water,,,Lee,07100009,River/Stream,,40.4620485,-91.5670776
6,10560001,Des Moines River near Keokuk,08/01/2005 08:30:00,AMBIENT,1582-09-8,Trifluralin,Total,,0.05,ug/l,False,0.05,,,507,UHL001,Actual,SW,Water,,,Lee,07100009,River/Stream,,40.4620485,-91.5670776
6,10560001,Des Moines River near Keokuk,08/01/2005 08:30:00,AMBIENT,15972-60-8,Alachlor,Total,,0.05,ug/l,False,0.05,,,507,UHL001,Actual,SW,Water,,,Lee,07100009,River/Stream,,40.4620485,-91.5670776
6,10560001,Des Moines River near Keokuk,08/01/2005 08:30:00,AMBIENT,1610-18-0,Prometon,Total,,0.05,ug/l,False,0.05,,,507,UHL001,Actual,SW,Water,,,Lee,07100009,River/Stream,,40.4620485,-91.5670776
6,10560001,Des Moines River near Keokuk,08/01/2005 08:30:00,AMBIENT,1912-24-9,Atrazine,Total,,0.56,ug/l,True,0.05,,,507,UHL001,Actual,SW,Water,,,Lee,07100009,River/Stream,,40.4620485,-91.5670776
6,10560001,Des Moines River near Keokuk,08/01/2005 08:30:00,AMBIENT,1918-16-7,Propachlor,Total,,0.05,ug/l,False,0.05,,,507,UHL001,Actual,SW,Water,,,Lee,07100009,River/Stream,,40.4620485,-91.5670776
6,10560001,Des Moines River near Keokuk,08/01/2005 08:30:00,AMBIENT,2008-41-5,Butylate,Total,,0.05,ug/l,False,0.05,,,507,UHL001,Actual,SW,Water,,,Lee,07100009,River/Stream,,40.4620485,-91.5670776
6,10560001,Des Moines River near Keokuk,08/01/2005 08:30:00,AMBIENT,21087-64-9,Metribuzin,Total,,0.05,ug/l,False,0.05,,,507,UHL001,Actual,SW,Water,,,Lee,07100009,River/Stream,,40.4620485,-91.5670776
6,10560001,Des Moines River near Keokuk,08/01/2005 08:30:00,AMBIENT,21725-46-2,Cyanazine,Total,,0.05,ug/l,False,0.05,,,507,UHL001,Actual,SW,Water,,,Lee,07100009,River/Stream,,40.4620485,-91.5670776
6,10560001,Des Moines River near Keokuk,08/01/2005 08:30:00,AMBIENT,34256-82-1,Acetochlor,Total,,0.05,ug/l,False,0.05,,,507,UHL001,Actual,SW,Water,,,Lee,07100009,River/Stream,,40.4620485,-91.5670776
6,10560001,Des Moines River near Keokuk,08/01/2005 08:30:00,AMBIENT,51218-45-2,Metolachlor,Total,,0.067,ug/l,True,0.05,,,507,UHL001,Actual,SW,Water,,,Lee,07100009,River/Stream,,40.4620485,-91.5670776
6,10560001,Des Moines River near Keokuk,08/01/2005 08:30:00,AMBIENT,6190-65-4,2-Chloro-4-isopropylamino-6-amino-s-triazine,Total,,0.11,ug/l,True,0.05,,,507,UHL001,Actual,SW,Water,,,Lee,07100009,River/Stream,,40.4620485,-91.5670776
6,10560001,Des Moines River near Keokuk,08/01/2005 08:30:00,AMBIENT,759-94-4,S-Ethyl dipropylthiocarbamate,Total,,0.05,ug/l,False,0.05,,,507,UHL001,Actual,SW,Water,,,Lee,07100009,River/Stream,,40.4620485,-91.5670776
6,10560001,Des Moines River near Keokuk,08/01/2005 08:30:00,AMBIENT,834-12-8,Ametryn,Total,,0.05,ug/l,False,0.05,,,507,UHL001,Actual,SW,Water,,,Lee,07100009,River/Stream,,40.4620485,-91.5670776
6,10560001,Des Moines River near Keokuk,08/01/2005 08:30:00,AMBIENT,87674-68-8,Dimethenamid,Total,,0.05,ug/l,False,0.05,,,507,UHL001,Actual,SW,Water,,,Lee,07100009,River/Stream,,40.4620485,-91.5670776
6,10560001,Des Moines River near Keokuk,08/01/2005 08:30:00,AMBIENT,CBOD-SC,"Carbonaceous biochemical oxygen demand, standard conditions",Total,,4,mg/l,True,2,,,5210-B,UHL001,Actual,SW,Water,,,Lee,07100009,River/Stream,,40.4620485,-91.5670776
6,10560001,Des Moines River near Keokuk,08/01/2005 08:30:00,AMBIENT,7440-44-0,Carbon,Total,,5.2,mg/l,True,0.5,,,415.1,UHL001,Actual,SW,Water,,,Lee,07100009,River/Stream,,40.4620485,-91.5670776
6,10560001,Des Moines River near Keokuk,08/01/2005 08:30:00,AMBIENT,14808-79-8,Sulfate (as SO4),Total,,49,mg/l,True,1,,,300(A),UHL001,Actual,SW,Water,,,Lee,07100009,River/Stream,,40.4620485,-91.5670776
6,10560001,Des Moines River near Keokuk,08/01/2005 08:30:00,AMBIENT,16887-00-6,Chloride,Total,,26,mg/l,True,1,,,300(A),UHL001,Actual,SW,Water,,,Lee,07100009,River/Stream,,40.4620485,-91.5670776
6,10560001,Des Moines River near Keokuk,08/01/2005 08:30:00,AMBIENT,CLR-A-FREE,"Chlorophyll a, free of pheophytin",NonFilt,,86,ug/l,True,1,,,445,UHL001,Actual,SW,Water,,,Lee,07100009,River/Stream,,40.4620485,-91.5670776
6,10560001,Des Moines River near Keokuk,08/01/2005 08:30:00,AMBIENT,68583-22-2,Escherichia coli,Total,,30,MPN/100ml,True,10,,,1603,UHL001,Actual,SW,Water,,,Lee,07100009,River/Stream,,40.4620485,-91.5670776
6,10560001,Des Moines River near Keokuk,08/01/2005 08:30:00,AMBIENT,HARD-CARB,"Hardness, carbonate",Total,,230,mg/l,True,1,,,130.2,UHL001,Actual,SW,Water,,,Lee,07100009,River/Stream,,40.4620485,-91.5670776
6,10560001,Des Moines River near Keokuk,08/01/2005 08:30:00,AMBIENT,NIT-AMM,Ammonia-nitrogen (as N),Total,,0.05,mg/l,False,0.05,,,350.1,UHL001,Actual,SW,Water,,,Lee,07100009,River/Stream,,40.4620485,-91.5670776
6,10560001,Des Moines River near Keokuk,08/01/2005 08:30:00,AMBIENT,NIT-KJELD,Kjeldahl nitrogen (AS N),Total,,1.6,mg/l,True,0.1,,,351.2,UHL001,Actual,SW,Water,,UHL QC testing has shown that TKN concentrations under 1 mg/L should be reported to 1 decimal place when using method LAC10-107-06-2E.,Lee,07100009,River/Stream,,40.4620485,-91.5670776
6,10560001,Des Moines River near Keokuk,09/01/2005 13:20:00,AMBIENT,HARD-CARB,"Hardness, carbonate",Total,,180,mg/l,True,1,,,130.2,UHL001,Actual,SW,Water,,,Lee,07100009,River/Stream,,40.4620485,-91.5670776
6,10560001,Des Moines River near Keokuk,09/01/2005 13:20:00,AMBIENT,NIT-AMM,Ammonia-nitrogen (as N),Total,,0.05,mg/l,False,0.05,,,350.1,UHL001,Actual,SW,Water,,,Lee,07100009,River/Stream,,40.4620485,-91.5670776
6,10560001,Des Moines River near Keokuk,09/01/2005 13:20:00,AMBIENT,NIT-KJELD,Kjeldahl nitrogen (AS N),Total,,1.8,mg/l,True,0.1,,,351.2,UHL001,Actual,SW,Water,,,Lee,07100009,River/Stream,,40.4620485,-91.5670776
6,10560001,Des Moines River near Keokuk,09/01/2005 13:20:00,AMBIENT,NIT-NO3-NO2,Inorganic nitrogen (nitrate and nitrite) (as N),Total,,0.62,mg/l,True,0.05,,,353.2,UHL001,Actual,SW,Water,,,Lee,07100009,River/Stream,,40.4620485,-91.5670776
6,10560001,Des Moines River near Keokuk,09/01/2005 13:20:00,AMBIENT,PHOSP-PHOSP,Phosphate-phosphorus (as P),Total,,0.19,mg/l,True,0.02,,,365.4,UHL001,Actual,SW,Water,,,Lee,07100009,River/Stream,,40.4620485,-91.5670776
6,10560001,Des Moines River near Keokuk,09/01/2005 13:20:00,AMBIENT,14265-44-2,Orthophosphate (as P),Dissolved,,0.02,mg/l,False,0.02,,,365.1,UHL001,Actual,SW,Water,,,Lee,07100009,River/Stream,,40.4620485,-91.5670776
6,10560001,Des Moines River near Keokuk,09/01/2005 13:20:00,AMBIENT,7631-86-9,Silica,Dissolved,,14,mg/l,True,1,,,370.1,UHL001,Actual,SW,Water,,,Lee,07100009,River/Stream,,40.4620485,-91.5670776
6,10560001,Des Moines River near Keokuk,09/01/2005 13:20:00,AMBIENT,TDS,Total dissolved solids,Dissolved,,280,mg/l,True,1,,,160.1,UHL001,Actual,SW,Water,,,Lee,07100009,River/Stream,,40.4620485,-91.5670776
6,10560001,Des Moines River near Keokuk,09/01/2005 13:20:00,AMBIENT,TFSS,Fixed suspended solids,NonFilt,,48,mg/l,True,1,,,160.4,UHL001,Calculated,SW,Water,,,Lee,07100009,River/Stream,,40.4620485,-91.5670776
6,10560001,Des Moines River near Keokuk,09/01/2005 13:20:00,AMBIENT,TVSS,Volatile Suspended Solids,NonFilt,,27,mg/l,True,1,,,160.4,UHL001,Actual,SW,Water,,,Lee,07100009,River/Stream,,40.4620485,-91.5670776
6,10560001,Des Moines River near Keokuk,09/01/2005 13:20:00,AMBIENT,TSS,Total suspended solids,NonFilt,,75,mg/l,True,1,,,I3765,UHL001,Actual,SW,Water,,,Lee,07100009,River/Stream,,40.4620485,-91.5670776
6,10560001,Des Moines River near Keokuk,09/01/2005 13:20:00,AMBIENT,SPEC-COND,Specific conductance,Total,,490,uS/cm,True,1,,,2510,UHL001,Actual,SW,Water,,,Lee,07100009,River/Stream,,40.4620485,-91.5670776
6,10560001,Des Moines River near Keokuk,09/01/2005 13:20:00,AMBIENT,TURB,Turbidity,Total,,26,NTU,True,1,,,180.1,UHL001,Actual,SW,Water,,,Lee,07100009,River/Stream,,40.4620485,-91.5670776
6,10560001,Des Moines River near Keokuk,10/04/2005 08:45:00,AMBIENT,7782-44-7,Dissolved oxygen (DO),Total,,8,mg/l,True,0.1,,,4500-O-G,,Actual,SW,Water,,,Lee,07100009,River/Stream,,40.4620485,-91.5670776
6,10560001,Des Moines River near Keokuk,10/04/2005 08:45:00,AMBIENT,FLOW,Flow,Total,,6000,cfs,True,0.1,,,USGS CA8,,Actual,SW,Water,,,Lee,07100009,River/Stream,,40.4620485,-91.5670776
6,10560001,Des Moines River near Keokuk,10/04/2005 08:45:00,AMBIENT,TSS,Total suspended solids,NonFilt,,240,mg/l,True,1,,,I3765,UHL001,Actual,SW,Water,,,Lee,07100009,River/Stream,,40.4620485,-91.5670776
6,10560001,Des Moines River near Keokuk,10/04/2005 08:45:00,AMBIENT,SPEC-COND,Specific conductance,Total,,600,uS/cm,True,1,,,2510,UHL001,Actual,SW,Water,,,Lee,07100009,River/Stream,,40.4620485,-91.5670776
6,10560001,Des Moines River near Keokuk,10/04/2005 08:45:00,AMBIENT,TURB,Turbidity,Total,,110,NTU,True,1,,,180.1,UHL001,Actual,SW,Water,,,Lee,07100009,River/Stream,,40.4620485,-91.5670776
6,10560001,Des Moines River near Keokuk,11/02/2005 09:15:00,AMBIENT,TDS,Total dissolved solids,Dissolved,,410,mg/l,True,1,,,160.1,UHL001,Actual,SW,Water,,,Lee,07100009,River/Stream,,40.4620485,-91.5670776
6,10560001,Des Moines River near Keokuk,11/02/2005 09:15:00,AMBIENT,TFSS,Fixed suspended solids,NonFilt,,46,mg/l,True,1,,,160.4,UHL001,Calculated,SW,Water,,,Lee,07100009,River/Stream,,40.4620485,-91.5670776
6,10560001,Des Moines River near Keokuk,11/02/2005 09:15:00,AMBIENT,TVSS,Volatile Suspended Solids,NonFilt,,6,mg/l,True,1,,,160.4,UHL001,Actual,SW,Water,,,Lee,07100009,River/Stream,,40.4620485,-91.5670776
6,10560001,Des Moines River near Keokuk,11/02/2005 09:15:00,AMBIENT,TSS,Total suspended solids,NonFilt,,52,mg/l,True,1,,,I3765,UHL001,Actual,SW,Water,,,Lee,07100009,River/Stream,,40.4620485,-91.5670776
6,10560001,Des Moines River near Keokuk,11/02/2005 09:15:00,AMBIENT,SPEC-COND,Specific conductance,Total,,670,uS/cm,True,1,,,2510,UHL001,Actual,SW,Water,,,Lee,07100009,River/Stream,,40.4620485,-91.5670776
6,10560001,Des Moines River near Keokuk,11/02/2005 09:15:00,AMBIENT,TURB,Turbidity,Total,,19,NTU,True,1,,,180.1,UHL001,Actual,SW,Water,,,Lee,07100009,River/Stream,,40.4620485,-91.5670776
6,10560001,Des Moines River near Keokuk,12/01/2005 09:45:00,AMBIENT,7782-44-7,Dissolved oxygen (DO),Total,,14,mg/l,True,0.1,,,4500-O-G,,Actual,SW,Water,,,Lee,07100009,River/Stream,,40.4620485,-91.5670776
6,10560001,Des Moines River near Keokuk,12/01/2005 09:45:00,AMBIENT,FLOW,Flow,Total,,2000,cfs,True,0.1,,,USGS CA8,,Actual,SW,Water,,,Lee,07100009,River/Stream,,40.4620485,-91.5670776
6,10560001,Des Moines River near Keokuk,12/01/2005 09:45:00,AMBIENT,PH,pH,Total,,8.7,None,True,,,,4500-H,,Actual,SW,Water,,,Lee,07100009,River/Stream,,40.4620485,-91.5670776
6,10560001,Des Moines River near Keokuk,12/01/2005 09:45:00,AMBIENT,TEMP-WATER,"Temperature, water",Total,,1.2,deg C,True,0,,,2550,,Actual,SW,Water,,,Lee,07100009,River/Stream,,40.4620485,-91.5670776
6,10560001,Des Moines River near Keokuk,12/01/2005 09:45:00,AMBIENT,1007-28-9,2-Choro-6-ethylamino-4-amino-s-triazine,Total,,0.05,ug/l,False,0.05,,,507,UHL001,Actual,SW,Water,,,Lee,07100009,River/Stream,,40.4620485,-91.5670776
6,10560001,Des Moines River near Keokuk,12/01/2005 09:45:00,AMBIENT,122-34-9,Simazine,Total,,0.05,ug/l,False,0.05,,,507,UHL001,Actual,SW,Water,,,Lee,07100009,River/Stream,,40.4620485,-91.5670776
6,10560001,Des Moines River near Keokuk,12/01/2005 09:45:00,AMBIENT,139-40-2,Propazine,Total,,0.05,ug/l,False,0.05,,,507,UHL001,Actual,SW,Water,,,Lee,07100009,River/Stream,,40.4620485,-91.5670776
6,10560001,Des Moines River near Keokuk,12/01/2005 09:45:00,AMBIENT,1582-09-8,Trifluralin,Total,,0.05,ug/l,False,0.05,,,507,UHL001,Actual,SW,Water,,,Lee,07100009,River/Stream,,40.4620485,-91.5670776
6,10560001,Des Moines River near Keokuk,12/01/2005 09:45:00,AMBIENT,15972-60-8,Alachlor,Total,,0.05,ug/l,False,0.05,,,507,UHL001,Actual,SW,Water,,,Lee,07100009,River/Stream,,40.4620485,-91.5670776
6,10560001,Des Moines River near Keokuk,12/01/2005 09:45:00,AMBIENT,1610-18-0,Prometon,Total,,0.05,ug/l,False,0.05,,,507,UHL001,Actual,SW,Water,,,Lee,07100009,River/Stream,,40.4620485,-91.5670776
6,10560001,Des Moines River near Keokuk,12/01/2005 09:45:00,AMBIENT,1912-24-9,Atrazine,Total,,0.088,ug/l,True,0.05,,,507,UHL001,Actual,SW,Water,,,Lee,07100009,River/Stream,,40.4620485,-91.5670776
6,10560001,Des Moines River near Keokuk,12/01/2005 09:45:00,AMBIENT,1918-16-7,Propachlor,Total,,0.05,ug/l,False,0.05,,,507,UHL001,Actual,SW,Water,,,Lee,07100009,River/Stream,,40.4620485,-91.5670776
6,10560001,Des Moines River near Keokuk,12/01/2005 09:45:00,AMBIENT,2008-41-5,Butylate,Total,,0.05,ug/l,False,0.05,,,507,UHL001,Actual,SW,Water,,,Lee,07100009,River/Stream,,40.4620485,-91.5670776
6,10560001,Des Moines River near Keokuk,12/01/2005 09:45:00,AMBIENT,21087-64-9,Metribuzin,Total,,0.05,ug/l,False,0.05,,,507,UHL001,Actual,SW,Water,,,Lee,07100009,River/Stream,,40.4620485,-91.5670776
6,10560001,Des Moines River near Keokuk,12/01/2005 09:45:00,AMBIENT,21725-46-2,Cyanazine,Total,,0.05,ug/l,False,0.05,,,507,UHL001,Actual,SW,Water,,,Lee,07100009,River/Stream,,40.4620485,-91.5670776
6,10560001,Des Moines River near Keokuk,12/01/2005 09:45:00,AMBIENT,34256-82-1,Acetochlor,Total,,0.05,ug/l,False,0.05,,,507,UHL001,Actual,SW,Water,,,Lee,07100009,River/Stream,,40.4620485,-91.5670776
6,10560001,Des Moines River near Keokuk,12/01/2005 09:45:00,AMBIENT,51218-45-2,Metolachlor,Total,,0.05,ug/l,False,0.05,,,507,UHL001,Actual,SW,Water,,,Lee,07100009,River/Stream,,40.4620485,-91.5670776
6,10560001,Des Moines River near Keokuk,12/01/2005 09:45:00,AMBIENT,6190-65-4,2-Chloro-4-isopropylamino-6-amino-s-triazine,Total,,0.05,ug/l,True,0.05,,,507,UHL001,Actual,SW,Water,,,Lee,07100009,River/Stream,,40.4620485,-91.5670776
6,10560001,Des Moines River near Keokuk,12/01/2005 09:45:00,AMBIENT,759-94-4,S-Ethyl dipropylthiocarbamate,Total,,0.05,ug/l,False,0.05,,,507,UHL001,Actual,SW,Water,,,Lee,07100009,River/Stream,,40.4620485,-91.5670776
6,10560001,Des Moines River near Keokuk,12/01/2005 09:45:00,AMBIENT,834-12-8,Ametryn,Total,,0.05,ug/l,False,0.05,,,507,UHL001,Actual,SW,Water,,,Lee,07100009,River/Stream,,40.4620485,-91.5670776
6,10560001,Des Moines River near Keokuk,12/01/2005 09:45:00,AMBIENT,87674-68-8,Dimethenamid,Total,,0.05,ug/l,False,0.05,,,507,UHL001,Actual,SW,Water,,,Lee,07100009,River/Stream,,40.4620485,-91.5670776
6,10560001,Des Moines River near Keokuk,12/01/2005 09:45:00,AMBIENT,CBOD-SC,"Carbonaceous biochemical oxygen demand, standard conditions",Total,,2,mg/l,False,2,,,5210-B,UHL001,Actual,SW,Water,,,Lee,07100009,River/Stream,,40.4620485,-91.5670776
6,10560001,Des Moines River near Keokuk,12/01/2005 09:45:00,AMBIENT,7440-44-0,Carbon,Total,,5.3,mg/l,True,0.5,,,415.1,UHL001,Actual,SW,Water,,,Lee,07100009,River/Stream,,40.4620485,-91.5670776
6,10560001,Des Moines River near Keokuk,12/01/2005 09:45:00,AMBIENT,14808-79-8,Sulfate (as SO4),Total,,82,mg/l,True,1,,,300(A),UHL001,Actual,SW,Water,,,Lee,07100009,River/Stream,,40.4620485,-91.5670776
6,10560001,Des Moines River near Keokuk,12/01/2005 09:45:00,AMBIENT,16887-00-6,Chloride,Total,,36,mg/l,True,1,,,300(A),UHL001,Actual,SW,Water,,,Lee,07100009,River/Stream,,40.4620485,-91.5670776
6,10560001,Des Moines River near Keokuk,12/01/2005 09:45:00,AMBIENT,CLR-A-FREE,"Chlorophyll a, free of pheophytin",NonFilt,,16,ug/l,True,1,,,445,UHL001,Actual,SW,Water,,,Lee,07100009,River/Stream,,40.4620485,-91.5670776
6,10560001,Des Moines River near Keokuk,12/01/2005 09:45:00,AMBIENT,68583-22-2,Escherichia coli,Total,,10,MPN/100ml,False,10,,,1603,UHL001,Actual,SW,Water,,,Lee,07100009,River/Stream,,40.4620485,-91.5670776
6,10560001,Des Moines River near Keokuk,12/01/2005 09:45:00,AMBIENT,HARD-CARB,"Hardness, carbonate",Total,,350,mg/l,True,1,,,130.2,UHL001,Actual,SW,Water,,,Lee,07100009,River/Stream,,40.4620485,-91.5670776
6,10560001,Des Moines River near Keokuk,01/05/2006 09:25:00,AMBIENT,NIT-NO3-NO2,Inorganic nitrogen (nitrate and nitrite) (as N),Total,,4.8,mg/l,True,0.05,,,353.2,UHL001,Actual,SW,Water,,,Lee,07100009,River/Stream,,40.4620485,-91.5670776
6,10560001,Des Moines River near Keokuk,01/05/2006 09:25:00,AMBIENT,PHOSP-PHOSP,Phosphate-phosphorus (as P),Total,,0.32,mg/l,True,0.02,,,365.4,UHL001,Actual,SW,Water,,,Lee,07100009,River/Stream,,40.4620485,-91.5670776
6,10560001,Des Moines River near Keokuk,01/05/2006 09:25:00,AMBIENT,14265-44-2,Orthophosphate (as P),Dissolved,,0.22,mg/l,True,0.02,,,365.1,UHL001,Actual,SW,Water,,,Lee,07100009,River/Stream,,40.4620485,-91.5670776
6,10560001,Des Moines River near Keokuk,01/05/2006 09:25:00,AMBIENT,7631-86-9,Silica,Dissolved,,15,mg/l,True,1,,,370.1,UHL001,Actual,SW,Water,,,Lee,07100009,River/Stream,,40.4620485,-91.5670776
6,10560001,Des Moines River near Keokuk,01/05/2006 09:25:00,AMBIENT,TDS,Total dissolved solids,Dissolved,,510,mg/l,True,1,,,160.1,UHL001,Actual,SW,Water,,,Lee,07100009,River/Stream,,40.4620485,-91.5670776
6,10560001,Des Moines River near Keokuk,01/05/2006 09:25:00,AMBIENT,TFSS,Fixed suspended solids,NonFilt,,21,mg/l,True,1,,,160.4,UHL001,Calculated,SW,Water,,,Lee,07100009,River/Stream,,40.4620485,-91.5670776
6,10560001,Des Moines River near Keokuk,01/05/2006 09:25:00,AMBIENT,TVSS,Volatile Suspended Solids,NonFilt,,5,mg/l,True,1,,,160.4,UHL001,Actual,SW,Water,,,Lee,07100009,River/Stream,,40.4620485,-91.5670776
6,10560001,Des Moines River near Keokuk,01/05/2006 09:25:00,AMBIENT,TSS,Total suspended solids,NonFilt,,26,mg/l,True,1,,,I3765,UHL001,Actual,SW,Water,,,Lee,07100009,River/Stream,,40.4620485,-91.5670776
6,10560001,Des Moines River near Keokuk,01/05/2006 09:25:00,AMBIENT,SPEC-COND,Specific conductance,Total,,830,uS/cm,True,1,,,2510,UHL001,Actual,SW,Water,,,Lee,07100009,River/Stream,,40.4620485,-91.5670776
6,10560001,Des Moines River near Keokuk,01/05/2006 09:25:00,AMBIENT,TURB,Turbidity,Total,,13,NTU,True,1,,,180.1,UHL001,Actual,SW,Water,,,Lee,07100009,River/Stream,,40.4620485,-91.5670776
6,10560001,Des Moines River near Keokuk,02/01/2006 12:35:00,AMBIENT,7782-44-7,Dissolved oxygen (DO),Total,,17,mg/l,True,0.1,,,4500-O-G,,Actual,SW,Water,,,Lee,07100009,River/Stream,,40.4620485,-91.5670776
6,10560001,Des Moines River near Keokuk,02/01/2006 12:35:00,AMBIENT,FLOW,Flow,Total,,3100,cfs,True,0.1,,,USGS CA8,,Actual,SW,Water,,,Lee,07100009,River/Stream,,40.4620485,-91.5670776
6,10560001,Des Moines River near Keokuk,02/01/2006 12:35:00,AMBIENT,PH,pH,Total,,9.1,None,True,,,,4500-H,,Actual,SW,Water,,,Lee,07100009,River/Stream,,40.4620485,-91.5670776
6,10560001,Des Moines River near Keokuk,02/01/2006 12:35:00,AMBIENT,TEMP-WATER,"Temperature, water",Total,,5.6,deg C,True,0,,,2550,,Actual,SW,Water,,,Lee,07100009,River/Stream,,40.4620485,-91.5670776
6,10560001,Des Moines River near Keokuk,02/01/2006 12:35:00,AMBIENT,1007-28-9,2-Choro-6-ethylamino-4-amino-s-triazine,Total,,0.05,ug/l,False,0.05,,,507,UHL001,Actual,SW,Water,,,Lee,07100009,River/Stream,,40.4620485,-91.5670776
6,10560001,Des Moines River near Keokuk,02/01/2006 12:35:00,AMBIENT,122-34-9,Simazine,Total,,0.05,ug/l,False,0.05,,,507,UHL001,Actual,SW,Water,,,Lee,07100009,River/Stream,,40.4620485,-91.5670776
6,10560001,Des Moines River near Keokuk,02/01/2006 12:35:00,AMBIENT,139-40-2,Propazine,Total,,0.05,ug/l,False,0.05,,,507,UHL001,Actual,SW,Water,,,Lee,07100009,River/Stream,,40.4620485,-91.5670776
6,10560001,Des Moines River near Keokuk,02/01/2006 12:35:00,AMBIENT,1582-09-8,Trifluralin,Total,,0.05,ug/l,False,0.05,,,507,UHL001,Actual,SW,Water,,,Lee,07100009,River/Stream,,40.4620485,-91.5670776
6,10560001,Des Moines River near Keokuk,02/01/2006 12:35:00,AMBIENT,15972-60-8,Alachlor,Total,,0.05,ug/l,False,0.05,,,507,UHL001,Actual,SW,Water,,,Lee,07100009,River/Stream,,40.4620485,-91.5670776
6,10560001,Des Moines River near Keokuk,02/01/2006 12:35:00,AMBIENT,1610-18-0,Prometon,Total,,0.05,ug/l,False,0.05,,,507,UHL001,Actual,SW,Water,,,Lee,07100009,River/Stream,,40.4620485,-91.5670776
6,10560001,Des Moines River near Keokuk,02/01/2006 12:35:00,AMBIENT,1912-24-9,Atrazine,Total,,0.05,ug/l,False,0.05,,,507,UHL001,Actual,SW,Water,,,Lee,07100009,River/Stream,,40.4620485,-91.5670776
6,10560001,Des Moines River near Keokuk,02/01/2006 12:35:00,AMBIENT,1918-16-7,Propachlor,Total,,0.05,ug/l,False,0.05,,,507,UHL001,Actual,SW,Water,,,Lee,07100009,River/Stream,,40.4620485,-91.5670776
6,10560001,Des Moines River near Keokuk,02/01/2006 12:35:00,AMBIENT,2008-41-5,Butylate,Total,,0.05,ug/l,False,0.05,,,507,UHL001,Actual,SW,Water,,,Lee,07100009,River/Stream,,40.4620485,-91.5670776
6,10560001,Des Moines River near Keokuk,02/01/2006 12:35:00,AMBIENT,21087-64-9,Metribuzin,Total,,0.05,ug/l,False,0.05,,,507,UHL001,Actual,SW,Water,,,Lee,07100009,River/Stream,,40.4620485,-91.5670776
6,10560001,Des Moines River near Keokuk,02/01/2006 12:35:00,AMBIENT,21725-46-2,Cyanazine,Total,,0.05,ug/l,False,0.05,,,507,UHL001,Actual,SW,Water,,,Lee,07100009,River/Stream,,40.4620485,-91.5670776
6,10560001,Des Moines River near Keokuk,02/01/2006 12:35:00,AMBIENT,34256-82-1,Acetochlor,Total,,0.05,ug/l,False,0.05,,,507,UHL001,Actual,SW,Water,,,Lee,07100009,River/Stream,,40.4620485,-91.5670776
6,10560001,Des Moines River near Keokuk,02/01/2006 12:35:00,AMBIENT,51218-45-2,Metolachlor,Total,,0.05,ug/l,False,0.05,,,507,UHL001,Actual,SW,Water,,,Lee,07100009,River/Stream,,40.4620485,-91.5670776
6,10560001,Des Moines River near Keokuk,02/01/2006 12:35:00,AMBIENT,6190-65-4,2-Chloro-4-isopropylamino-6-amino-s-triazine,Total,,0.05,ug/l,False,0.05,,,507,UHL001,Actual,SW,Water,,,Lee,07100009,River/Stream,,40.4620485,-91.5670776
6,10560001,Des Moines River near Keokuk,02/01/2006 12:35:00,AMBIENT,759-94-4,S-Ethyl dipropylthiocarbamate,Total,,0.05,ug/l,False,0.05,,,507,UHL001,Actual,SW,Water,,,Lee,07100009,River/Stream,,40.4620485,-91.5670776
6,10560001,Des Moines River near Keokuk,02/01/2006 12:35:00,AMBIENT,834-12-8,Ametryn,Total,,0.05,ug/l,False,0.05,,,507,UHL001,Actual,SW,Water,,,Lee,07100009,River/Stream,,40.4620485,-91.5670776
6,10560001,Des Moines River near Keokuk,02/01/2006 12:35:00,AMBIENT,87674-68-8,Dimethenamid,Total,,0.05,ug/l,False,0.05,,,507,UHL001,Actual,SW,Water,,,Lee,07100009,River/Stream,,40.4620485,-91.5670776
6,10560001,Des Moines River near Keokuk,02/01/2006 12:35:00,AMBIENT,CBOD-SC,"Carbonaceous biochemical oxygen demand, standard conditions",Total,,4,mg/l,True,2,,,5210-B,UHL001,Actual,SW,Water,,,Lee,07100009,River/Stream,,40.4620485,-91.5670776
6,10560001,Des Moines River near Keokuk,02/01/2006 12:35:00,AMBIENT,7440-44-0,Carbon,Total,,6.6,mg/l,True,0.5,,,415.1,UHL001,Actual,SW,Water,,,Lee,07100009,River/Stream,,40.4620485,-91.5670776
6,10560001,Des Moines River near Keokuk,02/01/2006 12:35:00,AMBIENT,14808-79-8,Sulfate (as SO4),Total,,100,mg/l,True,1,,,300(A),UHL001,Actual,SW,Water,,,Lee,07100009,River/Stream,,40.4620485,-91.5670776
6,10560001,Des Moines River near Keokuk,02/01/2006 12:35:00,AMBIENT,16887-00-6,Chloride,Total,,40,mg/l,True,1,,,300(A),UHL001,Actual,SW,Water,,,Lee,07100009,River/Stream,,40.4620485,-91.5670776
6,10560001,Des Moines River near Keokuk,02/01/2006 12:35:00,AMBIENT,CLR-A-FREE,"Chlorophyll a, free of pheophytin",NonFilt,,220,ug/l,True,1,,,445,UHL001,Actual,SW,Water,,,Lee,07100009,River/Stream,,40.4620485,-91.5670776
6,10560001,Des Moines River near Keokuk,02/01/2006 12:35:00,AMBIENT,68583-22-2,Escherichia coli,Total,,20,MPN/100ml,True,10,,,1603,UHL001,Actual,SW,Water,,,Lee,07100009,River/Stream,,40.4620485,-91.5670776
6,10560001,Des Moines River near Keokuk,02/01/2006 12:35:00,AMBIENT,HARD-CARB,"Hardness, carbonate",Total,,380,mg/l,True,1,,,130.2,UHL001,Actual,SW,Water,,,Lee,07100009,River/Stream,,40.4620485,-91.5670776
6,10560001,Des Moines River near Keokuk,02/01/2006 12:35:00,AMBIENT,NIT-AMM,Ammonia-nitrogen (as N),Total,,0.05,mg/l,False,0.05,,,350.1,UHL001,Actual,SW,Water,,,Lee,07100009,River/Stream,,40.4620485,-91.5670776
6,10560001,Des Moines River near Keokuk,02/01/2006 12:35:00,AMBIENT,NIT-KJELD,Kjeldahl nitrogen (AS N),Total,,2,mg/l,True,0.1,,,351.2,UHL001,Actual,SW,Water,,,Lee,07100009,River/Stream,,40.4620485,-91.5670776
6,10560001,Des Moines River near Keokuk,02/01/2006 12:35:00,AMBIENT,NIT-NO3-NO2,Inorganic nitrogen (nitrate and nitrite) (as N),Total,,4.4,mg/l,True,0.05,,,353.2,UHL001,Actual,SW,Water,,,Lee,07100009,River/Stream,,40.4620485,-91.5670776
6,10560001,Des Moines River near Keokuk,02/01/2006 12:35:00,AMBIENT,PHOSP-PHOSP,Phosphate-phosphorus (as P),Total,,0.36,mg/l,True,0.02,,,365.4,UHL001,Actual,SW,Water,,,Lee,07100009,River/Stream,,40.4620485,-91.5670776
6,10560001,Des Moines River near Keokuk,02/01/2006 12:35:00,AMBIENT,14265-44-2,Orthophosphate (as P),Dissolved,,0.08,mg/l,True,0.02,,,365.1,UHL001,Actual,SW,Water,,,Lee,07100009,River/Stream,,40.4620485,-91.5670776
6,10560001,Des Moines River near Keokuk,02/01/2006 12:35:00,AMBIENT,7631-86-9,Silica,Dissolved,,10,mg/l,True,1,,,370.1,UHL001,Actual,SW,Water,,,Lee,07100009,River/Stream,,40.4620485,-91.5670776
6,10560001,Des Moines River near Keokuk,02/01/2006 12:35:00,AMBIENT,TDS,Total dissolved solids,Dissolved,,450,mg/l,True,1,,,160.1,UHL001,Actual,SW,Water,,,Lee,07100009,River/Stream,,40.4620485,-91.5670776
6,10560001,Des Moines River near Keokuk,02/01/2006 12:35:00,AMBIENT,TFSS,Fixed suspended solids,NonFilt,,57,mg/l,True,1,,,160.4,UHL001,Calculated,SW,Water,,,Lee,07100009,River/Stream,,40.4620485,-91.5670776
6,10560001,Des Moines River near Keokuk,02/01/2006 12:35:00,AMBIENT,TVSS,Volatile Suspended Solids,NonFilt,,17,mg/l,True,1,,,160.4,UHL001,Actual,SW,Water,,,Lee,07100009,River/Stream,,40.4620485,-91.5670776
6,10560001,Des Moines River near Keokuk,03/01/2006 08:30:00,AMBIENT,7782-44-7,Dissolved oxygen (DO),Total,,12.7,mg/l,True,0.1,,,4500-O-G,,Actual,SW,Water,,,Lee,07100009,River/Stream,,40.4620485,-91.5670776
6,10560001,Des Moines River near Keokuk,03/01/2006 08:30:00,AMBIENT,FLOW,Flow,Total,,3700,cfs,True,0.1,,,USGS CA8,,Actual,SW,Water,,,Lee,07100009,River/Stream,,40.4620485,-91.5670776
6,10560001,Des Moines River near Keokuk,03/01/2006 08:30:00,AMBIENT,PH,pH,Total,,8.5,None,True,,,,4500-H,,Actual,SW,Water,,,Lee,07100009,River/Stream,,40.4620485,-91.5670776
6,10560001,Des Moines River near Keokuk,03/01/2006 08:30:00,AMBIENT,TEMP-WATER,"Temperature, water",Total,,5.6,deg C,True,0,,,2550,,Actual,SW,Water,,,Lee,07100009,River/Stream,,40.4620485,-91.5670776
6,10560001,Des Moines River near Keokuk,03/01/2006 08:30:00,AMBIENT,1007-28-9,2-Choro-6-ethylamino-4-amino-s-triazine,Total,,0.05,ug/l,False,0.05,,,507,UHL001,Actual,SW,Water,,,Lee,07100009,River/Stream,,40.4620485,-91.5670776
6,10560001,Des Moines River near Keokuk,03/01/2006 08:30:00,AMBIENT,122-34-9,Simazine,Total,,0.05,ug/l,False,0.05,,,507,UHL001,Actual,SW,Water,,,Lee,07100009,River/Stream,,40.4620485,-91.5670776
6,10560001,Des Moines River near Keokuk,03/01/2006 08:30:00,AMBIENT,139-40-2,Propazine,Total,,0.05,ug/l,False,0.05,,,507,UHL001,Actual,SW,Water,,,Lee,07100009,River/Stream,,40.4620485,-91.5670776
6,10560001,Des Moines River near Keokuk,03/01/2006 08:30:00,AMBIENT,1582-09-8,Trifluralin,Total,,0.05,ug/l,False,0.05,,,507,UHL001,Actual,SW,Water,,,Lee,07100009,River/Stream,,40.4620485,-91.5670776
6,10560001,Des Moines River near Keokuk,03/01/2006 08:30:00,AMBIENT,15972-60-8,Alachlor,Total,,0.05,ug/l,False,0.05,,,507,UHL001,Actual,SW,Water,,,Lee,07100009,River/Stream,,40.4620485,-91.5670776
6,10560001,Des Moines River near Keokuk,03/01/2006 08:30:00,AMBIENT,1610-18-0,Prometon,Total,,0.05,ug/l,False,0.05,,,507,UHL001,Actual,SW,Water,,,Lee,07100009,River/Stream,,40.4620485,-91.5670776
6,10560001,Des Moines River near Keokuk,03/01/2006 08:30:00,AMBIENT,1912-24-9,Atrazine,Total,,0.05,ug/l,False,0.05,,,507,UHL001,Actual,SW,Water,,,Lee,07100009,River/Stream,,40.4620485,-91.5670776
6,10560001,Des Moines River near Keokuk,03/01/2006 08:30:00,AMBIENT,1918-16-7,Propachlor,Total,,0.05,ug/l,False,0.05,,,507,UHL001,Actual,SW,Water,,,Lee,07100009,River/Stream,,40.4620485,-91.5670776
6,10560001,Des Moines River near Keokuk,03/01/2006 08:30:00,AMBIENT,2008-41-5,Butylate,Total,,0.05,ug/l,False,0.05,,,507,UHL001,Actual,SW,Water,,,Lee,07100009,River/Stream,,40.4620485,-91.5670776
6,10560001,Des Moines River near Keokuk,03/01/2006 08:30:00,AMBIENT,21087-64-9,Metribuzin,Total,,0.05,ug/l,False,0.05,,,507,UHL001,Actual,SW,Water,,,Lee,07100009,River/Stream,,40.4620485,-91.5670776
6,10560001,Des Moines River near Keokuk,03/01/2006 08:30:00,AMBIENT,21725-46-2,Cyanazine,Total,,0.05,ug/l,False,0.05,,,507,UHL001,Actual,SW,Water,,,Lee,07100009,River/Stream,,40.4620485,-91.5670776
6,10560001,Des Moines River near Keokuk,03/01/2006 08:30:00,AMBIENT,34256-82-1,Acetochlor,Total,,0.05,ug/l,False,0.05,,,507,UHL001,Actual,SW,Water,,,Lee,07100009,River/Stream,,40.4620485,-91.5670776
6,10560001,Des Moines River near Keokuk,03/01/2006 08:30:00,AMBIENT,51218-45-2,Metolachlor,Total,,0.05,ug/l,False,0.05,,,507,UHL001,Actual,SW,Water,,,Lee,07100009,River/Stream,,40.4620485,-91.5670776
6,10560001,Des Moines River near Keokuk,03/01/2006 08:30:00,AMBIENT,6190-65-4,2-Chloro-4-isopropylamino-6-amino-s-triazine,Total,,0.05,ug/l,False,0.05,,,507,UHL001,Actual,SW,Water,,,Lee,07100009,River/Stream,,40.4620485,-91.5670776
6,10560001,Des Moines River near Keokuk,03/01/2006 08:30:00,AMBIENT,759-94-4,S-Ethyl dipropylthiocarbamate,Total,,0.05,ug/l,False,0.05,,,507,UHL001,Actual,SW,Water,,,Lee,07100009,River/Stream,,40.4620485,-91.5670776
6,10560001,Des Moines River near Keokuk,03/01/2006 08:30:00,AMBIENT,834-12-8,Ametryn,Total,,0.05,ug/l,False,0.05,,,507,UHL001,Actual,SW,Water,,,Lee,07100009,River/Stream,,40.4620485,-91.5670776
6,10560001,Des Moines River near Keokuk,03/01/2006 08:30:00,AMBIENT,87674-68-8,Dimethenamid,Total,,0.05,ug/l,False,0.05,,,507,UHL001,Actual,SW,Water,,,Lee,07100009,River/Stream,,40.4620485,-91.5670776
6,10560001,Des Moines River near Keokuk,04/04/2006 09:25:00,AMBIENT,68583-22-2,Escherichia coli,Total,,610,MPN/100ml,True,10,,,1603,UHL001,Actual,SW,Water,,,Lee,07100009,River/Stream,,40.4620485,-91.5670776
6,10560001,Des Moines River near Keokuk,04/04/2006 09:25:00,AMBIENT,HARD-CARB,"Hardness, carbonate",Total,,340,mg/l,True,1,,,130.2,UHL001,Actual,SW,Water,,,Lee,07100009,River/Stream,,40.4620485,-91.5670776
6,10560001,Des Moines River near Keokuk,04/04/2006 09:25:00,AMBIENT,7439-97-6,Mercury,Total,,5E-05,mg/l,False,0.00005,,,245.2,UHL001,Actual,SW,Water,,,Lee,07100009,River/Stream,,40.4620485,-91.5670776
6,10560001,Des Moines River near Keokuk,04/04/2006 09:25:00,AMBIENT,NIT-AMM,Ammonia-nitrogen (as N),Total,,0.07,mg/l,True,0.05,,,350.1,UHL001,Actual,SW,Water,,,Lee,07100009,River/Stream,,40.4620485,-91.5670776
6,10560001,Des Moines River near Keokuk,04/04/2006 09:25:00,AMBIENT,NIT-KJELD,Kjeldahl nitrogen (AS N),Total,,1.7,mg/l,True,0.1,,,351.2,UHL001,Actual,SW,Water,,,Lee,07100009,River/Stream,,40.4620485,-91.5670776
6,10560001,Des Moines River near Keokuk,04/04/2006 09:25:00,AMBIENT,NIT-NO3-NO2,Inorganic nitrogen (nitrate and nitrite) (as N),Total,,6.8,mg/l,True,0.05,,,353.2,UHL001,Actual,SW,Water,,,Lee,07100009,River/Stream,,40.4620485,-91.5670776
6,10560001,Des Moines River near Keokuk,04/04/2006 09:25:00,AMBIENT,PHOSP-PHOSP,Phosphate-phosphorus (as P),Total,,0.48,mg/l,True,0.02,,,365.4,UHL001,Actual,SW,Water,,,Lee,07100009,River/Stream,,40.4620485,-91.5670776
6,10560001,Des Moines River near Keokuk,04/04/2006 09:25:00,AMBIENT,14265-44-2,Orthophosphate (as P),Dissolved,,0.11,mg/l,True,0.02,,,365.1,UHL001,Actual,SW,Water,,,Lee,07100009,River/Stream,,40.4620485,-91.5670776
6,10560001,Des Moines River near Keokuk,04/04/2006 09:25:00,AMBIENT,7631-86-9,Silica,Dissolved,,12,mg/l,True,1,,,370.1,UHL001,Actual,SW,Water,,,Lee,07100009,River/Stream,,40.4620485,-91.5670776
6,10560001,Des Moines River near Keokuk,04/04/2006 09:25:00,AMBIENT,TDS,Total dissolved solids,Dissolved,,430,mg/l,True,1,,,160.1,UHL001,Actual,SW,Water,,,Lee,07100009,River/Stream,,40.4620485,-91.5670776
6,10560001,Des Moines River near Keokuk,04/04/2006 09:25:00,AMBIENT,TFSS,Fixed suspended solids,NonFilt,,280,mg/l,True,1,,,160.4,UHL001,Calculated,SW,Water,,,Lee,07100009,River/Stream,,40.4620485,-91.5670776
6,10560001,Des Moines River near Keokuk,04/04/2006 09:25:00,AMBIENT,TVSS,Volatile Suspended Solids,NonFilt,,38,mg/l,True,1,,,160.4,UHL001,Actual,SW,Water,,,Lee,07100009,River/Stream,,40.4620485,-91.5670776
6,10560001,Des Moines River near Keokuk,04/04/2006 09:25:00,AMBIENT,TSS,Total suspended solids,NonFilt,,320,mg/l,True,1,,,I3765,UHL001,Actual,SW,Water,,,Lee,07100009,River/Stream,,40.4620485,-91.5670776
6,10560001,Des Moines River near Keokuk,04/04/2006 09:25:00,AMBIENT,SPEC-COND,Specific conductance,Total,,680,uS/cm,True,1,,,2510,UHL001,Actual,SW,Water,,,Lee,07100009,River/Stream,,40.4620485,-91.5670776
6,10560001,Des Moines River near Keokuk,04/04/2006 09:25:00,AMBIENT,TURB,Turbidity,Total,,150,NTU,True,1,,,180.1,UHL001,Actual,SW,Water,,,Lee,07100009,River/Stream,,40.4620485,-91.5670776
6,10560001,Des Moines River near Keokuk,05/03/2006 09:20:00,AMBIENT,14265-44-2,Orthophosphate (as P),Dissolved,,0.12,mg/l,True,0.02,,,365.1,UHL001,Actual,SW,Water,,,Lee,07100009,River/Stream,,40.4620485,-91.5670776
6,10560001,Des Moines River near Keokuk,05/03/2006 09:20:00,AMBIENT,7631-86-9,Silica,Dissolved,,15,mg/l,True,1,,,370.1,UHL001,Actual,SW,Water,,,Lee,07100009,River/Stream,,40.4620485,-91.5670776
6,10560001,Des Moines River near Keokuk,05/03/2006 09:20:00,AMBIENT,TDS,Total dissolved solids,Dissolved,,440,mg/l,True,1,,,160.1,UHL001,Actual,SW,Water,,,Lee,07100009,River/Stream,,40.4620485,-91.5670776
6,10560001,Des Moines River near Keokuk,05/03/2006 09:20:00,AMBIENT,TFSS,Fixed suspended solids,NonFilt,,160,mg/l,True,1,,,160.4,UHL001,Calculated,SW,Water,,,Lee,07100009,River/Stream,,40.4620485,-91.5670776
6,10560001,Des Moines River near Keokuk,05/03/2006 09:20:00,AMBIENT,TVSS,Volatile Suspended Solids,NonFilt,,15,mg/l,True,1,,,160.4,UHL001,Actual,SW,Water,,,Lee,07100009,River/Stream,,40.4620485,-91.5670776
6,10560001,Des Moines River near Keokuk,05/03/2006 09:20:00,AMBIENT,TSS,Total suspended solids,NonFilt,,180,mg/l,True,1,,,I3765,UHL001,Actual,SW,Water,,,Lee,07100009,River/Stream,,40.4620485,-91.5670776
6,10560001,Des Moines River near Keokuk,05/03/2006 09:20:00,AMBIENT,SPEC-COND,Specific conductance,Total,,710,uS/cm,True,1,,,2510,UHL001,Actual,SW,Water,,,Lee,07100009,River/Stream,,40.4620485,-91.5670776
6,10560001,Des Moines River near Keokuk,05/03/2006 09:20:00,AMBIENT,TURB,Turbidity,Total,,71,NTU,True,1,,,180.1,UHL001,Actual,SW,Water,,,Lee,07100009,River/Stream,,40.4620485,-91.5670776
6,10560001,Des Moines River near Keokuk,06/06/2006 10:10:00,AMBIENT,7782-44-7,Dissolved oxygen (DO),Total,,12.5,mg/l,True,0.1,,,4500-O-G,,Actual,SW,Water,,,Lee,07100009,River/Stream,,40.4620485,-91.5670776
6,10560001,Des Moines River near Keokuk,06/06/2006 10:10:00,AMBIENT,FLOW,Flow,Total,,6000,cfs,True,0.1,,,USGS CA8,,Actual,SW,Water,,,Lee,07100009,River/Stream,,40.4620485,-91.5670776
6,10560001,Des Moines River near Keokuk,06/06/2006 10:10:00,AMBIENT,TURB,Turbidity,Total,,39,NTU,True,1,,,180.1,UHL001,Actual,SW,Water,,,Lee,07100009,River/Stream,,40.4620485,-91.5670776
6,10560001,Des Moines River near Keokuk,07/06/2006 08:40:00,AMBIENT,TSS,Total suspended solids,NonFilt,,67,mg/l,True,1,,,I3765,UHL001,Actual,SW,Water,,,Lee,07100009,River/Stream,,40.4620485,-91.5670776
6,10560001,Des Moines River near Keokuk,07/06/2006 08:40:00,AMBIENT,SPEC-COND,Specific conductance,Total,,520,uS/cm,True,1,,,2510,UHL001,Actual,SW,Water,,,Lee,07100009,River/Stream,,40.4620485,-91.5670776
6,10560001,Des Moines River near Keokuk,07/06/2006 08:40:00,AMBIENT,TURB,Turbidity,Total,,32,NTU,True,1,,,180.1,UHL001,Actual,SW,Water,,,Lee,07100009,River/Stream,,40.4620485,-91.5670776
6,10560001,Des Moines River near Keokuk,08/02/2006 09:45:00,AMBIENT,7782-44-7,Dissolved oxygen (DO),Total,,7.6,mg/l,True,0.1,,,4500-O-G,,Actual,SW,Water,,,Lee,07100009,River/Stream,,40.4620485,-91.5670776
6,10560001,Des Moines River near Keokuk,08/02/2006 09:45:00,AMBIENT,FLOW,Flow,Total,,2100,cfs,True,0.1,,,USGS CA8,,Actual,SW,Water,,,Lee,07100009,River/Stream,,40.4620485,-91.5670776
6,10560001,Des Moines River near Keokuk,08/02/2006 09:45:00,AMBIENT,PH,pH,Total,,8.9,None,True,,,,4500-H,,Actual,SW,Water,,,Lee,07100009,River/Stream,,40.4620485,-91.5670776
6,10560001,Des Moines River near Keokuk,08/02/2006 09:45:00,AMBIENT,TEMP-WATER,"Temperature, water",Total,,30.1,deg C,True,0,,,2550,,Actual,SW,Water,,,Lee,07100009,River/Stream,,40.4620485,-91.5670776
6,10560001,Des Moines River near Keokuk,08/02/2006 09:45:00,AMBIENT,1007-28-9,2-Choro-6-ethylamino-4-amino-s-triazine,Total,,0.05,ug/l,False,0.05,,,507,UHL001,Actual,SW,Water,,,Lee,07100009,River/Stream,,40.4620485,-91.5670776
6,10560001,Des Moines River near Keokuk,08/02/2006 09:45:00,AMBIENT,122-34-9,Simazine,Total,,0.05,ug/l,False,0.05,,,507,UHL001,Actual,SW,Water,,,Lee,07100009,River/Stream,,40.4620485,-91.5670776
6,10560001,Des Moines River near Keokuk,08/02/2006 09:45:00,AMBIENT,139-40-2,Propazine,Total,,0.05,ug/l,False,0.05,,,507,UHL001,Actual,SW,Water,,,Lee,07100009,River/Stream,,40.4620485,-91.5670776
6,10560001,Des Moines River near Keokuk,08/02/2006 09:45:00,AMBIENT,1582-09-8,Trifluralin,Total,,0.05,ug/l,False,0.05,,,507,UHL001,Actual,SW,Water,,,Lee,07100009,River/Stream,,40.4620485,-91.5670776
6,10560001,Des Moines River near Keokuk,08/02/2006 09:45:00,AMBIENT,15972-60-8,Alachlor,Total,,0.05,ug/l,False,0.05,,,507,UHL001,Actual,SW,Water,,,Lee,07100009,River/Stream,,40.4620485,-91.5670776
6,10560001,Des Moines River near Keokuk,08/02/2006 09:45:00,AMBIENT,1610-18-0,Prometon,Total,,0.05,ug/l,False,0.05,,,507,UHL001,Actual,SW,Water,,,Lee,07100009,River/Stream,,40.4620485,-91.5670776
6,10560001,Des Moines River near Keokuk,08/02/2006 09:45:00,AMBIENT,1912-24-9,Atrazine,Total,,0.18,ug/l,True,0.05,,,507,UHL001,Actual,SW,Water,,,Lee,07100009,River/Stream,,40.4620485,-91.5670776
6,10560001,Des Moines River near Keokuk,08/02/2006 09:45:00,AMBIENT,1918-16-7,Propachlor,Total,,0.05,ug/l,False,0.05,,,507,UHL001,Actual,SW,Water,,,Lee,07100009,River/Stream,,40.4620485,-91.5670776
6,10560001,Des Moines River near Keokuk,08/02/2006 09:45:00,AMBIENT,2008-41-5,Butylate,Total,,0.05,ug/l,False,0.05,,,507,UHL001,Actual,SW,Water,,,Lee,07100009,River/Stream,,40.4620485,-91.5670776
6,10560001,Des Moines River near Keokuk,08/02/2006 09:45:00,AMBIENT,21087-64-9,Metribuzin,Total,,0.05,ug/l,False,0.05,,,507,UHL001,Actual,SW,Water,,,Lee,07100009,River/Stream,,40.4620485,-91.5670776
6,10560001,Des Moines River near Keokuk,08/02/2006 09:45:00,AMBIENT,21725-46-2,Cyanazine,Total,,0.05,ug/l,False,0.05,,,507,UHL001,Actual,SW,Water,,,Lee,07100009,River/Stream,,40.4620485,-91.5670776
6,10560001,Des Moines River near Keokuk,08/02/2006 09:45:00,AMBIENT,34256-82-1,Acetochlor,Total,,0.05,ug/l,False,0.05,,,507,UHL001,Actual,SW,Water,,,Lee,07100009,River/Stream,,40.4620485,-91.5670776
6,10560001,Des Moines River near Keokuk,08/02/2006 09:45:00,AMBIENT,51218-45-2,Metolachlor,Total,,0.05,ug/l,False,0.05,,,507,UHL001,Actual,SW,Water,,,Lee,07100009,River/Stream,,40.4620485,-91.5670776
6,10560001,Des Moines River near Keokuk,08/02/2006 09:45:00,AMBIENT,6190-65-4,2-Chloro-4-isopropylamino-6-amino-s-triazine,Total,,0.056,ug/l,True,0.05,,,507,UHL001,Actual,SW,Water,,,Lee,07100009,River/Stream,,40.4620485,-91.5670776
6,10560001,Des Moines River near Keokuk,08/02/2006 09:45:00,AMBIENT,759-94-4,S-Ethyl dipropylthiocarbamate,Total,,0.05,ug/l,False,0.05,,,507,UHL001,Actual,SW,Water,,,Lee,07100009,River/Stream,,40.4620485,-91.5670776
6,10560001,Des Moines River near Keokuk,08/02/2006 09:45:00,AMBIENT,834-12-8,Ametryn,Total,,0.05,ug/l,False,0.05,,,507,UHL001,Actual,SW,Water,,,Lee,07100009,River/Stream,,40.4620485,-91.5670776
6,10560001,Des Moines River near Keokuk,08/02/2006 09:45:00,AMBIENT,87674-68-8,Dimethenamid,Total,,0.05,ug/l,False,0.05,,,507,UHL001,Actual,SW,Water,,,Lee,07100009,River/Stream,,40.4620485,-91.5670776
6,10560001,Des Moines River near Keokuk,08/02/2006 09:45:00,AMBIENT,CBOD-SC,"Carbonaceous biochemical oxygen demand, standard conditions",Total,,8,mg/l,True,2,,,5210-B,UHL001,Actual,SW,Water,,,Lee,07100009,River/Stream,,40.4620485,-91.5670776
6,10560001,Des Moines River near Keokuk,08/02/2006 09:45:00,AMBIENT,7440-44-0,Carbon,Total,,8.3,mg/l,True,0.5,,,415.1,UHL001,Actual,SW,Water,,,Lee,07100009,River/Stream,,40.4620485,-91.5670776
6,10560001,Des Moines River near Keokuk,09/12/2006 08:30:00,AMBIENT,7782-44-7,Dissolved oxygen (DO),Total,,7.1,mg/l,True,0.1,,,4500-O-G,,Actual,SW,Water,,,Lee,07100009,River/Stream,,40.4620485,-91.5670776
6,10560001,Des Moines River near Keokuk,09/12/2006 08:30:00,AMBIENT,FLOW,Flow,Total,,1200,cfs,True,0.1,,,USGS CA8,,Actual,SW,Water,,,Lee,07100009,River/Stream,,40.4620485,-91.5670776
6,10560001,Des Moines River near Keokuk,09/12/2006 08:30:00,AMBIENT,PH,pH,Total,,8.8,None,True,,,,4500-H,,Actual,SW,Water,,,Lee,07100009,River/Stream,,40.4620485,-91.5670776
6,10560001,Des Moines River near Keokuk,09/12/2006 08:30:00,AMBIENT,TEMP-WATER,"Temperature, water",Total,,21.2,deg C,True,0,,,2550,,Actual,SW,Water,,,Lee,07100009,River/Stream,,40.4620485,-91.5670776
6,10560001,Des Moines River near Keokuk,09/12/2006 08:30:00,AMBIENT,1007-28-9,2-Choro-6-ethylamino-4-amino-s-triazine,Total,,0.05,ug/l,False,0.05,,,507,UHL001,Actual,SW,Water,,,Lee,07100009,River/Stream,,40.4620485,-91.5670776
6,10560001,Des Moines River near Keokuk,09/12/2006 08:30:00,AMBIENT,122-34-9,Simazine,Total,,0.05,ug/l,False,0.05,,,507,UHL001,Actual,SW,Water,,,Lee,07100009,River/Stream,,40.4620485,-91.5670776
6,10560001,Des Moines River near Keokuk,09/12/2006 08:30:00,AMBIENT,139-40-2,Propazine,Total,,0.05,ug/l,False,0.05,,,507,UHL001,Actual,SW,Water,,,Lee,07100009,River/Stream,,40.4620485,-91.5670776
6,10560001,Des Moines River near Keokuk,09/12/2006 08:30:00,AMBIENT,1582-09-8,Trifluralin,Total,,0.05,ug/l,False,0.05,,,507,UHL001,Actual,SW,Water,,,Lee,07100009,River/Stream,,40.4620485,-91.5670776
6,10560001,Des Moines River near Keokuk,09/12/2006 08:30:00,AMBIENT,15972-60-8,Alachlor,Total,,0.05,ug/l,False,0.05,,,507,UHL001,Actual,SW,Water,,,Lee,07100009,River/Stream,,40.4620485,-91.5670776
6,10560001,Des Moines River near Keokuk,09/12/2006 08:30:00,AMBIENT,1610-18-0,Prometon,Total,,0.05,ug/l,False,0.05,,,507,UHL001,Actual,SW,Water,,,Lee,07100009,River/Stream,,40.4620485,-91.5670776
6,10560001,Des Moines River near Keokuk,09/12/2006 08:30:00,AMBIENT,1912-24-9,Atrazine,Total,,0.11,ug/l,True,0.05,,,507,UHL001,Actual,SW,Water,,,Lee,07100009,River/Stream,,40.4620485,-91.5670776
6,10560001,Des Moines River near Keokuk,09/12/2006 08:30:00,AMBIENT,1918-16-7,Propachlor,Total,,0.05,ug/l,False,0.05,,,507,UHL001,Actual,SW,Water,,,Lee,07100009,River/Stream,,40.4620485,-91.5670776
6,10560001,Des Moines River near Keokuk,09/12/2006 08:30:00,AMBIENT,2008-41-5,Butylate,Total,,0.05,ug/l,False,0.05,,,507,UHL001,Actual,SW,Water,,,Lee,07100009,River/Stream,,40.4620485,-91.5670776
6,10560001,Des Moines River near Keokuk,09/12/2006 08:30:00,AMBIENT,21087-64-9,Metribuzin,Total,,0.05,ug/l,False,0.05,,,507,UHL001,Actual,SW,Water,,,Lee,07100009,River/Stream,,40.4620485,-91.5670776
6,10560001,Des Moines River near Keokuk,09/12/2006 08:30:00,AMBIENT,21725-46-2,Cyanazine,Total,,0.05,ug/l,False,0.05,,,507,UHL001,Actual,SW,Water,,,Lee,07100009,River/Stream,,40.4620485,-91.5670776
6,10560001,Des Moines River near Keokuk,09/12/2006 08:30:00,AMBIENT,34256-82-1,Acetochlor,Total,,0.05,ug/l,False,0.05,,,507,UHL001,Actual,SW,Water,,,Lee,07100009,River/Stream,,40.4620485,-91.5670776
6,10560001,Des Moines River near Keokuk,09/12/2006 08:30:00,AMBIENT,51218-45-2,Metolachlor,Total,,0.05,ug/l,False,0.05,,,507,UHL001,Actual,SW,Water,,,Lee,07100009,River/Stream,,40.4620485,-91.5670776
6,10560001,Des Moines River near Keokuk,09/12/2006 08:30:00,AMBIENT,6190-65-4,2-Chloro-4-isopropylamino-6-amino-s-triazine,Total,,0.05,ug/l,False,0.05,,,507,UHL001,Actual,SW,Water,,,Lee,07100009,River/Stream,,40.4620485,-91.5670776
6,10560001,Des Moines River near Keokuk,09/12/2006 08:30:00,AMBIENT,759-94-4,S-Ethyl dipropylthiocarbamate,Total,,0.05,ug/l,False,0.05,,,507,UHL001,Actual,SW,Water,,,Lee,07100009,River/Stream,,40.4620485,-91.5670776
6,10560001,Des Moines River near Keokuk,09/12/2006 08:30:00,AMBIENT,834-12-8,Ametryn,Total,,0.05,ug/l,False,0.05,,,507,UHL001,Actual,SW,Water,,,Lee,07100009,River/Stream,,40.4620485,-91.5670776
6,10560001,Des Moines River near Keokuk,09/12/2006 08:30:00,AMBIENT,87674-68-8,Dimethenamid,Total,,0.05,ug/l,False,0.05,,,507,UHL001,Actual,SW,Water,,,Lee,07100009,River/Stream,,40.4620485,-91.5670776
6,10560001,Des Moines River near Keokuk,09/12/2006 08:30:00,AMBIENT,CBOD-SC,"Carbonaceous biochemical oxygen demand, standard conditions",Total,,5,mg/l,True,2,,,5210-B,UHL001,Actual,SW,Water,,,Lee,07100009,River/Stream,,40.4620485,-91.5670776
6,10560001,Des Moines River near Keokuk,09/12/2006 08:30:00,AMBIENT,7440-44-0,Carbon,Total,,7.6,mg/l,True,0.5,,,415.1,UHL001,Actual,SW,Water,,,Lee,07100009,River/Stream,,40.4620485,-91.5670776
6,10560001,Des Moines River near Keokuk,09/12/2006 08:30:00,AMBIENT,14808-79-8,Sulfate (as SO4),Total,,70,mg/l,True,1,,,300(A),UHL001,Actual,SW,Water,,,Lee,07100009,River/Stream,,40.4620485,-91.5670776
6,10560001,Des Moines River near Keokuk,09/12/2006 08:30:00,AMBIENT,16887-00-6,Chloride,Total,,36,mg/l,True,1,,,300(A),UHL001,Actual,SW,Water,,,Lee,07100009,River/Stream,,40.4620485,-91.5670776
6,10560001,Des Moines River near Keokuk,09/12/2006 08:30:00,AMBIENT,CLR-A-FREE,"Chlorophyll a, free of pheophytin",NonFilt,,87,ug/l,True,1,,,445,UHL001,Actual,SW,Water,,,Lee,07100009,River/Stream,,40.4620485,-91.5670776
6,10560001,Des Moines River near Keokuk,09/12/2006 08:30:00,AMBIENT,68583-22-2,Escherichia coli,Total,,10,MPN/100ml,True,10,,,1603,UHL001,Actual,SW,Water,,,Lee,07100009,River/Stream,,40.4620485,-91.5670776
6,10560001,Des Moines River near Keokuk,09/12/2006 08:30:00,AMBIENT,HARD-CARB,"Hardness, carbonate",Total,,200,mg/l,True,1,,,130.2,UHL001,Actual,SW,Water,,,Lee,07100009,River/Stream,,40.4620485,-91.5670776
6,10560001,Des Moines River near Keokuk,09/12/2006 08:30:00,AMBIENT,NIT-AMM,Ammonia-nitrogen (as N),Total,,0.05,mg/l,False,0.05,,,350.1,UHL001,Actual,SW,Water,,,Lee,07100009,River/Stream,,40.4620485,-91.5670776
6,10560001,Des Moines River near Keokuk,09/12/2006 08:30:00,AMBIENT,NIT-KJELD,Kjeldahl nitrogen (AS N),Total,,0.9,mg/l,True,0.1,,,351.2,UHL001,Actual,SW,Water,,,Lee,07100009,River/Stream,,40.4620485,-91.5670776
6,10560001,Des Moines River near Keokuk,10/04/2006 10:00:00,AMBIENT,TEMP-WATER,"Temperature, water",Total,,23.2,deg C,True,0,,,2550,,Actual,SW,Water,,,Lee,07100009,River/Stream,,40.4620485,-91.5670776
6,10560001,Des Moines River near Keokuk,10/04/2006 10:00:00,AMBIENT,1007-28-9,2-Choro-6-ethylamino-4-amino-s-triazine,Total,,0.05,ug/l,False,0.05,,,507,UHL001,Actual,SW,Water,,,Lee,07100009,River/Stream,,40.4620485,-91.5670776
6,10560001,Des Moines River near Keokuk,10/04/2006 10:00:00,AMBIENT,122-34-9,Simazine,Total,,0.05,ug/l,False,0.05,,,507,UHL001,Actual,SW,Water,,,Lee,07100009,River/Stream,,40.4620485,-91.5670776
6,10560001,Des Moines River near Keokuk,10/04/2006 10:00:00,AMBIENT,139-40-2,Propazine,Total,,0.05,ug/l,False,0.05,,,507,UHL001,Actual,SW,Water,,,Lee,07100009,River/Stream,,40.4620485,-91.5670776
6,10560001,Des Moines River near Keokuk,10/04/2006 10:00:00,AMBIENT,1582-09-8,Trifluralin,Total,,0.05,ug/l,False,0.05,,,507,UHL001,Actual,SW,Water,,,Lee,07100009,River/Stream,,40.4620485,-91.5670776
6,10560001,Des Moines River near Keokuk,10/04/2006 10:00:00,AMBIENT,15972-60-8,Alachlor,Total,,0.05,ug/l,False,0.05,,,507,UHL001,Actual,SW,Water,,,Lee,07100009,River/Stream,,40.4620485,-91.5670776
6,10560001,Des Moines River near Keokuk,10/04/2006 10:00:00,AMBIENT,1610-18-0,Prometon,Total,,0.05,ug/l,False,0.05,,,507,UHL001,Actual,SW,Water,,,Lee,07100009,River/Stream,,40.4620485,-91.5670776
6,10560001,Des Moines River near Keokuk,10/04/2006 10:00:00,AMBIENT,1912-24-9,Atrazine,Total,,0.078,ug/l,True,0.05,,,507,UHL001,Actual,SW,Water,,,Lee,07100009,River/Stream,,40.4620485,-91.5670776
6,10560001,Des Moines River near Keokuk,10/04/2006 10:00:00,AMBIENT,1918-16-7,Propachlor,Total,,0.05,ug/l,False,0.05,,,507,UHL001,Actual,SW,Water,,,Lee,07100009,River/Stream,,40.4620485,-91.5670776
6,10560001,Des Moines River near Keokuk,10/04/2006 10:00:00,AMBIENT,2008-41-5,Butylate,Total,,0.05,ug/l,False,0.05,,,507,UHL001,Actual,SW,Water,,,Lee,07100009,River/Stream,,40.4620485,-91.5670776
6,10560001,Des Moines River near Keokuk,10/04/2006 10:00:00,AMBIENT,21087-64-9,Metribuzin,Total,,0.05,ug/l,False,0.05,,,507,UHL001,Actual,SW,Water,,,Lee,07100009,River/Stream,,40.4620485,-91.5670776
6,10560001,Des Moines River near Keokuk,10/04/2006 10:00:00,AMBIENT,21725-46-2,Cyanazine,Total,,0.05,ug/l,False,0.05,,,507,UHL001,Actual,SW,Water,,,Lee,07100009,River/Stream,,40.4620485,-91.5670776
6,10560001,Des Moines River near Keokuk,10/04/2006 10:00:00,AMBIENT,34256-82-1,Acetochlor,Total,,0.05,ug/l,False,0.05,,,507,UHL001,Actual,SW,Water,,,Lee,07100009,River/Stream,,40.4620485,-91.5670776
6,10560001,Des Moines River near Keokuk,10/04/2006 10:00:00,AMBIENT,51218-45-2,Metolachlor,Total,,0.05,ug/l,False,0.05,,,507,UHL001,Actual,SW,Water,,,Lee,07100009,River/Stream,,40.4620485,-91.5670776
6,10560001,Des Moines River near Keokuk,10/04/2006 10:00:00,AMBIENT,6190-65-4,2-Chloro-4-isopropylamino-6-amino-s-triazine,Total,,0.05,ug/l,False,0.05,,,507,UHL001,Actual,SW,Water,,,Lee,07100009,River/Stream,,40.4620485,-91.5670776
6,10560001,Des Moines River near Keokuk,10/04/2006 10:00:00,AMBIENT,759-94-4,S-Ethyl dipropylthiocarbamate,Total,,0.05,ug/l,False,0.05,,,507,UHL001,Actual,SW,Water,,,Lee,07100009,River/Stream,,40.4620485,-91.5670776
6,10560001,Des Moines River near Keokuk,10/04/2006 10:00:00,AMBIENT,834-12-8,Ametryn,Total,,0.05,ug/l,False,0.05,,,507,UHL001,Actual,SW,Water,,,Lee,07100009,River/Stream,,40.4620485,-91.5670776
6,10560001,Des Moines River near Keokuk,10/04/2006 10:00:00,AMBIENT,87674-68-8,Dimethenamid,Total,,0.05,ug/l,False,0.05,,,507,UHL001,Actual,SW,Water,,,Lee,07100009,River/Stream,,40.4620485,-91.5670776
6,10560001,Des Moines River near Keokuk,10/04/2006 10:00:00,AMBIENT,CBOD-SC,"Carbonaceous biochemical oxygen demand, standard conditions",Total,,6,mg/l,True,2,,,5210-B,UHL001,Actual,SW,Water,,,Lee,07100009,River/Stream,,40.4620485,-91.5670776
6,10560001,Des Moines River near Keokuk,10/04/2006 10:00:00,AMBIENT,7440-44-0,Carbon,Total,,8.1,mg/l,True,0.5,,,415.1,UHL001,Actual,SW,Water,,,Lee,07100009,River/Stream,,40.4620485,-91.5670776
6,10560001,Des Moines River near Keokuk,10/04/2006 10:00:00,AMBIENT,14808-79-8,Sulfate (as SO4),Total,,52,mg/l,True,1,,,300(A),UHL001,Actual,SW,Water,,,Lee,07100009,River/Stream,,40.4620485,-91.5670776
6,10560001,Des Moines River near Keokuk,10/04/2006 10:00:00,AMBIENT,16887-00-6,Chloride,Total,,33,mg/l,True,1,,,300(A),UHL001,Actual,SW,Water,,,Lee,07100009,River/Stream,,40.4620485,-91.5670776
6,10560001,Des Moines River near Keokuk,10/04/2006 10:00:00,AMBIENT,CLR-A-FREE,"Chlorophyll a, free of pheophytin",NonFilt,,61,ug/l,True,1,,,445,UHL001,Actual,SW,Water,,,Lee,07100009,River/Stream,,40.4620485,-91.5670776
6,10560001,Des Moines River near Keokuk,10/04/2006 10:00:00,AMBIENT,68583-22-2,Escherichia coli,Total,,27,MPN/100ml,True,10,,,1603,UHL001,Actual,SW,Water,,,Lee,07100009,River/Stream,,40.4620485,-91.5670776
6,10560001,Des Moines River near Keokuk,10/04/2006 10:00:00,AMBIENT,HARD-CARB,"Hardness, carbonate",Total,,250,mg/l,True,1,,,130.2,UHL001,Actual,SW,Water,,,Lee,07100009,River/Stream,,40.4620485,-91.5670776
6,10560001,Des Moines River near Keokuk,10/04/2006 10:00:00,AMBIENT,NIT-AMM,Ammonia-nitrogen (as N),Total,,0.05,mg/l,False,0.05,,,350.1,UHL001,Actual,SW,Water,,,Lee,07100009,River/Stream,,40.4620485,-91.5670776
6,10560001,Des Moines River near Keokuk,10/04/2006 10:00:00,AMBIENT,NIT-KJELD,Kjeldahl nitrogen (AS N),Total,,1.4,mg/l,True,0.1,,,351.2,UHL001,Actual,SW,Water,,,Lee,07100009,River/Stream,,40.4620485,-91.5670776
6,10560001,Des Moines River near Keokuk,10/04/2006 10:00:00,AMBIENT,NIT-NO3-NO2,Inorganic nitrogen (nitrate and nitrite) (as N),Total,,2,mg/l,True,0.05,,,353.2,UHL001,Actual,SW,Water,,,Lee,07100009,River/Stream,,40.4620485,-91.5670776
6,10560001,Des Moines River near Keokuk,10/04/2006 10:00:00,AMBIENT,PHOSP-PHOSP,Phosphate-phosphorus (as P),Total,,0.25,mg/l,True,0.02,,,365.4,UHL001,Actual,SW,Water,,,Lee,07100009,River/Stream,,40.4620485,-91.5670776
6,10560001,Des Moines River near Keokuk,10/04/2006 10:00:00,AMBIENT,14265-44-2,Orthophosphate (as P),Dissolved,,0.1,mg/l,True,0.02,,,365.1,UHL001,Actual,SW,Water,,,Lee,07100009,River/Stream,,40.4620485,-91.5670776
6,10560001,Des Moines River near Keokuk,10/04/2006 10:00:00,AMBIENT,7631-86-9,Silica,Dissolved,,14,mg/l,True,1,,,370.1,UHL001,Actual,SW,Water,,,Lee,07100009,River/Stream,,40.4620485,-91.5670776
6,10560001,Des Moines River near Keokuk,10/04/2006 10:00:00,AMBIENT,TDS,Total dissolved solids,Dissolved,,310,mg/l,True,1,,,160.1,UHL001,Actual,SW,Water,,,Lee,07100009,River/Stream,,40.4620485,-91.5670776
6,10560001,Des Moines River near Keokuk,10/04/2006 10:00:00,AMBIENT,TFSS,Fixed suspended solids,NonFilt,,40,mg/l,True,1,,,160.4,UHL001,Calculated,SW,Water,,,Lee,07100009,River/Stream,,40.4620485,-91.5670776
6,10560001,Des Moines River near Keokuk,10/04/2006 10:00:00,AMBIENT,TVSS,Volatile Suspended Solids,NonFilt,,11,mg/l,True,1,,,160.4,UHL001,Actual,SW,Water,,,Lee,07100009,River/Stream,,40.4620485,-91.5670776
6,10560001,Des Moines River near Keokuk,10/04/2006 10:00:00,AMBIENT,TSS,Total suspended solids,NonFilt,,51,mg/l,True,1,,,I3765,UHL001,Actual,SW,Water,,,Lee,07100009,River/Stream,,40.4620485,-91.5670776
6,10560001,Des Moines River near Keokuk,10/04/2006 10:00:00,AMBIENT,SPEC-COND,Specific conductance,Total,,560,uS/cm,True,1,,,2510,UHL001,Actual,SW,Water,,,Lee,07100009,River/Stream,,40.4620485,-91.5670776
6,10560001,Des Moines River near Keokuk,10/04/2006 10:00:00,AMBIENT,TURB,Turbidity,Total,,26,NTU,True,1,,,180.1,UHL001,Actual,SW,Water,,,Lee,07100009,River/Stream,,40.4620485,-91.5670776
6,10560001,Des Moines River near Keokuk,11/02/2006 08:30:00,AMBIENT,7440-44-0,Carbon,Total,,5.1,mg/l,True,0.5,,,415.1,UHL001,Actual,SW,Water,,,Lee,07100009,River/Stream,,40.4620485,-91.5670776
6,10560001,Des Moines River near Keokuk,11/02/2006 08:30:00,AMBIENT,14808-79-8,Sulfate (as SO4),Total,,47,mg/l,True,1,,,300(A),UHL001,Actual,SW,Water,,,Lee,07100009,River/Stream,,40.4620485,-91.5670776
6,10560001,Des Moines River near Keokuk,11/02/2006 08:30:00,AMBIENT,16887-00-6,Chloride,Total,,32,mg/l,True,1,,,300(A),UHL001,Actual,SW,Water,,,Lee,07100009,River/Stream,,40.4620485,-91.5670776
6,10560001,Des Moines River near Keokuk,11/02/2006 08:30:00,AMBIENT,CLR-A-FREE,"Chlorophyll a, free of pheophytin",NonFilt,,8,ug/l,True,1,,,445,UHL001,Actual,SW,Water,,,Lee,07100009,River/Stream,,40.4620485,-91.5670776
6,10560001,Des Moines River near Keokuk,11/02/2006 08:30:00,AMBIENT,68583-22-2,Escherichia coli,Total,,10,MPN/100ml,False,10,,,1603,UHL001,Actual,SW,Water,,,Lee,07100009,River/Stream,,40.4620485,-91.5670776
6,10560001,Des Moines River near Keokuk,11/02/2006 08:30:00,AMBIENT,HARD-CARB,"Hardness, carbonate",Total,,280,mg/l,True,1,,,130.2,UHL001,Actual,SW,Water,,,Lee,07100009,River/Stream,,40.4620485,-91.5670776
6,10560001,Des Moines River near Keokuk,11/02/2006 08:30:00,AMBIENT,NIT-AMM,Ammonia-nitrogen (as N),Total,,0.05,mg/l,False,0.05,,,350.1,UHL001,Actual,SW,Water,,,Lee,07100009,River/Stream,,40.4620485,-91.5670776
6,10560001,Des Moines River near Keokuk,11/02/2006 08:30:00,AMBIENT,NIT-KJELD,Kjeldahl nitrogen (AS N),Total,,0.3,mg/l,True,0.1,,,351.2,UHL001,Actual,SW,Water,,,Lee,07100009,River/Stream,,40.4620485,-91.5670776
6,10560001,Des Moines River near Keokuk,11/02/2006 08:30:00,AMBIENT,NIT-NO3-NO2,Inorganic nitrogen (nitrate and nitrite) (as N),Total,,4.5,mg/l,True,0.05,,,353.2,UHL001,Actual,SW,Water,,,Lee,07100009,River/Stream,,40.4620485,-91.5670776
6,10560001,Des Moines River near Keokuk,11/02/2006 08:30:00,AMBIENT,PHOSP-PHOSP,Phosphate-phosphorus (as P),Total,,0.22,mg/l,True,0.02,,,365.4,UHL001,Actual,SW,Water,,,Lee,07100009,River/Stream,,40.4620485,-91.5670776
6,10560001,Des Moines River near Keokuk,11/02/2006 08:30:00,AMBIENT,14265-44-2,Orthophosphate (as P),Dissolved,,0.17,mg/l,True,0.02,,,365.1,UHL001,Actual,SW,Water,,,Lee,07100009,River/Stream,,40.4620485,-91.5670776
6,10560001,Des Moines River near Keokuk,11/02/2006 08:30:00,AMBIENT,7631-86-9,Silica,Dissolved,,12,mg/l,True,1,,,370.1,UHL001,Actual,SW,Water,,,Lee,07100009,River/Stream,,40.4620485,-91.5670776
6,10560001,Des Moines River near Keokuk,11/02/2006 08:30:00,AMBIENT,TDS,Total dissolved solids,Dissolved,,350,mg/l,True,1,,,160.1,UHL001,Actual,SW,Water,,,Lee,07100009,River/Stream,,40.4620485,-91.5670776
6,10560001,Des Moines River near Keokuk,11/02/2006 08:30:00,AMBIENT,TFSS,Fixed suspended solids,NonFilt,,5,mg/l,True,1,,,160.4,UHL001,Calculated,SW,Water,,,Lee,07100009,River/Stream,,40.4620485,-91.5670776
6,10560001,Des Moines River near Keokuk,11/02/2006 08:30:00,AMBIENT,TVSS,Volatile Suspended Solids,NonFilt,,2,mg/l,True,1,,,160.4,UHL001,Actual,SW,Water,,,Lee,07100009,River/Stream,,40.4620485,-91.5670776
6,10560001,Des Moines River near Keokuk,11/02/2006 08:30:00,AMBIENT,TSS,Total suspended solids,NonFilt,,7,mg/l,True,1,,,I3765,UHL001,Actual,SW,Water,,,Lee,07100009,River/Stream,,40.4620485,-91.5670776
6,10560001,Des Moines River near Keokuk,11/02/2006 08:30:00,AMBIENT,SPEC-COND,Specific conductance,Total,,620,uS/cm,True,1,,,2510,UHL001,Actual,SW,Water,,,Lee,07100009,River/Stream,,40.4620485,-91.5670776
6,10560001,Des Moines River near Keokuk,11/02/2006 08:30:00,AMBIENT,TURB,Turbidity,Total,,5.9,NTU,True,1,,,180.1,UHL001,Actual,SW,Water,,,Lee,07100009,River/Stream,,40.4620485,-91.5670776
6,10560002,Skunk River near Augusta,10/12/2010 12:20:00,AMBIENT,TEMP-WATER,"Temperature, water",Total,,16.5,deg C,True,,,,2550,,Actual,SW,Water,,,Lee,07080107,River/Stream,,40.75340048,-91.2755898
6,10560002,Skunk River near Augusta,10/12/2010 12:20:00,AMBIENT,PH,pH,Total,,8.5,None,True,,,,4500-H,,Actual,SW,Water,,,Lee,07080107,River/Stream,,40.75340048,-91.2755898
6,10560002,Skunk River near Augusta,10/12/2010 12:20:00,AMBIENT,7782-44-7,Dissolved oxygen (DO),Total,,9.6,mg/l,True,,,,4500-O-G,,Actual,SW,Water,,,Lee,07080107,River/Stream,,40.75340048,-91.2755898
6,10560002,Skunk River near Augusta,10/12/2010 12:20:00,AMBIENT,FLOW,Flow,Total,,3900,cfs,True,,,,USGS CA8,,Actual,SW,Water,,,Lee,07080107,River/Stream,,40.75340048,-91.2755898
6,10560002,Skunk River near Augusta,10/12/2010 12:20:00,AMBIENT,NIT-NO3-NO2,Inorganic nitrogen (nitrate and nitrite) (as N),Total,,4.1,mg/l,True,0.1,,,353.2,UHL001,Actual,SW,Water,,,Lee,07080107,River/Stream,,40.75340048,-91.2755898
6,10560002,Skunk River near Augusta,10/12/2010 12:20:00,AMBIENT,NIT-KJELD,Kjeldahl nitrogen (AS N),Total,,0.6,mg/l,True,0.1,,,351.2,UHL001,Actual,SW,Water,,,Lee,07080107,River/Stream,,40.75340048,-91.2755898
6,10560002,Skunk River near Augusta,10/12/2010 12:20:00,AMBIENT,14265-44-2,Orthophosphate (as P),Dissolved,,0.13,mg/l,True,0.02,,,365.1,UHL001,Actual,SW,Water,,,Lee,07080107,River/Stream,,40.75340048,-91.2755898
6,10560002,Skunk River near Augusta,10/12/2010 12:20:00,AMBIENT,PHOSP-PHOSP,Phosphate-phosphorus (as P),Total,,0.18,mg/l,True,0.02,,,365.4,UHL001,Actual,SW,Water,,,Lee,07080107,River/Stream,,40.75340048,-91.2755898
6,10560002,Skunk River near Augusta,10/12/2010 12:20:00,AMBIENT,TDS,Total dissolved solids,Dissolved,,370,mg/l,True,1,,,2540-C,UHL001,Actual,SW,Water,,,Lee,07080107,River/Stream,,40.75340048,-91.2755898
6,10560002,Skunk River near Augusta,10/12/2010 12:20:00,AMBIENT,TVSS,Volatile Suspended Solids,NonFilt,,7,mg/l,True,1,,,160.4,UHL001,Actual,SW,Water,,,Lee,07080107,River/Stream,,40.75340048,-91.2755898
6,10560002,Skunk River near Augusta,10/12/2010 12:20:00,AMBIENT,NIT-AMM,Ammonia-nitrogen (as N),Total,,0.05,mg/l,False,0.05,,,350.1,UHL001,Actual,SW,Water,,,Lee,07080107,River/Stream,,40.75340048,-91.2755898
6,10560002,Skunk River near Augusta,10/12/2010 12:20:00,AMBIENT,TSS,Total suspended solids,NonFilt,,61,mg/l,True,1,,,I3765,UHL001,Actual,SW,Water,,,Lee,07080107,River/Stream,,40.75340048,-91.2755898
6,10560002,Skunk River near Augusta,10/12/2010 12:20:00,AMBIENT,68583-22-2,Escherichia coli,Total,,86,MPN/100ml,True,10,,,9223-B,UHL001,Actual,SW,Water,,,Lee,07080107,River/Stream,,40.75340048,-91.2755898
6,10560002,Skunk River near Augusta,11/04/2010 09:45:00,AMBIENT,TEMP-WATER,"Temperature, water",Total,,9.3,deg C,True,,,,2550,,Actual,SW,Water,,,Lee,07080107,River/Stream,,40.75340048,-91.2755898
6,10560002,Skunk River near Augusta,12/08/2010 09:45:00,AMBIENT,TEMP-WATER,"Temperature, water",Total,,2.1,deg C,True,,,,2550,,Actual,SW,Water,,,Lee,07080107,River/Stream,,40.75340048,-91.2755898
6,10560002,Skunk River near Augusta,12/08/2010 09:45:00,AMBIENT,PH,pH,Total,,8.5,None,True,,,,4500-H,,Actual,SW,Water,,,Lee,07080107,River/Stream,,40.75340048,-91.2755898
6,10560002,Skunk River near Augusta,12/08/2010 09:45:00,AMBIENT,7782-44-7,Dissolved oxygen (DO),Total,,15.3,mg/l,True,,,,4500-O-G,,Actual,SW,Water,,,Lee,07080107,River/Stream,,40.75340048,-91.2755898
6,10560002,Skunk River near Augusta,12/08/2010 09:45:00,AMBIENT,FLOW,Flow,Total,,2100,cfs,True,,,,USGS CA8,,Actual,SW,Water,,,Lee,07080107,River/Stream,,40.75340048,-91.2755898
6,10560002,Skunk River near Augusta,12/08/2010 09:45:00,AMBIENT,NIT-NO3-NO2,Inorganic nitrogen (nitrate and nitrite) (as N),Total,,4.6,mg/l,True,0.1,,,353.2,UHL001,Actual,SW,Water,,,Lee,07080107,River/Stream,,40.75340048,-91.2755898
6,10560002,Skunk River near Augusta,12/08/2010 09:45:00,AMBIENT,NIT-KJELD,Kjeldahl nitrogen (AS N),Total,,0.3,mg/l,True,0.1,,,351.2,UHL001,Actual,SW,Water,,,Lee,07080107,River/Stream,,40.75340048,-91.2755898
6,10560002,Skunk River near Augusta,12/08/2010 09:45:00,AMBIENT,14265-44-2,Orthophosphate (as P),Dissolved,,0.08,mg/l,True,0.02,,,365.1,UHL001,Actual,SW,Water,,,Lee,07080107,River/Stream,,40.75340048,-91.2755898
6,10560002,Skunk River near Augusta,12/08/2010 09:45:00,AMBIENT,PHOSP-PHOSP,Phosphate-phosphorus (as P),Total,,0.09,mg/l,True,0.02,,,365.4,UHL001,Actual,SW,Water,,,Lee,07080107,River/Stream,,40.75340048,-91.2755898
6,10560002,Skunk River near Augusta,12/08/2010 09:45:00,AMBIENT,TDS,Total dissolved solids,Dissolved,,390,mg/l,True,1,,,2540-C,UHL001,Actual,SW,Water,,,Lee,07080107,River/Stream,,40.75340048,-91.2755898
6,10560002,Skunk River near Augusta,12/08/2010 09:45:00,AMBIENT,TVSS,Volatile Suspended Solids,NonFilt,,1,mg/l,False,1,,,160.4,UHL001,Actual,SW,Water,,,Lee,07080107,River/Stream,,40.75340048,-91.2755898
6,10560002,Skunk River near Augusta,12/08/2010 09:45:00,AMBIENT,NIT-AMM,Ammonia-nitrogen (as N),Total,,0.05,mg/l,False,0.05,,,350.1,UHL001,Actual,SW,Water,,,Lee,07080107,River/Stream,,40.75340048,-91.2755898
6,10560002,Skunk River near Augusta,12/08/2010 09:45:00,AMBIENT,TSS,Total suspended solids,NonFilt,,3,mg/l,True,1,,,I3765,UHL001,Actual,SW,Water,,,Lee,07080107,River/Stream,,40.75340048,-91.2755898
6,10560002,Skunk River near Augusta,12/08/2010 09:45:00,AMBIENT,68583-22-2,Escherichia coli,Total,,63,MPN/100ml,True,10,,,9223-B,UHL001,Actual,SW,Water,,,Lee,07080107,River/Stream,,40.75340048,-91.2755898
6,10560002,Skunk River near Augusta,12/08/2010 09:45:00,AMBIENT,TURB,Turbidity,Total,,2.2,NTU,True,1,,,2130-B,UHL001,Actual,SW,Water,,,Lee,07080107,River/Stream,,40.75340048,-91.2755898
6,10560002,Skunk River near Augusta,12/08/2010 09:45:00,AMBIENT,14808-79-8,Sulfate (as SO4),Total,,34,mg/l,True,1,,,300.0,UHL001,Actual,SW,Water,,,Lee,07080107,River/Stream,,40.75340048,-91.2755898
6,10560002,Skunk River near Augusta,12/08/2010 09:45:00,AMBIENT,16887-00-6,Chloride,Total,,18,mg/l,True,1,,,300.0,UHL001,Actual,SW,Water,,,Lee,07080107,River/Stream,,40.75340048,-91.2755898
6,10560002,Skunk River near Augusta,12/08/2010 09:45:00,AMBIENT,HARD-CARB,"Hardness, carbonate",Total,,350,mg/l,True,1,,,2340C,UHL001,Actual,SW,Water,,,Lee,07080107,River/Stream,,40.75340048,-91.2755898
6,10560002,Skunk River near Augusta,12/08/2010 09:45:00,AMBIENT,CLR-A-FREE,"Chlorophyll a, free of pheophytin",NonFilt,,2,ug/l,True,1,,,445,UHL001,Actual,SW,Water,,,Lee,07080107,River/Stream,,40.75340048,-91.2755898
6,10560002,Skunk River near Augusta,12/08/2010 09:45:00,AMBIENT,CBOD-SC,"Carbonaceous biochemical oxygen demand, standard conditions",Total,,2,mg/l,False,2,,,5210-B,UHL001,Actual,SW,Water,,,Lee,07080107,River/Stream,,40.75340048,-91.2755898
6,10560002,Skunk River near Augusta,01/06/2011 09:00:00,AMBIENT,7782-44-7,Dissolved oxygen (DO),Total,,14.8,mg/l,True,,,,4500-O-G,,Actual,SW,Water,,,Lee,07080107,River/Stream,,40.75340048,-91.2755898
6,10560002,Skunk River near Augusta,01/06/2011 09:00:00,AMBIENT,FLOW,Flow,Total,,1500,cfs,True,,,,USGS CA8,,Actual,SW,Water,,,Lee,07080107,River/Stream,,40.75340048,-91.2755898
6,10560002,Skunk River near Augusta,01/06/2011 09:00:00,AMBIENT,NIT-NO3-NO2,Inorganic nitrogen (nitrate and nitrite) (as N),Total,,5,mg/l,True,0.1,,,353.2,UHL001,Actual,SW,Water,,,Lee,07080107,River/Stream,,40.75340048,-91.2755898
6,10560002,Skunk River near Augusta,01/06/2011 09:00:00,AMBIENT,NIT-KJELD,Kjeldahl nitrogen (AS N),Total,,1.2,mg/l,True,0.1,,,351.2,UHL001,Actual,SW,Water,,,Lee,07080107,River/Stream,,40.75340048,-91.2755898
6,10560002,Skunk River near Augusta,01/06/2011 09:00:00,AMBIENT,14265-44-2,Orthophosphate (as P),Dissolved,,0.1,mg/l,True,0.02,,,365.1,UHL001,Actual,SW,Water,,Samples exceeded EPA recommended holding time when analyzed at the laboratory.,Lee,07080107,River/Stream,,40.75340048,-91.2755898
6,10560002,Skunk River near Augusta,01/06/2011 09:00:00,AMBIENT,PHOSP-PHOSP,Phosphate-phosphorus (as P),Total,,0.18,mg/l,True,0.02,,,365.4,UHL001,Actual,SW,Water,,,Lee,07080107,River/Stream,,40.75340048,-91.2755898
6,10560002,Skunk River near Augusta,01/06/2011 09:00:00,AMBIENT,TDS,Total dissolved solids,Dissolved,,300,mg/l,True,1,,,2540-C,UHL001,Actual,SW,Water,,,Lee,07080107,River/Stream,,40.75340048,-91.2755898
6,10560002,Skunk River near Augusta,01/06/2011 09:00:00,AMBIENT,TVSS,Volatile Suspended Solids,NonFilt,,2,mg/l,True,1,,,160.4,UHL001,Actual,SW,Water,,,Lee,07080107,River/Stream,,40.75340048,-91.2755898
6,10560002,Skunk River near Augusta,01/06/2011 09:00:00,AMBIENT,NIT-AMM,Ammonia-nitrogen (as N),Total,,0.32,mg/l,True,0.05,,,350.1,UHL001,Actual,SW,Water,,,Lee,07080107,River/Stream,,40.75340048,-91.2755898
6,10560002,Skunk River near Augusta,01/06/2011 09:00:00,AMBIENT,TSS,Total suspended solids,NonFilt,,7,mg/l,True,1,,,I3765,UHL001,Actual,SW,Water,,,Lee,07080107,River/Stream,,40.75340048,-91.2755898
6,10560002,Skunk River near Augusta,01/06/2011 09:00:00,AMBIENT,68583-22-2,Escherichia coli,Total,,580,MPN/100ml,True,10,,,9223-B,UHL001,Actual,SW,Water,,,Lee,07080107,River/Stream,,40.75340048,-91.2755898
6,10560002,Skunk River near Augusta,01/06/2011 09:00:00,AMBIENT,TURB,Turbidity,Total,,12,NTU,True,1,,,2130-B,UHL001,Actual,SW,Water,,,Lee,07080107,River/Stream,,40.75340048,-91.2755898
6,10560002,Skunk River near Augusta,01/06/2011 09:00:00,AMBIENT,14808-79-8,Sulfate (as SO4),Total,,32,mg/l,True,1,,,300.0,UHL001,Actual,SW,Water,,,Lee,07080107,River/Stream,,40.75340048,-91.2755898
6,10560002,Skunk River near Augusta,01/06/2011 09:00:00,AMBIENT,16887-00-6,Chloride,Total,,21,mg/l,True,1,,,300.0,UHL001,Actual,SW,Water,,,Lee,07080107,River/Stream,,40.75340048,-91.2755898
6,10560002,Skunk River near Augusta,01/06/2011 09:00:00,AMBIENT,HARD-CARB,"Hardness, carbonate",Total,,260,mg/l,True,1,,,2340C,UHL001,Actual,SW,Water,,,Lee,07080107,River/Stream,,40.75340048,-91.2755898
6,10560002,Skunk River near Augusta,01/06/2011 09:00:00,AMBIENT,CLR-A-FREE,"Chlorophyll a, free of pheophytin",NonFilt,,4,ug/l,True,1,,,445,UHL001,Actual,SW,Water,,,Lee,07080107,River/Stream,,40.75340048,-91.2755898
6,10560002,Skunk River near Augusta,01/06/2011 09:00:00,AMBIENT,CBOD-SC,"Carbonaceous biochemical oxygen demand, standard conditions",Total,,2,mg/l,False,2,,,5210-B,UHL001,Actual,SW,Water,,,Lee,07080107,River/Stream,,40.75340048,-91.2755898
6,10560002,Skunk River near Augusta,02/08/2011 08:25:00,AMBIENT,NIT-NO3-NO2,Inorganic nitrogen (nitrate and nitrite) (as N),Total,,3.4,mg/l,True,0.1,,,353.2,UHL001,Actual,SW,Water,,,Lee,07080107,River/Stream,,40.75340048,-91.2755898
6,10560002,Skunk River near Augusta,02/08/2011 08:25:00,AMBIENT,NIT-KJELD,Kjeldahl nitrogen (AS N),Total,,0.1,mg/l,False,0.1,,,351.2,UHL001,Actual,SW,Water,,,Lee,07080107,River/Stream,,40.75340048,-91.2755898
6,10560002,Skunk River near Augusta,02/08/2011 08:25:00,AMBIENT,14265-44-2,Orthophosphate (as P),Dissolved,,0.06,mg/l,True,0.02,,,365.1,UHL001,Actual,SW,Water,,,Lee,07080107,River/Stream,,40.75340048,-91.2755898
6,10560002,Skunk River near Augusta,02/08/2011 08:25:00,AMBIENT,PHOSP-PHOSP,Phosphate-phosphorus (as P),Total,,0.35,mg/l,True,0.02,,,365.4,UHL001,Actual,SW,Water,,,Lee,07080107,River/Stream,,40.75340048,-91.2755898
6,10560002,Skunk River near Augusta,02/08/2011 08:25:00,AMBIENT,TDS,Total dissolved solids,Dissolved,,380,mg/l,True,1,,,2540-C,UHL001,Actual,SW,Water,,,Lee,07080107,River/Stream,,40.75340048,-91.2755898
6,10560002,Skunk River near Augusta,02/08/2011 08:25:00,AMBIENT,TVSS,Volatile Suspended Solids,NonFilt,,1,mg/l,False,1,,,160.4,UHL001,Actual,SW,Water,,,Lee,07080107,River/Stream,,40.75340048,-91.2755898
6,10560002,Skunk River near Augusta,02/08/2011 08:25:00,AMBIENT,NIT-AMM,Ammonia-nitrogen (as N),Total,,0.18,mg/l,True,0.05,,,350.1,UHL001,Actual,SW,Water,,,Lee,07080107,River/Stream,,40.75340048,-91.2755898
6,10560002,Skunk River near Augusta,02/08/2011 08:25:00,AMBIENT,TSS,Total suspended solids,NonFilt,,2,mg/l,True,1,,,I3765,UHL001,Actual,SW,Water,,,Lee,07080107,River/Stream,,40.75340048,-91.2755898
6,10560002,Skunk River near Augusta,02/08/2011 08:25:00,AMBIENT,68583-22-2,Escherichia coli,Total,,75,MPN/100ml,True,10,,,9223-B,UHL001,Actual,SW,Water,,,Lee,07080107,River/Stream,,40.75340048,-91.2755898
6,10560002,Skunk River near Augusta,02/08/2011 08:25:00,AMBIENT,TURB,Turbidity,Total,,2.1,NTU,True,1,,,2130-B,UHL001,Actual,SW,Water,,,Lee,07080107,River/Stream,,40.75340048,-91.2755898
6,10560002,Skunk River near Augusta,02/08/2011 08:25:00,AMBIENT,14808-79-8,Sulfate (as SO4),Total,,46,mg/l,True,1,,,300.0,UHL001,Actual,SW,Water,,,Lee,07080107,River/Stream,,40.75340048,-91.2755898
6,10560002,Skunk River near Augusta,02/08/2011 08:25:00,AMBIENT,16887-00-6,Chloride,Total,,24,mg/l,True,1,,,300.0,UHL001,Actual,SW,Water,,,Lee,07080107,River/Stream,,40.75340048,-91.2755898
6,10560002,Skunk River near Augusta,02/08/2011 08:25:00,AMBIENT,HARD-CARB,"Hardness, carbonate",Total,,310,mg/l,True,1,,,2340C,UHL001,Actual,SW,Water,,,Lee,07080107,River/Stream,,40.75340048,-91.2755898
6,10560002,Skunk River near Augusta,02/08/2011 08:25:00,AMBIENT,CLR-A-FREE,"Chlorophyll a, free of pheophytin",NonFilt,,1,ug/l,True,1,,,445,UHL001,Actual,SW,Water,,,Lee,07080107,River/Stream,,40.75340048,-91.2755898
6,10560002,Skunk River near Augusta,02/08/2011 08:25:00,AMBIENT,CBOD-SC,"Carbonaceous biochemical oxygen demand, standard conditions",Total,,2,mg/l,False,2,,,5210-B,UHL001,Actual,SW,Water,,,Lee,07080107,River/Stream,,40.75340048,-91.2755898
6,10560002,Skunk River near Augusta,03/03/2011 11:00:00,AMBIENT,TEMP-WATER,"Temperature, water",Total,,2.9,deg C,True,,,,2550,,Actual,SW,Water,,,Lee,07080107,River/Stream,,40.75340048,-91.2755898
6,10560002,Skunk River near Augusta,03/03/2011 11:00:00,AMBIENT,PH,pH,Total,,8.1,None,True,,,,4500-H,,Actual,SW,Water,,,Lee,07080107,River/Stream,,40.75340048,-91.2755898
6,10560002,Skunk River near Augusta,03/03/2011 11:00:00,AMBIENT,7782-44-7,Dissolved oxygen (DO),Total,,12.9,mg/l,True,,,,D888(C),,Actual,SW,Water,,,Lee,07080107,River/Stream,,40.75340048,-91.2755898
6,10560002,Skunk River near Augusta,03/03/2011 11:00:00,AMBIENT,FLOW,Flow,Total,,7000,cfs,True,,,,USGS CA8,,Actual,SW,Water,,,Lee,07080107,River/Stream,,40.75340048,-91.2755898
6,10560002,Skunk River near Augusta,03/03/2011 11:00:00,AMBIENT,NIT-NO3-NO2,Inorganic nitrogen (nitrate and nitrite) (as N),Total,,4.7,mg/l,True,0.1,,,353.2,UHL001,Actual,SW,Water,,,Lee,07080107,River/Stream,,40.75340048,-91.2755898
6,10560002,Skunk River near Augusta,03/03/2011 11:00:00,AMBIENT,NIT-KJELD,Kjeldahl nitrogen (AS N),Total,,1.4,mg/l,True,0.1,,,351.2,UHL001,Actual,SW,Water,,,Lee,07080107,River/Stream,,40.75340048,-91.2755898
6,10560002,Skunk River near Augusta,03/03/2011 11:00:00,AMBIENT,14265-44-2,Orthophosphate (as P),Dissolved,,0.12,mg/l,True,0.02,,,365.1,UHL001,Actual,SW,Water,,,Lee,07080107,River/Stream,,40.75340048,-91.2755898
6,10560002,Skunk River near Augusta,03/03/2011 11:00:00,AMBIENT,PHOSP-PHOSP,Phosphate-phosphorus (as P),Total,,0.38,mg/l,True,0.02,,,365.4,UHL001,Actual,SW,Water,,,Lee,07080107,River/Stream,,40.75340048,-91.2755898
6,10560002,Skunk River near Augusta,03/03/2011 11:00:00,AMBIENT,TDS,Total dissolved solids,Dissolved,,280,mg/l,True,1,,,2540-C,UHL001,Actual,SW,Water,,,Lee,07080107,River/Stream,,40.75340048,-91.2755898
6,10560002,Skunk River near Augusta,03/03/2011 11:00:00,AMBIENT,TVSS,Volatile Suspended Solids,NonFilt,,25,mg/l,True,1,,,160.4,UHL001,Actual,SW,Water,,,Lee,07080107,River/Stream,,40.75340048,-91.2755898
6,10560002,Skunk River near Augusta,03/03/2011 11:00:00,AMBIENT,NIT-AMM,Ammonia-nitrogen (as N),Total,,0.3,mg/l,True,0.05,,,350.1,UHL001,Actual,SW,Water,,,Lee,07080107,River/Stream,,40.75340048,-91.2755898
6,10560002,Skunk River near Augusta,03/03/2011 11:00:00,AMBIENT,TSS,Total suspended solids,NonFilt,,280,mg/l,True,1,,,I3765,UHL001,Actual,SW,Water,,,Lee,07080107,River/Stream,,40.75340048,-91.2755898
6,10560002,Skunk River near Augusta,03/03/2011 11:00:00,AMBIENT,68583-22-2,Escherichia coli,Total,,570,MPN/100ml,True,10,,,9223-B,UHL001,Actual,SW,Water,,,Lee,07080107,River/Stream,,40.75340048,-91.2755898
6,10560002,Skunk River near Augusta,04/05/2011 08:30:00,AMBIENT,TEMP-WATER,"Temperature, water",Total,,9.7,deg C,True,,,,2550,,Actual,SW,Water,,,Lee,07080107,River/Stream,,40.75340048,-91.2755898
6,10560002,Skunk River near Augusta,04/05/2011 08:30:00,AMBIENT,PH,pH,Total,,8,None,True,,,,4500-H,,Actual,SW,Water,,,Lee,07080107,River/Stream,,40.75340048,-91.2755898
6,10560002,Skunk River near Augusta,04/05/2011 08:30:00,AMBIENT,7782-44-7,Dissolved oxygen (DO),Total,,11.7,mg/l,True,,,,4500-O-G,,Actual,SW,Water,,,Lee,07080107,River/Stream,,40.75340048,-91.2755898
6,10560002,Skunk River near Augusta,04/05/2011 08:30:00,AMBIENT,FLOW,Flow,Total,,2900,cfs,True,,,,USGS CA8,,Actual,SW,Water,,,Lee,07080107,River/Stream,,40.75340048,-91.2755898
6,10560002,Skunk River near Augusta,04/05/2011 08:30:00,AMBIENT,NIT-NO3-NO2,Inorganic nitrogen (nitrate and nitrite) (as N),Total,,4.3,mg/l,True,0.1,,,353.2,UHL001,Actual,SW,Water,,,Lee,07080107,River/Stream,,40.75340048,-91.2755898
6,10560002,Skunk River near Augusta,04/05/2011 08:30:00,AMBIENT,NIT-KJELD,Kjeldahl nitrogen (AS N),Total,,0.8,mg/l,True,0.1,,,351.2,UHL001,Actual,SW,Water,,,Lee,07080107,River/Stream,,40.75340048,-91.2755898
6,10560002,Skunk River near Augusta,04/05/2011 08:30:00,AMBIENT,14265-44-2,Orthophosphate (as P),Dissolved,,0.09,mg/l,True,0.02,,,365.1,UHL001,Actual,SW,Water,,,Lee,07080107,River/Stream,,40.75340048,-91.2755898
6,10560002,Skunk River near Augusta,04/05/2011 08:30:00,AMBIENT,PHOSP-PHOSP,Phosphate-phosphorus (as P),Total,,0.19,mg/l,True,0.02,,,365.4,UHL001,Actual,SW,Water,,,Lee,07080107,River/Stream,,40.75340048,-91.2755898
6,10560002,Skunk River near Augusta,04/05/2011 08:30:00,AMBIENT,TDS,Total dissolved solids,Dissolved,,330,mg/l,True,1,,,2540-C,UHL001,Actual,SW,Water,,,Lee,07080107,River/Stream,,40.75340048,-91.2755898
6,10560002,Skunk River near Augusta,04/05/2011 08:30:00,AMBIENT,TVSS,Volatile Suspended Solids,NonFilt,,9,mg/l,True,1,,,160.4,UHL001,Actual,SW,Water,,,Lee,07080107,River/Stream,,40.75340048,-91.2755898
6,10560002,Skunk River near Augusta,04/05/2011 08:30:00,AMBIENT,NIT-AMM,Ammonia-nitrogen (as N),Total,,0.05,mg/l,False,0.05,,,350.1,UHL001,Actual,SW,Water,,,Lee,07080107,River/Stream,,40.75340048,-91.2755898
6,10560002,Skunk River near Augusta,04/05/2011 08:30:00,AMBIENT,TSS,Total suspended solids,NonFilt,,69,mg/l,True,1,,,I3765,UHL001,Actual,SW,Water,,,Lee,07080107,River/Stream,,40.75340048,-91.2755898
6,10560002,Skunk River near Augusta,04/05/2011 08:30:00,AMBIENT,68583-22-2,Escherichia coli,Total,,20,MPN/100ml,True,10,,,9223-B,UHL001,Actual,SW,Water,,,Lee,07080107,River/Stream,,40.75340048,-91.2755898
6,10560002,Skunk River near Augusta,04/05/2011 08:30:00,AMBIENT,TURB,Turbidity,Total,,26,NTU,True,1,,,2130-B,UHL001,Actual,SW,Water,,,Lee,07080107,River/Stream,,40.75340048,-91.2755898
6,10560002,Skunk River near Augusta,04/05/2011 08:30:00,AMBIENT,14808-79-8,Sulfate (as SO4),Total,,34,mg/l,True,1,,,300.0,UHL001,Actual,SW,Water,,,Lee,07080107,River/Stream,,40.75340048,-91.2755898
6,10560002,Skunk River near Augusta,04/05/2011 08:30:00,AMBIENT,16887-00-6,Chloride,Total,,17,mg/l,True,1,,,300.0,UHL001,Actual,SW,Water,,,Lee,07080107,River/Stream,,40.75340048,-91.2755898
6,10560002,Skunk River near Augusta,05/03/2011 12:10:00,AMBIENT,TEMP-WATER,"Temperature, water",Total,,10.7,deg C,True,,,,2550,,Actual,SW,Water,,,Lee,07080107,River/Stream,,40.75340048,-91.2755898
6,10560002,Skunk River near Augusta,05/03/2011 12:10:00,AMBIENT,PH,pH,Total,,7.9,None,True,,,,4500-H,,Actual,SW,Water,,,Lee,07080107,River/Stream,,40.75340048,-91.2755898
6,10560002,Skunk River near Augusta,05/03/2011 12:10:00,AMBIENT,7782-44-7,Dissolved oxygen (DO),Total,,10.6,mg/l,True,,,,4500-O-G,,Actual,SW,Water,,,Lee,07080107,River/Stream,,40.75340048,-91.2755898
6,10560002,Skunk River near Augusta,05/03/2011 12:10:00,AMBIENT,FLOW,Flow,Total,,6700,cfs,True,,,,USGS CA8,,Actual,SW,Water,,,Lee,07080107,River/Stream,,40.75340048,-91.2755898
6,10560002,Skunk River near Augusta,05/03/2011 12:10:00,AMBIENT,NIT-NO3-NO2,Inorganic nitrogen (nitrate and nitrite) (as N),Total,,7.6,mg/l,True,0.1,,,353.2,UHL001,Actual,SW,Water,,,Lee,07080107,River/Stream,,40.75340048,-91.2755898
6,10560002,Skunk River near Augusta,05/03/2011 12:10:00,AMBIENT,NIT-KJELD,Kjeldahl nitrogen (AS N),Total,,1.1,mg/l,True,0.1,,,351.2,UHL001,Actual,SW,Water,,,Lee,07080107,River/Stream,,40.75340048,-91.2755898
6,10560002,Skunk River near Augusta,05/03/2011 12:10:00,AMBIENT,14265-44-2,Orthophosphate (as P),Dissolved,,0.11,mg/l,True,0.02,,,365.1,UHL001,Actual,SW,Water,,,Lee,07080107,River/Stream,,40.75340048,-91.2755898
6,10560002,Skunk River near Augusta,05/03/2011 12:10:00,AMBIENT,PHOSP-PHOSP,Phosphate-phosphorus (as P),Total,,0.41,mg/l,True,0.02,,,365.4,UHL001,Actual,SW,Water,,,Lee,07080107,River/Stream,,40.75340048,-91.2755898
6,10560002,Skunk River near Augusta,05/03/2011 12:10:00,AMBIENT,TDS,Total dissolved solids,Dissolved,,340,mg/l,True,1,,,2540-C,UHL001,Actual,SW,Water,,,Lee,07080107,River/Stream,,40.75340048,-91.2755898
6,10560002,Skunk River near Augusta,05/03/2011 12:10:00,AMBIENT,TVSS,Volatile Suspended Solids,NonFilt,,36,mg/l,True,1,,,160.4,UHL001,Actual,SW,Water,,,Lee,07080107,River/Stream,,40.75340048,-91.2755898
6,10560002,Skunk River near Augusta,05/03/2011 12:10:00,AMBIENT,NIT-AMM,Ammonia-nitrogen (as N),Total,,0.05,mg/l,False,0.05,,,350.1,UHL001,Actual,SW,Water,,,Lee,07080107,River/Stream,,40.75340048,-91.2755898
6,10560002,Skunk River near Augusta,05/03/2011 12:10:00,AMBIENT,TSS,Total suspended solids,NonFilt,,340,mg/l,True,1,,,I3765,UHL001,Actual,SW,Water,,,Lee,07080107,River/Stream,,40.75340048,-91.2755898
6,10560002,Skunk River near Augusta,05/03/2011 12:10:00,AMBIENT,68583-22-2,Escherichia coli,Total,,51,MPN/100ml,True,10,,,9223-B,UHL001,Actual,SW,Water,,,Lee,07080107,River/Stream,,40.75340048,-91.2755898
6,10560002,Skunk River near Augusta,05/03/2011 12:10:00,AMBIENT,TURB,Turbidity,Total,,120,NTU,True,1,,,2130-B,UHL001,Actual,SW,Water,,,Lee,07080107,River/Stream,,40.75340048,-91.2755898
6,10560002,Skunk River near Augusta,05/03/2011 12:10:00,AMBIENT,14808-79-8,Sulfate (as SO4),Total,,24,mg/l,True,1,,,300.0,UHL001,Actual,SW,Water,,,Lee,07080107,River/Stream,,40.75340048,-91.2755898
6,10560002,Skunk River near Augusta,05/03/2011 12:10:00,AMBIENT,16887-00-6,Chloride,Total,,16,mg/l,True,1,,,300.0,UHL001,Actual,SW,Water,,,Lee,07080107,River/Stream,,40.75340048,-91.2755898
6,10560002,Skunk River near Augusta,05/03/2011 12:10:00,AMBIENT,HARD-CARB,"Hardness, carbonate",Total,,290,mg/l,True,1,,,2340C,UHL001,Actual,SW,Water,,,Lee,07080107,River/Stream,,40.75340048,-91.2755898
6,10560002,Skunk River near Augusta,05/03/2011 12:10:00,AMBIENT,CLR-A-FREE,"Chlorophyll a, free of pheophytin",NonFilt,,15,ug/l,True,1,,,445,UHL001,Actual,SW,Water,,,Lee,07080107,River/Stream,,40.75340048,-91.2755898
6,10560002,Skunk River near Augusta,07/07/2011 08:45:00,AMBIENT,NIT-NO3-NO2,Inorganic nitrogen (nitrate and nitrite) (as N),Total,,7.3,mg/l,True,0.1,,,353.2,UHL001,Actual,SW,Water,,,Lee,07080107,River/Stream,,40.75340048,-91.2755898
6,10560002,Skunk River near Augusta,07/07/2011 08:45:00,AMBIENT,NIT-KJELD,Kjeldahl nitrogen (AS N),Total,,0.4,mg/l,True,0.1,,,351.2,UHL001,Actual,SW,Water,,,Lee,07080107,River/Stream,,40.75340048,-91.2755898
6,10560002,Skunk River near Augusta,07/07/2011 08:45:00,AMBIENT,14265-44-2,Orthophosphate (as P),Dissolved,,0.17,mg/l,True,0.02,,,365.1,UHL001,Actual,SW,Water,,,Lee,07080107,River/Stream,,40.75340048,-91.2755898
6,10560002,Skunk River near Augusta,07/07/2011 08:45:00,AMBIENT,PHOSP-PHOSP,Phosphate-phosphorus (as P),Total,,0.33,mg/l,True,0.02,,,365.4,UHL001,Actual,SW,Water,,,Lee,07080107,River/Stream,,40.75340048,-91.2755898
6,10560002,Skunk River near Augusta,07/07/2011 08:45:00,AMBIENT,TDS,Total dissolved solids,Dissolved,,350,mg/l,True,1,,,2540-C,UHL001,Actual,SW,Water,,,Lee,07080107,River/Stream,,40.75340048,-91.2755898
6,10560002,Skunk River near Augusta,07/07/2011 08:45:00,AMBIENT,TVSS,Volatile Suspended Solids,NonFilt,,16,mg/l,True,1,,,160.4,UHL001,Actual,SW,Water,,,Lee,07080107,River/Stream,,40.75340048,-91.2755898
6,10560002,Skunk River near Augusta,07/07/2011 08:45:00,AMBIENT,TSS,Total suspended solids,NonFilt,,140,mg/l,True,1,,,I3765,UHL001,Actual,SW,Water,,,Lee,07080107,River/Stream,,40.75340048,-91.2755898
6,10560002,Skunk River near Augusta,07/07/2011 08:45:00,AMBIENT,TURB,Turbidity,Total,,67,NTU,True,1,,,2130-B,UHL001,Actual,SW,Water,,,Lee,07080107,River/Stream,,40.75340048,-91.2755898
6,10560002,Skunk River near Augusta,07/07/2011 08:45:00,AMBIENT,NIT-AMM,Ammonia-nitrogen (as N),Total,,0.05,mg/l,False,0.05,,,350.1,UHL001,Actual,SW,Water,,,Lee,07080107,River/Stream,,40.75340048,-91.2755898
6,10560002,Skunk River near Augusta,07/07/2011 08:45:00,AMBIENT,CBOD-SC,"Carbonaceous biochemical oxygen demand, standard conditions",Total,,2,mg/l,False,2,,,5210-B,UHL001,Actual,SW,Water,,,Lee,07080107,River/Stream,,40.75340048,-91.2755898
6,10560002,Skunk River near Augusta,08/01/2011 12:20:00,AMBIENT,NIT-NO3-NO2,Inorganic nitrogen (nitrate and nitrite) (as N),Total,,1.8,mg/l,True,0.1,,,353.2,UHL001,Actual,SW,Water,,,Lee,07080107,River/Stream,,40.75340048,-91.2755898
6,10560002,Skunk River near Augusta,08/01/2011 12:20:00,AMBIENT,NIT-KJELD,Kjeldahl nitrogen (AS N),Total,,0.7,mg/l,True,0.1,,,351.2,UHL001,Actual,SW,Water,,,Lee,07080107,River/Stream,,40.75340048,-91.2755898
6,10560002,Skunk River near Augusta,08/01/2011 12:20:00,AMBIENT,14265-44-2,Orthophosphate (as P),Dissolved,,0.14,mg/l,True,0.02,,,365.1,UHL001,Actual,SW,Water,,,Lee,07080107,River/Stream,,40.75340048,-91.2755898
6,10560002,Skunk River near Augusta,08/01/2011 12:20:00,AMBIENT,PHOSP-PHOSP,Phosphate-phosphorus (as P),Total,,0.25,mg/l,True,0.02,,,365.4,UHL001,Actual,SW,Water,,,Lee,07080107,River/Stream,,40.75340048,-91.2755898
6,10560002,Skunk River near Augusta,08/01/2011 12:20:00,AMBIENT,TDS,Total dissolved solids,Dissolved,,320,mg/l,True,1,,,2540-C,UHL001,Actual,SW,Water,,,Lee,07080107,River/Stream,,40.75340048,-91.2755898
6,10560002,Skunk River near Augusta,08/01/2011 12:20:00,AMBIENT,TVSS,Volatile Suspended Solids,NonFilt,,18,mg/l,True,1,,,160.4,UHL001,Actual,SW,Water,,,Lee,07080107,River/Stream,,40.75340048,-91.2755898
6,10560002,Skunk River near Augusta,08/01/2011 12:20:00,AMBIENT,TSS,Total suspended solids,NonFilt,,100,mg/l,True,1,,,I3765,UHL001,Actual,SW,Water,,,Lee,07080107,River/Stream,,40.75340048,-91.2755898
6,10560002,Skunk River near Augusta,08/01/2011 12:20:00,AMBIENT,TURB,Turbidity,Total,,64,NTU,True,1,,,2130-B,UHL001,Actual,SW,Water,,,Lee,07080107,River/Stream,,40.75340048,-91.2755898
6,10560002,Skunk River near Augusta,08/01/2011 12:20:00,AMBIENT,NIT-AMM,Ammonia-nitrogen (as N),Total,,0.05,mg/l,False,0.05,,,350.1,UHL001,Actual,SW,Water,,,Lee,07080107,River/Stream,,40.75340048,-91.2755898
6,10560002,Skunk River near Augusta,08/01/2011 12:20:00,AMBIENT,CBOD-SC,"Carbonaceous biochemical oxygen demand, standard conditions",Total,,2,mg/l,False,2,,,5210-B,UHL001,Actual,SW,Water,,,Lee,07080107,River/Stream,,40.75340048,-91.2755898
6,10560002,Skunk River near Augusta,08/01/2011 12:20:00,AMBIENT,14808-79-8,Sulfate (as SO4),Total,,33,mg/l,True,1,,,300.0,UHL001,Actual,SW,Water,,,Lee,07080107,River/Stream,,40.75340048,-91.2755898
6,10560002,Skunk River near Augusta,08/01/2011 12:20:00,AMBIENT,16887-00-6,Chloride,Total,,16,mg/l,True,1,,,300.0,UHL001,Actual,SW,Water,,,Lee,07080107,River/Stream,,40.75340048,-91.2755898
6,10560002,Skunk River near Augusta,08/01/2011 12:20:00,AMBIENT,HARD-CARB,"Hardness, carbonate",Total,,260,mg/l,True,1,,,2340C,UHL001,Actual,SW,Water,,,Lee,07080107,River/Stream,,40.75340048,-91.2755898
6,10560002,Skunk River near Augusta,08/01/2011 12:20:00,AMBIENT,CLR-A-FREE,"Chlorophyll a, free of pheophytin",NonFilt,,66,ug/l,True,1,,,445,UHL001,Actual,SW,Water,,,Lee,07080107,River/Stream,,40.75340048,-91.2755898
6,10560002,Skunk River near Augusta,08/01/2011 12:20:00,AMBIENT,68583-22-2,Escherichia coli,Total,,20,MPN/100ml,True,10,,,9223-B,UHL001,Actual,SW,Water,,,Lee,07080107,River/Stream,,40.75340048,-91.2755898
6,10560002,Skunk River near Augusta,08/01/2011 12:20:00,AMBIENT,FLOW,Flow,Total,,390,cfs,True,,,,USGS CA8,,Actual,SW,Water,,,Lee,07080107,River/Stream,,40.75340048,-91.2755898
6,10560002,Skunk River near Augusta,08/01/2011 12:20:00,AMBIENT,TEMP-WATER,"Temperature, water",Total,,31.2,deg C,True,,,,2550,,Actual,SW,Water,,,Lee,07080107,River/Stream,,40.75340048,-91.2755898
6,10560002,Skunk River near Augusta,08/01/2011 12:20:00,AMBIENT,PH,pH,Total,,8.5,None,True,,,,4500-H,,Actual,SW,Water,,,Lee,07080107,River/Stream,,40.75340048,-91.2755898
6,10560002,Skunk River near Augusta,09/01/2011 09:30:00,AMBIENT,NIT-NO3-NO2,Inorganic nitrogen (nitrate and nitrite) (as N),Total,,0.1,mg/l,False,0.1,,,353.2,UHL001,Actual,SW,Water,,,Lee,07080107,River/Stream,,40.75340048,-91.2755898
6,10560002,Skunk River near Augusta,09/01/2011 09:30:00,AMBIENT,NIT-KJELD,Kjeldahl nitrogen (AS N),Total,,0.7,mg/l,True,0.1,,,351.2,UHL001,Actual,SW,Water,,,Lee,07080107,River/Stream,,40.75340048,-91.2755898
6,10560002,Skunk River near Augusta,09/01/2011 09:30:00,AMBIENT,14265-44-2,Orthophosphate (as P),Dissolved,,0.06,mg/l,True,0.02,,,365.1,UHL001,Actual,SW,Water,,,Lee,07080107,River/Stream,,40.75340048,-91.2755898
6,10560002,Skunk River near Augusta,09/01/2011 09:30:00,AMBIENT,PHOSP-PHOSP,Phosphate-phosphorus (as P),Total,,0.27,mg/l,True,0.02,,,365.4,UHL001,Actual,SW,Water,,,Lee,07080107,River/Stream,,40.75340048,-91.2755898
6,10560002,Skunk River near Augusta,09/01/2011 09:30:00,AMBIENT,TDS,Total dissolved solids,Dissolved,,300,mg/l,True,1,,,2540-C,UHL001,Actual,SW,Water,,,Lee,07080107,River/Stream,,40.75340048,-91.2755898
6,10560002,Skunk River near Augusta,09/01/2011 09:30:00,AMBIENT,TVSS,Volatile Suspended Solids,NonFilt,,24,mg/l,True,1,,,160.4,UHL001,Actual,SW,Water,,,Lee,07080107,River/Stream,,40.75340048,-91.2755898
6,10560002,Skunk River near Augusta,09/01/2011 09:30:00,AMBIENT,TSS,Total suspended solids,NonFilt,,44,mg/l,True,1,,,I3765,UHL001,Actual,SW,Water,,,Lee,07080107,River/Stream,,40.75340048,-91.2755898
6,10560002,Skunk River near Augusta,09/01/2011 09:30:00,AMBIENT,TURB,Turbidity,Total,,41,NTU,True,1,,,2130-B,UHL001,Actual,SW,Water,,,Lee,07080107,River/Stream,,40.75340048,-91.2755898
6,10560002,Skunk River near Augusta,09/01/2011 09:30:00,AMBIENT,NIT-AMM,Ammonia-nitrogen (as N),Total,,0.05,mg/l,False,0.05,,,350.1,UHL001,Actual,SW,Water,,,Lee,07080107,River/Stream,,40.75340048,-91.2755898
6,10560002,Skunk River near Augusta,09/01/2011 09:30:00,AMBIENT,CBOD-SC,"Carbonaceous biochemical oxygen demand, standard conditions",Total,,4,mg/l,True,2,,,5210-B,UHL001,Actual,SW,Water,,,Lee,07080107,River/Stream,,40.75340048,-91.2755898
6,10560002,Skunk River near Augusta,09/01/2011 09:30:00,AMBIENT,14808-79-8,Sulfate (as SO4),Total,,43,mg/l,True,1,,,300.0,UHL001,Actual,SW,Water,,,Lee,07080107,River/Stream,,40.75340048,-91.2755898
6,10560002,Skunk River near Augusta,09/01/2011 09:30:00,AMBIENT,16887-00-6,Chloride,Total,,21,mg/l,True,1,,,300.0,UHL001,Actual,SW,Water,,,Lee,07080107,River/Stream,,40.75340048,-91.2755898
6,10560002,Skunk River near Augusta,09/01/2011 09:30:00,AMBIENT,HARD-CARB,"Hardness, carbonate",Total,,230,mg/l,True,1,,,2340C,UHL001,Actual,SW,Water,,,Lee,07080107,River/Stream,,40.75340048,-91.2755898
6,10560002,Skunk River near Augusta,09/01/2011 09:30:00,AMBIENT,CLR-A-FREE,"Chlorophyll a, free of pheophytin",NonFilt,,79,ug/l,True,1,,,445,UHL001,Actual,SW,Water,,,Lee,07080107,River/Stream,,40.75340048,-91.2755898
6,10560002,Skunk River near Augusta,09/01/2011 09:30:00,AMBIENT,68583-22-2,Escherichia coli,Total,,31,MPN/100ml,True,10,,,9223-B,UHL001,Actual,SW,Water,,,Lee,07080107,River/Stream,,40.75340048,-91.2755898
6,10560002,Skunk River near Augusta,09/01/2011 09:30:00,AMBIENT,TEMP-WATER,"Temperature, water",Total,,26.4,deg C,True,,,,2550,,Actual,SW,Water,,,Lee,07080107,River/Stream,,40.75340048,-91.2755898
6,10560002,Skunk River near Augusta,10/05/2011 09:30:00,AMBIENT,NIT-NO3-NO2,Inorganic nitrogen (nitrate and nitrite) (as N),Total,,0.1,mg/l,False,0.1,,,353.2,UHL001,Actual,SW,Water,,,Lee,07080107,River/Stream,,40.75340048,-91.2755898
6,10560002,Skunk River near Augusta,10/05/2011 09:30:00,AMBIENT,NIT-KJELD,Kjeldahl nitrogen (AS N),Total,,0.8,mg/l,True,0.1,,,351.2,UHL001,Actual,SW,Water,,,Lee,07080107,River/Stream,,40.75340048,-91.2755898
6,10560002,Skunk River near Augusta,11/01/2011 08:30:00,AMBIENT,NIT-NO3-NO2,Inorganic nitrogen (nitrate and nitrite) (as N),Total,,0.1,mg/l,False,0.1,,,353.2,UHL001,Actual,SW,Water,,,Lee,07080107,River/Stream,,40.75340048,-91.2755898
6,10560002,Skunk River near Augusta,11/01/2011 08:30:00,AMBIENT,NIT-KJELD,Kjeldahl nitrogen (AS N),Total,,0.7,mg/l,True,0.1,,,351.2,UHL001,Actual,SW,Water,,,Lee,07080107,River/Stream,,40.75340048,-91.2755898
6,10560002,Skunk River near Augusta,11/01/2011 08:30:00,AMBIENT,14265-44-2,Orthophosphate (as P),Dissolved,,0.03,mg/l,True,0.02,,,365.1,UHL001,Actual,SW,Water,,,Lee,07080107,River/Stream,,40.75340048,-91.2755898
6,10560002,Skunk River near Augusta,11/01/2011 08:30:00,AMBIENT,PHOSP-PHOSP,Phosphate-phosphorus (as P),Total,,0.14,mg/l,True,0.02,,,365.4,UHL001,Actual,SW,Water,,,Lee,07080107,River/Stream,,40.75340048,-91.2755898
6,10560002,Skunk River near Augusta,11/01/2011 08:30:00,AMBIENT,TDS,Total dissolved solids,Dissolved,,340,mg/l,True,1,,,2540-C,UHL001,Actual,SW,Water,,,Lee,07080107,River/Stream,,40.75340048,-91.2755898
6,10560002,Skunk River near Augusta,11/01/2011 08:30:00,AMBIENT,TVSS,Volatile Suspended Solids,NonFilt,,14,mg/l,True,1,,,160.4,UHL001,Actual,SW,Water,,,Lee,07080107,River/Stream,,40.75340048,-91.2755898
6,10560002,Skunk River near Augusta,11/01/2011 08:30:00,AMBIENT,TSS,Total suspended solids,NonFilt,,40,mg/l,True,1,,,I3765,UHL001,Actual,SW,Water,,,Lee,07080107,River/Stream,,40.75340048,-91.2755898
6,10560002,Skunk River near Augusta,11/01/2011 08:30:00,AMBIENT,TURB,Turbidity,Total,,21,NTU,True,1,,,2130-B,UHL001,Actual,SW,Water,,,Lee,07080107,River/Stream,,40.75340048,-91.2755898
6,10560002,Skunk River near Augusta,11/01/2011 08:30:00,AMBIENT,NIT-AMM,Ammonia-nitrogen (as N),Total,,0.05,mg/l,False,0.05,,,350.1,UHL001,Actual,SW,Water,,,Lee,07080107,River/Stream,,40.75340048,-91.2755898
6,10560002,Skunk River near Augusta,11/01/2011 08:30:00,AMBIENT,CBOD-SC,"Carbonaceous biochemical oxygen demand, standard conditions",Total,,3,mg/l,True,2,,,5210-B,UHL001,Actual,SW,Water,,,Lee,07080107,River/Stream,,40.75340048,-91.2755898
6,10560002,Skunk River near Augusta,11/01/2011 08:30:00,AMBIENT,14808-79-8,Sulfate (as SO4),Total,,55,mg/l,True,1,,,300.0,UHL001,Actual,SW,Water,,,Lee,07080107,River/Stream,,40.75340048,-91.2755898
6,10560002,Skunk River near Augusta,11/01/2011 08:30:00,AMBIENT,16887-00-6,Chloride,Total,,27,mg/l,True,1,,,300.0,UHL001,Actual,SW,Water,,,Lee,07080107,River/Stream,,40.75340048,-91.2755898
6,10560002,Skunk River near Augusta,11/01/2011 08:30:00,AMBIENT,HARD-CARB,"Hardness, carbonate",Total,,290,mg/l,True,1,,,2340C,UHL001,Actual,SW,Water,,,Lee,07080107,River/Stream,,40.75340048,-91.2755898
6,10560002,Skunk River near Augusta,11/01/2011 08:30:00,AMBIENT,CLR-A-FREE,"Chlorophyll a, free of pheophytin",NonFilt,,58,ug/l,True,1,,,445,UHL001,Actual,SW,Water,,,Lee,07080107,River/Stream,,40.75340048,-91.2755898
6,10560002,Skunk River near Augusta,11/01/2011 08:30:00,AMBIENT,68583-22-2,Escherichia coli,Total,,63,MPN/100ml,True,10,,,9223-B,UHL001,Actual,SW,Water,,,Lee,07080107,River/Stream,,40.75340048,-91.2755898
6,10560002,Skunk River near Augusta,11/01/2011 08:30:00,AMBIENT,FLOW,Flow,Total,,410,cfs,True,,,,USGS CA8,,Actual,SW,Water,,,Lee,07080107,River/Stream,,40.75340048,-91.2755898
6,10560002,Skunk River near Augusta,11/01/2011 08:30:00,AMBIENT,TEMP-WATER,"Temperature, water",Total,,8.2,deg C,True,,,,2550,,Actual,SW,Water,,,Lee,07080107,River/Stream,,40.75340048,-91.2755898
6,10560002,Skunk River near Augusta,12/05/2011 09:00:00,AMBIENT,TDS,Total dissolved solids,Dissolved,,350,mg/l,True,1,,,2540-C,UHL001,Actual,SW,Water,,,Lee,07080107,River/Stream,,40.75340048,-91.2755898
6,10560002,Skunk River near Augusta,12/05/2011 09:00:00,AMBIENT,TVSS,Volatile Suspended Solids,NonFilt,,5,mg/l,True,1,,,160.4,UHL001,Actual,SW,Water,,,Lee,07080107,River/Stream,,40.75340048,-91.2755898
6,10560002,Skunk River near Augusta,12/05/2011 09:00:00,AMBIENT,TSS,Total suspended solids,NonFilt,,10,mg/l,True,1,,,I3765,UHL001,Actual,SW,Water,,,Lee,07080107,River/Stream,,40.75340048,-91.2755898
6,10560002,Skunk River near Augusta,12/05/2011 09:00:00,AMBIENT,TURB,Turbidity,Total,,5.4,NTU,True,1,,,2130-B,UHL001,Actual,SW,Water,,,Lee,07080107,River/Stream,,40.75340048,-91.2755898
6,10560002,Skunk River near Augusta,12/05/2011 09:00:00,AMBIENT,NIT-AMM,Ammonia-nitrogen (as N),Total,,0.05,mg/l,False,0.05,,,350.1,UHL001,Actual,SW,Water,,,Lee,07080107,River/Stream,,40.75340048,-91.2755898
6,10560002,Skunk River near Augusta,12/05/2011 09:00:00,AMBIENT,CBOD-SC,"Carbonaceous biochemical oxygen demand, standard conditions",Total,,2,mg/l,False,2,,,5210-B,UHL001,Actual,SW,Water,,,Lee,07080107,River/Stream,,40.75340048,-91.2755898
6,10560002,Skunk River near Augusta,12/05/2011 09:00:00,AMBIENT,14808-79-8,Sulfate (as SO4),Total,,66,mg/l,True,1,,,300.0,UHL001,Actual,SW,Water,,,Lee,07080107,River/Stream,,40.75340048,-91.2755898
6,10560002,Skunk River near Augusta,12/05/2011 09:00:00,AMBIENT,16887-00-6,Chloride,Total,,27,mg/l,True,1,,,300.0,UHL001,Actual,SW,Water,,,Lee,07080107,River/Stream,,40.75340048,-91.2755898
6,10560002,Skunk River near Augusta,12/05/2011 09:00:00,AMBIENT,HARD-CARB,"Hardness, carbonate",Total,,270,mg/l,True,1,,,2340C,UHL001,Actual,SW,Water,,,Lee,07080107,River/Stream,,40.75340048,-91.2755898
6,10560002,Skunk River near Augusta,12/05/2011 09:00:00,AMBIENT,CLR-A-FREE,"Chlorophyll a, free of pheophytin",NonFilt,,80,ug/l,True,1,,,445,UHL001,Actual,SW,Water,,,Lee,07080107,River/Stream,,40.75340048,-91.2755898
6,10560002,Skunk River near Augusta,12/05/2011 09:00:00,AMBIENT,68583-22-2,Escherichia coli,Total,,120,MPN/100ml,True,10,,,9223-B,UHL001,Actual,SW,Water,,,Lee,07080107,River/Stream,,40.75340048,-91.2755898
6,10560002,Skunk River near Augusta,12/05/2011 09:00:00,AMBIENT,FLOW,Flow,Total,,1900,cfs,True,,,,USGS CA8,,Actual,SW,Water,,,Lee,07080107,River/Stream,,40.75340048,-91.2755898
6,10560002,Skunk River near Augusta,12/05/2011 09:00:00,AMBIENT,TEMP-WATER,"Temperature, water",Total,,4.6,deg C,True,,,,2550,,Actual,SW,Water,,,Lee,07080107,River/Stream,,40.75340048,-91.2755898
6,10560002,Skunk River near Augusta,12/05/2011 09:00:00,AMBIENT,PH,pH,Total,,8.4,None,True,,,,4500-H,,Actual,SW,Water,,,Lee,07080107,River/Stream,,40.75340048,-91.2755898
6,10560002,Skunk River near Augusta,12/05/2011 09:00:00,AMBIENT,7782-44-7,Dissolved oxygen (DO),Total,,13.2,mg/l,True,,,,4500-O-G,,Actual,SW,Water,,,Lee,07080107,River/Stream,,40.75340048,-91.2755898
6,10560002,Skunk River near Augusta,02/06/2012 10:25:00,AMBIENT,TDS,Total dissolved solids,Dissolved,,360,mg/l,True,1,,,2540-C,UHL001,Actual,SW,Water,,,Lee,07080107,River/Stream,,40.75340048,-91.2755898
6,10560002,Skunk River near Augusta,02/06/2012 10:25:00,AMBIENT,TVSS,Volatile Suspended Solids,NonFilt,,4,mg/l,True,1,,,160.4,UHL001,Actual,SW,Water,,,Lee,07080107,River/Stream,,40.75340048,-91.2755898
6,10560002,Skunk River near Augusta,02/06/2012 10:25:00,AMBIENT,NIT-KJELD,Kjeldahl nitrogen (AS N),Total,,0.1,mg/l,False,0.1,,,LAC10-107-06-2E,UHL001,Actual,SW,Water,,,Lee,07080107,River/Stream,,40.75340048,-91.2755898
6,10560002,Skunk River near Augusta,02/06/2012 10:25:00,AMBIENT,TURB,Turbidity,Total,,3.9,NTU,True,1,,,2130-B,UHL001,Actual,SW,Water,,,Lee,07080107,River/Stream,,40.75340048,-91.2755898
6,10560002,Skunk River near Augusta,02/06/2012 10:25:00,AMBIENT,7782-44-7,Dissolved oxygen (DO),Total,,14.8,mg/l,True,,,,4500-O-G,,Actual,SW,Water,,,Lee,07080107,River/Stream,,40.75340048,-91.2755898
6,10560002,Skunk River near Augusta,02/06/2012 10:25:00,AMBIENT,FLOW,Flow,Total,,720,cfs,True,,,,USGS CA8,,Actual,SW,Water,,,Lee,07080107,River/Stream,,40.75340048,-91.2755898
6,10560002,Skunk River near Augusta,02/06/2012 10:25:00,AMBIENT,PH,pH,Total,,8.5,None,True,,,,4500-H,,Actual,SW,Water,,,Lee,07080107,River/Stream,,40.75340048,-91.2755898
6,10560002,Skunk River near Augusta,02/06/2012 10:25:00,AMBIENT,TEMP-WATER,"Temperature, water",Total,,1.3,deg C,True,,,,2550,,Actual,SW,Water,,,Lee,07080107,River/Stream,,40.75340048,-91.2755898
6,10560002,Skunk River near Augusta,05/01/2012 10:55:00,AMBIENT,NIT-AMM,Ammonia-nitrogen (as N),Total,,0.05,mg/l,False,0.05,,,LAC10-107-06-1J,UHL001,Actual,SW,Water,,,Lee,07080107,River/Stream,,40.75340048,-91.2755898
6,10560002,Skunk River near Augusta,05/01/2012 10:55:00,AMBIENT,CBOD-SC,"Carbonaceous biochemical oxygen demand, standard conditions",Total,,2,mg/l,False,2,,,5210-B,UHL001,Actual,SW,Water,,,Lee,07080107,River/Stream,,40.75340048,-91.2755898
6,10560002,Skunk River near Augusta,05/01/2012 10:55:00,AMBIENT,14808-79-8,Sulfate (as SO4),Total,,32,mg/l,True,1,,,300.0,UHL001,Actual,SW,Water,,,Lee,07080107,River/Stream,,40.75340048,-91.2755898
6,10560002,Skunk River near Augusta,05/01/2012 10:55:00,AMBIENT,16887-00-6,Chloride,Total,,19,mg/l,True,1,,,300.0,UHL001,Actual,SW,Water,,,Lee,07080107,River/Stream,,40.75340048,-91.2755898
6,10560002,Skunk River near Augusta,05/01/2012 10:55:00,AMBIENT,CLR-A-FREE,"Chlorophyll a, free of pheophytin",NonFilt,,27,ug/l,True,1,,,445,UHL001,Actual,SW,Water,,,Lee,07080107,River/Stream,,40.75340048,-91.2755898
6,10560002,Skunk River near Augusta,05/01/2012 10:55:00,AMBIENT,68583-22-2,Escherichia coli,Total,,2000,MPN/100ml,True,10,,,9223-B,UHL001,Actual,SW,Water,,,Lee,07080107,River/Stream,,40.75340048,-91.2755898
6,10560002,Skunk River near Augusta,05/01/2012 10:55:00,AMBIENT,NIT-NO3-NO2,Inorganic nitrogen (nitrate and nitrite) (as N),Total,,6.4,mg/l,True,0.1,,,LAC10-107-04-1J,UHL001,Actual,SW,Water,,,Lee,07080107,River/Stream,,40.75340048,-91.2755898
6,10560002,Skunk River near Augusta,05/01/2012 10:55:00,AMBIENT,TDS,Total dissolved solids,Dissolved,,320,mg/l,True,1,,,2540-C,UHL001,Actual,SW,Water,,,Lee,07080107,River/Stream,,40.75340048,-91.2755898
6,10560002,Skunk River near Augusta,05/01/2012 10:55:00,AMBIENT,HARD-CARB,"Hardness, carbonate",Total,,260,mg/l,True,1,,,2340C,UHL001,Actual,SW,Water,,,Lee,07080107,River/Stream,,40.75340048,-91.2755898
6,10560002,Skunk River near Augusta,05/01/2012 10:55:00,AMBIENT,NIT-KJELD,Kjeldahl nitrogen (AS N),Total,,0.6,mg/l,True,0.1,,,LAC10-107-06-2E,UHL001,Actual,SW,Water,,,Lee,07080107,River/Stream,,40.75340048,-91.2755898
6,10560002,Skunk River near Augusta,05/01/2012 10:55:00,AMBIENT,PHOSP-PHOSP,Phosphate-phosphorus (as P),Total,,0.3,mg/l,True,0.02,,,LAC10-115-01-1D,UHL001,Actual,SW,Water,,,Lee,07080107,River/Stream,,40.75340048,-91.2755898
6,10560002,Skunk River near Augusta,05/01/2012 10:55:00,AMBIENT,TSS,Total suspended solids,NonFilt,,130,mg/l,True,1,,,I3765,UHL001,Actual,SW,Water,,,Lee,07080107,River/Stream,,40.75340048,-91.2755898
6,10560002,Skunk River near Augusta,05/01/2012 10:55:00,AMBIENT,TVSS,Volatile Suspended Solids,NonFilt,,20,mg/l,True,1,,,160.4,UHL001,Actual,SW,Water,,,Lee,07080107,River/Stream,,40.75340048,-91.2755898
6,10560002,Skunk River near Augusta,05/01/2012 10:55:00,AMBIENT,TURB,Turbidity,Total,,64,NTU,True,1,,,2130-B,UHL001,Actual,SW,Water,,,Lee,07080107,River/Stream,,40.75340048,-91.2755898
6,10560001,Des Moines River near Keokuk,10/02/2002 09:40:00,AMBIENT,7440-44-0,Carbon,Total,,8.3,mg/l,True,0.5,,,415.1,UHL001,Actual,SW,Water,,,Lee,07100009,River/Stream,,40.4620485,-91.5670776
6,10560002,Skunk River near Augusta,04/01/2015 10:50:00,AMBIENT,TEMP-WATER,"Temperature, water",Total,,12.3,deg C,True,,,,2550,,Actual,SW,Water,,,Lee,07080107,River/Stream,,40.75340048,-91.2755898
6,10560002,Skunk River near Augusta,04/01/2015 10:50:00,AMBIENT,PH,pH,Total,,8.9,None,True,,,,4500-H,,Actual,SW,Water,,,Lee,07080107,River/Stream,,40.75340048,-91.2755898
6,10560002,Skunk River near Augusta,04/01/2015 10:50:00,AMBIENT,7782-44-7,Dissolved oxygen (DO),Total,,11.4,mg/l,True,,,,D888(C),,Actual,SW,Water,,,Lee,07080107,River/Stream,,40.75340048,-91.2755898
6,10560002,Skunk River near Augusta,04/01/2015 10:50:00,AMBIENT,FLOW,Flow,Total,,1200,cfs,True,,,,USGS CA8,,Actual,SW,Water,,,Lee,07080107,River/Stream,,40.75340048,-91.2755898
6,10560002,Skunk River near Augusta,04/01/2015 10:50:00,AMBIENT,TVSS,Volatile Suspended Solids,NonFilt,,6,mg/l,True,1,,,160.4,UHL001,Actual,SW,Water,,,Lee,07080107,River/Stream,,40.75340048,-91.2755898
6,10560002,Skunk River near Augusta,04/01/2015 10:50:00,AMBIENT,TURB,Turbidity,Total,,7,NTU,True,1,,,2130-B,UHL001,Actual,SW,Water,,,Lee,07080107,River/Stream,,40.75340048,-91.2755898
6,10560002,Skunk River near Augusta,04/01/2015 10:50:00,AMBIENT,HARD-CARB,"Hardness, carbonate",Total,,290,mg/l,True,1,,,2340C,UHL001,Actual,SW,Water,,,Lee,07080107,River/Stream,,40.75340048,-91.2755898
6,10560002,Skunk River near Augusta,04/01/2015 10:50:00,AMBIENT,TDS,Total dissolved solids,Dissolved,,320,mg/l,True,1,,,2540-C,UHL001,Actual,SW,Water,,,Lee,07080107,River/Stream,,40.75340048,-91.2755898
6,10560002,Skunk River near Augusta,04/01/2015 10:50:00,AMBIENT,14808-79-8,Sulfate (AS SO4),Total,,43,mg/l,True,1,,,300.0,UHL001,Actual,SW,Water,,,Lee,07080107,River/Stream,,40.75340048,-91.2755898
6,10560002,Skunk River near Augusta,04/01/2015 10:50:00,AMBIENT,16887-00-6,Chloride,Total,,23,mg/l,True,1,,,300.0,UHL001,Actual,SW,Water,,,Lee,07080107,River/Stream,,40.75340048,-91.2755898
6,10560002,Skunk River near Augusta,04/01/2015 10:50:00,AMBIENT,CLR-A-FREE,"Chlorophyll a, free of pheophytin",NonFilt,,99,ug/l,True,1,,,445,UHL001,Actual,SW,Water,,,Lee,07080107,River/Stream,,40.75340048,-91.2755898
6,10560002,Skunk River near Augusta,04/01/2015 10:50:00,AMBIENT,CBOD-SC,"Carbonaceous biochemical oxygen demand, standard conditions",Total,,3,mg/l,True,2,,,5210-B,UHL001,Actual,SW,Water,,,Lee,07080107,River/Stream,,40.75340048,-91.2755898
6,10560002,Skunk River near Augusta,04/01/2015 10:50:00,AMBIENT,68583-22-2,Escherichia coli,Total,,10,MPN/100ml,False,10,,,9223-B,UHL001,Actual,SW,Water,,,Lee,07080107,River/Stream,,40.75340048,-91.2755898
6,10560002,Skunk River near Augusta,04/01/2015 10:50:00,AMBIENT,TSS,Total suspended solids,NonFilt,,25,mg/l,True,1,,,I3765,UHL001,Actual,SW,Water,,,Lee,07080107,River/Stream,,40.75340048,-91.2755898
6,10560002,Skunk River near Augusta,04/01/2015 10:50:00,AMBIENT,NIT-NO3-NO2,Inorganic nitrogen (nitrate and nitrite) (AS N),Total,,3.4,mg/l,True,0.1,,,LAC10-107-04-1J,UHL001,Actual,SW,Water,,,Lee,07080107,River/Stream,,40.75340048,-91.2755898
6,10560002,Skunk River near Augusta,04/01/2015 10:50:00,AMBIENT,NIT-AMM,Ammonia-nitrogen (AS N),Total,,0.05,mg/l,False,0.05,,,LAC10-107-06-1J,UHL001,Actual,SW,Water,,,Lee,07080107,River/Stream,,40.75340048,-91.2755898
6,10560002,Skunk River near Augusta,04/01/2015 10:50:00,AMBIENT,NIT-KJELD,Kjeldahl nitrogen (AS N),Total,,0.7,mg/l,True,0.1,,,LAC10-107-06-2E,UHL001,Actual,SW,Water,,,Lee,07080107,River/Stream,,40.75340048,-91.2755898
6,10560002,Skunk River near Augusta,04/01/2015 10:50:00,AMBIENT,14265-44-2,Orthophosphate (AS P),Dissolved,,0.02,mg/l,False,0.02,,,LAC10-115-01-1A,UHL001,Actual,SW,Water,,,Lee,07080107,River/Stream,,40.75340048,-91.2755898
6,10560002,Skunk River near Augusta,04/01/2015 10:50:00,AMBIENT,PHOSP-PHOSP,Phosphate-phosphorus (AS P),Total,,0.13,mg/l,True,0.02,,,LAC10-115-01-1D,UHL001,Actual,SW,Water,,,Lee,07080107,River/Stream,,40.75340048,-91.2755898
6,10560002,Skunk River near Augusta,07/01/2015 10:15:00,AMBIENT,TEMP-WATER,"Temperature, water",Total,,23.7,deg C,True,,,,2550,,Actual,SW,Water,,,Lee,07080107,River/Stream,,40.75340048,-91.2755898
6,10560002,Skunk River near Augusta,07/01/2015 10:15:00,AMBIENT,PH,pH,Total,,8,None,True,,,,4500-H,,Actual,SW,Water,,,Lee,07080107,River/Stream,,40.75340048,-91.2755898
6,10560002,Skunk River near Augusta,07/01/2015 10:15:00,AMBIENT,7782-44-7,Dissolved oxygen (DO),Total,,7.1,mg/l,True,,,,D888(C),,Actual,SW,Water,,,Lee,07080107,River/Stream,,40.75340048,-91.2755898
6,10560002,Skunk River near Augusta,07/01/2015 10:15:00,AMBIENT,TVSS,Volatile Suspended Solids,NonFilt,,32,mg/l,True,1,,,160.4,UHL001,Actual,SW,Water,,,Lee,07080107,River/Stream,,40.75340048,-91.2755898
6,10560002,Skunk River near Augusta,07/01/2015 10:15:00,AMBIENT,TURB,Turbidity,Total,,160,NTU,True,1,,,2130-B,UHL001,Actual,SW,Water,,,Lee,07080107,River/Stream,,40.75340048,-91.2755898
6,10560002,Skunk River near Augusta,07/01/2015 10:15:00,AMBIENT,HARD-CARB,"Hardness, carbonate",Total,,210,mg/l,True,1,,,2340C,UHL001,Actual,SW,Water,,,Lee,07080107,River/Stream,,40.75340048,-91.2755898
6,10560002,Skunk River near Augusta,07/01/2015 10:15:00,AMBIENT,TDS,Total dissolved solids,Dissolved,,300,mg/l,True,1,,,2540-C,UHL001,Actual,SW,Water,,,Lee,07080107,River/Stream,,40.75340048,-91.2755898
6,10560002,Skunk River near Augusta,07/01/2015 10:15:00,AMBIENT,14808-79-8,Sulfate (AS SO4),Total,,16,mg/l,True,1,,,300.0,UHL001,Actual,SW,Water,,,Lee,07080107,River/Stream,,40.75340048,-91.2755898
6,10560002,Skunk River near Augusta,07/01/2015 10:15:00,AMBIENT,16887-00-6,Chloride,Total,,13,mg/l,True,1,,,300.0,UHL001,Actual,SW,Water,,,Lee,07080107,River/Stream,,40.75340048,-91.2755898
6,10560002,Skunk River near Augusta,07/01/2015 10:15:00,AMBIENT,CLR-A-FREE,"Chlorophyll a, free of pheophytin",NonFilt,,5,ug/l,True,1,,,445,UHL001,Actual,SW,Water,,,Lee,07080107,River/Stream,,40.75340048,-91.2755898
6,10560002,Skunk River near Augusta,07/01/2015 10:15:00,AMBIENT,CBOD-SC,"Carbonaceous biochemical oxygen demand, standard conditions",Total,,2,mg/l,False,2,,,5210-B,UHL001,Actual,SW,Water,,,Lee,07080107,River/Stream,,40.75340048,-91.2755898
6,10560002,Skunk River near Augusta,07/01/2015 10:15:00,AMBIENT,68583-22-2,Escherichia coli,Total,,570,MPN/100ml,True,10,,,9223-B,UHL001,Actual,SW,Water,,,Lee,07080107,River/Stream,,40.75340048,-91.2755898
6,10560002,Skunk River near Augusta,07/01/2015 10:15:00,AMBIENT,TSS,Total suspended solids,NonFilt,,340,mg/l,True,1,,,I3765,UHL001,Actual,SW,Water,,,Lee,07080107,River/Stream,,40.75340048,-91.2755898
6,10560002,Skunk River near Augusta,07/01/2015 10:15:00,AMBIENT,NIT-NO3-NO2,Inorganic nitrogen (nitrate and nitrite) (AS N),Total,,6.6,mg/l,True,0.1,,,LAC10-107-04-1J,UHL001,Actual,SW,Water,,,Lee,07080107,River/Stream,,40.75340048,-91.2755898
6,10560002,Skunk River near Augusta,07/01/2015 10:15:00,AMBIENT,NIT-AMM,Ammonia-nitrogen (AS N),Total,,0.05,mg/l,False,0.05,,,LAC10-107-06-1J,UHL001,Actual,SW,Water,,,Lee,07080107,River/Stream,,40.75340048,-91.2755898
6,10560002,Skunk River near Augusta,07/01/2015 10:15:00,AMBIENT,NIT-KJELD,Kjeldahl nitrogen (AS N),Total,,1.2,mg/l,True,0.1,,,LAC10-107-06-2E,UHL001,Actual,SW,Water,,,Lee,07080107,River/Stream,,40.75340048,-91.2755898
6,10560002,Skunk River near Augusta,07/01/2015 10:15:00,AMBIENT,14265-44-2,Orthophosphate (AS P),Dissolved,,0.14,mg/l,True,0.02,,,LAC10-115-01-1A,UHL001,Actual,SW,Water,,,Lee,07080107,River/Stream,,40.75340048,-91.2755898
6,10560002,Skunk River near Augusta,07/01/2015 10:15:00,AMBIENT,PHOSP-PHOSP,Phosphate-phosphorus (AS P),Total,,0.5,mg/l,True,0.1,,,LAC10-115-01-1C,UHL001,Actual,SW,Water,,,Lee,07080107,River/Stream,,40.75340048,-91.2755898
6,10560002,Skunk River near Augusta,08/03/2015 10:40:00,AMBIENT,TEMP-WATER,"Temperature, water",Total,,26,deg C,True,,,,2550,,Actual,SW,Water,,,Lee,07080107,River/Stream,,40.75340048,-91.2755898
6,10560002,Skunk River near Augusta,08/03/2015 10:40:00,AMBIENT,PH,pH,Total,,8,None,True,,,,4500-H,,Actual,SW,Water,,,Lee,07080107,River/Stream,,40.75340048,-91.2755898
6,10560002,Skunk River near Augusta,08/03/2015 10:40:00,AMBIENT,7782-44-7,Dissolved oxygen (DO),Total,,7.3,mg/l,True,,,,D888(C),,Actual,SW,Water,,,Lee,07080107,River/Stream,,40.75340048,-91.2755898
6,10560002,Skunk River near Augusta,08/03/2015 10:40:00,AMBIENT,TVSS,Volatile Suspended Solids,NonFilt,,38,mg/l,True,1,,,160.4,UHL001,Actual,SW,Water,,,Lee,07080107,River/Stream,,40.75340048,-91.2755898
6,10560002,Skunk River near Augusta,08/03/2015 10:40:00,AMBIENT,TURB,Turbidity,Total,,160,NTU,True,1,,,2130-B,UHL001,Actual,SW,Water,,,Lee,07080107,River/Stream,,40.75340048,-91.2755898
6,10560002,Skunk River near Augusta,08/03/2015 10:40:00,AMBIENT,HARD-CARB,"Hardness, carbonate",Total,,250,mg/l,True,1,,,2340C,UHL001,Actual,SW,Water,,,Lee,07080107,River/Stream,,40.75340048,-91.2755898
6,10560002,Skunk River near Augusta,08/03/2015 10:40:00,AMBIENT,TDS,Total dissolved solids,Dissolved,,330,mg/l,True,1,,,2540-C,UHL001,Actual,SW,Water,,,Lee,07080107,River/Stream,,40.75340048,-91.2755898
6,10560002,Skunk River near Augusta,08/03/2015 10:40:00,AMBIENT,14808-79-8,Sulfate (AS SO4),Total,,18,mg/l,True,1,,,300.0,UHL001,Actual,SW,Water,,,Lee,07080107,River/Stream,,40.75340048,-91.2755898
6,10560002,Skunk River near Augusta,08/03/2015 10:40:00,AMBIENT,16887-00-6,Chloride,Total,,14,mg/l,True,1,,,300.0,UHL001,Actual,SW,Water,,,Lee,07080107,River/Stream,,40.75340048,-91.2755898
6,10560002,Skunk River near Augusta,08/03/2015 10:40:00,AMBIENT,CLR-A-FREE,"Chlorophyll a, free of pheophytin",NonFilt,,7,ug/l,True,1,,,445,UHL001,Actual,SW,Water,,,Lee,07080107,River/Stream,,40.75340048,-91.2755898
6,10560002,Skunk River near Augusta,08/03/2015 10:40:00,AMBIENT,CBOD-SC,"Carbonaceous biochemical oxygen demand, standard conditions",Total,,2,mg/l,False,2,,,5210-B,UHL001,Actual,SW,Water,,,Lee,07080107,River/Stream,,40.75340048,-91.2755898
6,10560002,Skunk River near Augusta,08/03/2015 10:40:00,AMBIENT,68583-22-2,Escherichia coli,Total,,710,MPN/100ml,True,10,,,9223-B,UHL001,Actual,SW,Water,,,Lee,07080107,River/Stream,,40.75340048,-91.2755898
6,10560002,Skunk River near Augusta,08/03/2015 10:40:00,AMBIENT,TSS,Total suspended solids,NonFilt,,340,mg/l,True,1,,,I3765,UHL001,Actual,SW,Water,,,Lee,07080107,River/Stream,,40.75340048,-91.2755898
6,10560002,Skunk River near Augusta,08/03/2015 10:40:00,AMBIENT,NIT-NO3-NO2,Inorganic nitrogen (nitrate and nitrite) (AS N),Total,,6.4,mg/l,True,0.1,,,LAC10-107-04-1J,UHL001,Actual,SW,Water,,,Lee,07080107,River/Stream,,40.75340048,-91.2755898
6,10560002,Skunk River near Augusta,08/03/2015 10:40:00,AMBIENT,NIT-AMM,Ammonia-nitrogen (AS N),Total,,0.07,mg/l,True,0.05,,,LAC10-107-06-1J,UHL001,Actual,SW,Water,,,Lee,07080107,River/Stream,,40.75340048,-91.2755898
6,10560002,Skunk River near Augusta,08/03/2015 10:40:00,AMBIENT,NIT-KJELD,Kjeldahl nitrogen (AS N),Total,,1.2,mg/l,True,0.1,,,LAC10-107-06-2E,UHL001,Actual,SW,Water,,,Lee,07080107,River/Stream,,40.75340048,-91.2755898
6,10560002,Skunk River near Augusta,08/03/2015 10:40:00,AMBIENT,14265-44-2,Orthophosphate (AS P),Dissolved,,0.17,mg/l,True,0.02,,,LAC10-115-01-1A,UHL001,Actual,SW,Water,,,Lee,07080107,River/Stream,,40.75340048,-91.2755898
6,10560002,Skunk River near Augusta,08/03/2015 10:40:00,AMBIENT,PHOSP-PHOSP,Phosphate-phosphorus (AS P),Total,,0.46,mg/l,True,0.1,,,LAC10-115-01-1C,UHL001,Actual,SW,Water,,,Lee,07080107,River/Stream,,40.75340048,-91.2755898
6,10560002,Skunk River near Augusta,06/02/2015 11:00:00,AMBIENT,FLOW,Flow,Total,,4360,cfs,True,,,,USGS CA8,,Actual,SW,Water,,,Lee,07080107,River/Stream,,40.75340048,-91.2755898
6,10560002,Skunk River near Augusta,07/01/2015 10:15:00,AMBIENT,FLOW,Flow,Total,,12300,cfs,True,,,,USGS CA8,,Actual,SW,Water,,,Lee,07080107,River/Stream,,40.75340048,-91.2755898
6,10560002,Skunk River near Augusta,09/03/2015 09:40:00,AMBIENT,TEMP-WATER,"Temperature, water",Total,,23.3,deg C,True,,,,2550,,Actual,SW,Water,,,Lee,07080107,River/Stream,,40.75340048,-91.2755898
6,10560002,Skunk River near Augusta,09/03/2015 09:40:00,AMBIENT,PH,pH,Total,,7.7,None,True,,,,4500-H,,Actual,SW,Water,,,Lee,07080107,River/Stream,,40.75340048,-91.2755898
6,10560002,Skunk River near Augusta,09/03/2015 09:40:00,AMBIENT,7782-44-7,Dissolved oxygen (DO),Total,,8.1,mg/l,True,,,,D888(C),,Actual,SW,Water,,,Lee,07080107,River/Stream,,40.75340048,-91.2755898
6,10560002,Skunk River near Augusta,09/03/2015 09:40:00,AMBIENT,TVSS,Volatile Suspended Solids,NonFilt,,52,mg/l,True,1,,,160.4,UHL001,Actual,SW,Water,,,Lee,07080107,River/Stream,,40.75340048,-91.2755898
6,10560002,Skunk River near Augusta,09/03/2015 09:40:00,AMBIENT,TURB,Turbidity,Total,,200,NTU,True,1,,,2130-B,UHL001,Actual,SW,Water,,,Lee,07080107,River/Stream,,40.75340048,-91.2755898
6,10560002,Skunk River near Augusta,09/03/2015 09:40:00,AMBIENT,HARD-CARB,"Hardness, carbonate",Total,,190,mg/l,True,1,,,2340C,UHL001,Actual,SW,Water,,,Lee,07080107,River/Stream,,40.75340048,-91.2755898
6,10560002,Skunk River near Augusta,09/03/2015 09:40:00,AMBIENT,TDS,Total dissolved solids,Dissolved,,340,mg/l,True,1,,,2540-C,UHL001,Actual,SW,Water,,,Lee,07080107,River/Stream,,40.75340048,-91.2755898
6,10560002,Skunk River near Augusta,09/03/2015 09:40:00,AMBIENT,14808-79-8,Sulfate (AS SO4),Total,,10,mg/l,True,1,,,300.0,UHL001,Actual,SW,Water,,,Lee,07080107,River/Stream,,40.75340048,-91.2755898
6,10560002,Skunk River near Augusta,09/03/2015 09:40:00,AMBIENT,16887-00-6,Chloride,Total,,8.7,mg/l,True,1,,,300.0,UHL001,Actual,SW,Water,,,Lee,07080107,River/Stream,,40.75340048,-91.2755898
6,10560002,Skunk River near Augusta,09/03/2015 09:40:00,AMBIENT,CLR-A-FREE,"Chlorophyll a, free of pheophytin",NonFilt,,5,ug/l,True,1,,,445,UHL001,Actual,SW,Water,,,Lee,07080107,River/Stream,,40.75340048,-91.2755898
6,10560002,Skunk River near Augusta,09/03/2015 09:40:00,AMBIENT,CBOD-SC,"Carbonaceous biochemical oxygen demand, standard conditions",Total,,2,mg/l,False,2,,,5210-B,UHL001,Actual,SW,Water,,,Lee,07080107,River/Stream,,40.75340048,-91.2755898
6,10560002,Skunk River near Augusta,09/03/2015 09:40:00,AMBIENT,68583-22-2,Escherichia coli,Total,,500,MPN/100ml,True,10,,,9223-B,UHL001,Actual,SW,Water,,,Lee,07080107,River/Stream,,40.75340048,-91.2755898
6,10560002,Skunk River near Augusta,09/03/2015 09:40:00,AMBIENT,TSS,Total suspended solids,NonFilt,,330,mg/l,True,1,,,I3765,UHL001,Actual,SW,Water,,,Lee,07080107,River/Stream,,40.75340048,-91.2755898
6,10560002,Skunk River near Augusta,09/03/2015 09:40:00,AMBIENT,NIT-NO3-NO2,Inorganic nitrogen (nitrate and nitrite) (AS N),Total,,3.9,mg/l,True,0.1,,,LAC10-107-04-1J,UHL001,Actual,SW,Water,,,Lee,07080107,River/Stream,,40.75340048,-91.2755898
6,10560002,Skunk River near Augusta,09/03/2015 09:40:00,AMBIENT,NIT-AMM,Ammonia-nitrogen (AS N),Total,,0.05,mg/l,False,0.05,,,LAC10-107-06-1J,UHL001,Actual,SW,Water,,,Lee,07080107,River/Stream,,40.75340048,-91.2755898
6,10560002,Skunk River near Augusta,09/03/2015 09:40:00,AMBIENT,NIT-KJELD,Kjeldahl nitrogen (AS N),Total,,1.5,mg/l,True,0.1,,,LAC10-107-06-2E,UHL001,Actual,SW,Water,,,Lee,07080107,River/Stream,,40.75340048,-91.2755898
6,10560002,Skunk River near Augusta,09/03/2015 09:40:00,AMBIENT,14265-44-2,Orthophosphate (AS P),Dissolved,,0.17,mg/l,True,0.02,,,LAC10-115-01-1A,UHL001,Actual,SW,Water,,,Lee,07080107,River/Stream,,40.75340048,-91.2755898
6,10560002,Skunk River near Augusta,09/03/2015 09:40:00,AMBIENT,PHOSP-PHOSP,Phosphate-phosphorus (AS P),Total,,0.5,mg/l,True,0.1,,,LAC10-115-01-1C,UHL001,Actual,SW,Water,,,Lee,07080107,River/Stream,,40.75340048,-91.2755898
6,10560002,Skunk River near Augusta,08/03/2015 10:40:00,AMBIENT,FLOW,Flow,Total,,9910,cfs,True,,,,USGS CA8,,Actual,SW,Water,,,Lee,07080107,River/Stream,,40.75340048,-91.2755898
6,10560002,Skunk River near Augusta,09/03/2015 09:40:00,AMBIENT,FLOW,Flow,Total,,5150,cfs,True,,,,USGS CA8,,Actual,SW,Water,,,Lee,07080107,River/Stream,,40.75340048,-91.2755898
6,10560002,Skunk River near Augusta,12/02/2015 12:10:00,AMBIENT,TEMP-WATER,"Temperature, water",Total,,5.4,deg C,True,,,,2550,,Actual,SW,Water,,,Lee,07080107,River/Stream,,40.75340048,-91.2755898
6,10560002,Skunk River near Augusta,12/02/2015 12:10:00,AMBIENT,PH,pH,Total,,8,None,True,,,,4500-H,,Actual,SW,Water,,,Lee,07080107,River/Stream,,40.75340048,-91.2755898
6,10560002,Skunk River near Augusta,12/02/2015 12:10:00,AMBIENT,7782-44-7,Dissolved oxygen (DO),Total,,11.5,mg/l,True,,,,D888(C),,Actual,SW,Water,,,Lee,07080107,River/Stream,,40.75340048,-91.2755898
6,10560002,Skunk River near Augusta,12/02/2015 12:10:00,AMBIENT,TVSS,Volatile Suspended Solids,NonFilt,,30,mg/l,True,1,,,160.4,UHL001,Actual,SW,Water,,,Lee,07080107,River/Stream,,40.75340048,-91.2755898
6,10560002,Skunk River near Augusta,12/02/2015 12:10:00,AMBIENT,TURB,Turbidity,Total,,150,NTU,True,1,,,2130-B,UHL001,Actual,SW,Water,,,Lee,07080107,River/Stream,,40.75340048,-91.2755898
6,10560002,Skunk River near Augusta,12/02/2015 12:10:00,AMBIENT,HARD-CARB,"Hardness, carbonate",Total,,210,mg/l,True,1,,,2340C,UHL001,Actual,SW,Water,,,Lee,07080107,River/Stream,,40.75340048,-91.2755898
6,10560002,Skunk River near Augusta,12/02/2015 12:10:00,AMBIENT,TDS,Total dissolved solids,Dissolved,,290,mg/l,True,1,,,2540-C,UHL001,Actual,SW,Water,,,Lee,07080107,River/Stream,,40.75340048,-91.2755898
6,10560002,Skunk River near Augusta,12/02/2015 12:10:00,AMBIENT,14808-79-8,Sulfate (AS SO4),Total,,18,mg/l,True,1,,,300.0,UHL001,Actual,SW,Water,,,Lee,07080107,River/Stream,,40.75340048,-91.2755898
6,10560002,Skunk River near Augusta,12/02/2015 12:10:00,AMBIENT,16887-00-6,Chloride,Total,,16,mg/l,True,1,,,300.0,UHL001,Actual,SW,Water,,,Lee,07080107,River/Stream,,40.75340048,-91.2755898
6,10560002,Skunk River near Augusta,12/02/2015 12:10:00,AMBIENT,CLR-A-FREE,"Chlorophyll a, free of pheophytin",NonFilt,,5,ug/l,True,1,,,445,UHL001,Actual,SW,Water,,,Lee,07080107,River/Stream,,40.75340048,-91.2755898
6,10560002,Skunk River near Augusta,12/02/2015 12:10:00,AMBIENT,CBOD-SC,"Carbonaceous biochemical oxygen demand, standard conditions",Total,,2,mg/l,False,2,,,5210-B,UHL001,Actual,SW,Water,,,Lee,07080107,River/Stream,,40.75340048,-91.2755898
6,10560002,Skunk River near Augusta,12/02/2015 12:10:00,AMBIENT,68583-22-2,Escherichia coli,Total,,2500,MPN/100ml,True,10,,,9223-B,UHL001,Actual,SW,Water,,,Lee,07080107,River/Stream,,40.75340048,-91.2755898
6,10560002,Skunk River near Augusta,12/02/2015 12:10:00,AMBIENT,TSS,Total suspended solids,NonFilt,,290,mg/l,True,1,,,I3765,UHL001,Actual,SW,Water,,,Lee,07080107,River/Stream,,40.75340048,-91.2755898
6,10560002,Skunk River near Augusta,12/02/2015 12:10:00,AMBIENT,NIT-NO3-NO2,Inorganic nitrogen (nitrate and nitrite) (AS N),Total,,6.7,mg/l,True,0.1,,,LAC10-107-04-1J,UHL001,Actual,SW,Water,,,Lee,07080107,River/Stream,,40.75340048,-91.2755898
6,10560002,Skunk River near Augusta,12/02/2015 12:10:00,AMBIENT,NIT-AMM,Ammonia-nitrogen (AS N),Total,,0.07,mg/l,True,0.05,,,LAC10-107-06-1J,UHL001,Actual,SW,Water,,,Lee,07080107,River/Stream,,40.75340048,-91.2755898
6,10560002,Skunk River near Augusta,12/02/2015 12:10:00,AMBIENT,NIT-KJELD,Kjeldahl nitrogen (AS N),Total,,1.7,mg/l,True,0.1,,,LAC10-107-06-2E,UHL001,Actual,SW,Water,,,Lee,07080107,River/Stream,,40.75340048,-91.2755898
6,10560002,Skunk River near Augusta,12/02/2015 12:10:00,AMBIENT,14265-44-2,Orthophosphate (AS P),Dissolved,,0.22,mg/l,True,0.02,,,LAC10-115-01-1A,UHL001,Actual,SW,Water,,,Lee,07080107,River/Stream,,40.75340048,-91.2755898
6,10560002,Skunk River near Augusta,12/02/2015 12:10:00,AMBIENT,PHOSP-PHOSP,Phosphate-phosphorus (AS P),Total,,0.56,mg/l,True,0.1,,,LAC10-115-01-1C,UHL001,Actual,SW,Water,,,Lee,07080107,River/Stream,,40.75340048,-91.2755898
6,10560002,Skunk River near Augusta,11/03/2015 10:10:00,AMBIENT,TEMP-WATER,"Temperature, water",Total,,10.7,deg C,True,,,,2550,,Actual,SW,Water,,,Lee,07080107,River/Stream,,40.75340048,-91.2755898
6,10560002,Skunk River near Augusta,11/03/2015 10:10:00,AMBIENT,PH,pH,Total,,7.5,None,True,,,,4500-H,,Actual,SW,Water,,,Lee,07080107,River/Stream,,40.75340048,-91.2755898
6,10560002,Skunk River near Augusta,11/03/2015 10:10:00,AMBIENT,7782-44-7,Dissolved oxygen (DO),Total,,10.3,mg/l,True,,,,D888(C),,Actual,SW,Water,,,Lee,07080107,River/Stream,,40.75340048,-91.2755898
6,10560002,Skunk River near Augusta,11/03/2015 10:10:00,AMBIENT,TVSS,Volatile Suspended Solids,NonFilt,,5,mg/l,True,1,,,160.4,UHL001,Actual,SW,Water,,,Lee,07080107,River/Stream,,40.75340048,-91.2755898
6,10560002,Skunk River near Augusta,11/03/2015 10:10:00,AMBIENT,TURB,Turbidity,Total,,15,NTU,True,1,,,2130-B,UHL001,Actual,SW,Water,,,Lee,07080107,River/Stream,,40.75340048,-91.2755898
6,10560002,Skunk River near Augusta,11/03/2015 10:10:00,AMBIENT,HARD-CARB,"Hardness, carbonate",Total,,280,mg/l,True,1.0,,,2340C,UHL001,Actual,SW,Water,,,Lee,07080107,River/Stream,,40.75340048,-91.2755898
6,10560002,Skunk River near Augusta,11/03/2015 10:10:00,AMBIENT,TDS,Total dissolved solids,Dissolved,,370,mg/l,True,1,,,2540-C,UHL001,Actual,SW,Water,,,Lee,07080107,River/Stream,,40.75340048,-91.2755898
6,10560002,Skunk River near Augusta,11/03/2015 10:10:00,AMBIENT,14808-79-8,Sulfate (AS SO4),Total,,35,mg/l,True,1,,,300.0,UHL001,Actual,SW,Water,,,Lee,07080107,River/Stream,,40.75340048,-91.2755898
6,10560002,Skunk River near Augusta,11/03/2015 10:10:00,AMBIENT,16887-00-6,Chloride,Total,,25,mg/l,True,1,,,300.0,UHL001,Actual,SW,Water,,,Lee,07080107,River/Stream,,40.75340048,-91.2755898
6,10560002,Skunk River near Augusta,11/03/2015 10:10:00,AMBIENT,CLR-A-FREE,"Chlorophyll a, free of pheophytin",NonFilt,,9,ug/l,True,1,,,445,UHL001,Actual,SW,Water,,,Lee,07080107,River/Stream,,40.75340048,-91.2755898
6,10560002,Skunk River near Augusta,11/03/2015 10:10:00,AMBIENT,CBOD-SC,"Carbonaceous biochemical oxygen demand, standard conditions",Total,,2,mg/l,False,2,,,5210-B,UHL001,Actual,SW,Water,,,Lee,07080107,River/Stream,,40.75340048,-91.2755898
6,10560002,Skunk River near Augusta,11/03/2015 10:10:00,AMBIENT,68583-22-2,Escherichia coli,Total,,130,MPN/100ml,True,10,,,9223-B,UHL001,Actual,SW,Water,,,Lee,07080107,River/Stream,,40.75340048,-91.2755898
6,10560002,Skunk River near Augusta,11/03/2015 10:10:00,AMBIENT,TSS,Total suspended solids,NonFilt,,23,mg/l,True,1,,,I3765,UHL001,Actual,SW,Water,,,Lee,07080107,River/Stream,,40.75340048,-91.2755898
6,10560002,Skunk River near Augusta,11/03/2015 10:10:00,AMBIENT,NIT-NO3-NO2,Inorganic nitrogen (nitrate and nitrite) (AS N),Total,,6.6,mg/l,True,0.1,,,LAC10-107-04-1J,UHL001,Actual,SW,Water,,,Lee,07080107,River/Stream,,40.75340048,-91.2755898
6,10560002,Skunk River near Augusta,11/03/2015 10:10:00,AMBIENT,NIT-AMM,Ammonia-nitrogen (AS N),Total,,0.05,mg/l,False,0.05,,,LAC10-107-06-1J,UHL001,Actual,SW,Water,,,Lee,07080107,River/Stream,,40.75340048,-91.2755898
6,10560002,Skunk River near Augusta,11/03/2015 10:10:00,AMBIENT,NIT-KJELD,Kjeldahl nitrogen (AS N),Total,,0.3,mg/l,True,0.1,,,LAC10-107-06-2E,UHL001,Actual,SW,Water,,,Lee,07080107,River/Stream,,40.75340048,-91.2755898
6,10560002,Skunk River near Augusta,11/03/2015 10:10:00,AMBIENT,14265-44-2,Orthophosphate (AS P),Dissolved,,0.15,mg/l,True,0.02,,,LAC10-115-01-1A,UHL001,Actual,SW,Water,,,Lee,07080107,River/Stream,,40.75340048,-91.2755898
6,10560002,Skunk River near Augusta,11/03/2015 10:10:00,AMBIENT,PHOSP-PHOSP,Phosphate-phosphorus (AS P),Total,,0.31,mg/l,True,0.02,,,LAC10-115-01-1D,UHL001,Actual,SW,Water,,,Lee,07080107,River/Stream,,40.75340048,-91.2755898
6,10560002,Skunk River near Augusta,10/05/2015 10:20:00,AMBIENT,TEMP-WATER,"Temperature, water",Total,,15.4,deg C,True,,,,2550,,Actual,SW,Water,,,Lee,07080107,River/Stream,,40.75340048,-91.2755898
6,10560002,Skunk River near Augusta,10/05/2015 10:20:00,AMBIENT,PH,pH,Total,,8.4,None,True,,,,4500-H,,Actual,SW,Water,,,Lee,07080107,River/Stream,,40.75340048,-91.2755898
6,10560002,Skunk River near Augusta,10/05/2015 10:20:00,AMBIENT,7782-44-7,Dissolved oxygen (DO),Total,,9.7,mg/l,True,,,,D888(C),,Actual,SW,Water,,,Lee,07080107,River/Stream,,40.75340048,-91.2755898
6,10560002,Skunk River near Augusta,10/05/2015 10:20:00,AMBIENT,TVSS,Volatile Suspended Solids,NonFilt,,9,mg/l,True,1,,,160.4,UHL001,Actual,SW,Water,,,Lee,07080107,River/Stream,,40.75340048,-91.2755898
6,10560002,Skunk River near Augusta,10/05/2015 10:20:00,AMBIENT,TURB,Turbidity,Total,,35,NTU,True,1,,,2130-B,UHL001,Actual,SW,Water,,,Lee,07080107,River/Stream,,40.75340048,-91.2755898
6,10560002,Skunk River near Augusta,10/05/2015 10:20:00,AMBIENT,HARD-CARB,"Hardness, carbonate",Total,,340,mg/l,True,1,,,2340C,UHL001,Actual,SW,Water,,,Lee,07080107,River/Stream,,40.75340048,-91.2755898
6,10560002,Skunk River near Augusta,10/05/2015 10:20:00,AMBIENT,TDS,Total dissolved solids,Dissolved,,410,mg/l,True,1,,,2540-C,UHL001,Actual,SW,Water,,,Lee,07080107,River/Stream,,40.75340048,-91.2755898
6,10560002,Skunk River near Augusta,10/05/2015 10:20:00,AMBIENT,14808-79-8,Sulfate (AS SO4),Total,,24,mg/l,True,1,,,300.0,UHL001,Actual,SW,Water,,,Lee,07080107,River/Stream,,40.75340048,-91.2755898
6,10560002,Skunk River near Augusta,10/05/2015 10:20:00,AMBIENT,16887-00-6,Chloride,Total,,19,mg/l,True,1,,,300.0,UHL001,Actual,SW,Water,,,Lee,07080107,River/Stream,,40.75340048,-91.2755898
6,10560002,Skunk River near Augusta,10/05/2015 10:20:00,AMBIENT,CLR-A-FREE,"Chlorophyll a, free of pheophytin",NonFilt,,13,ug/l,True,1,,,445,UHL001,Actual,SW,Water,,,Lee,07080107,River/Stream,,40.75340048,-91.2755898
6,10560002,Skunk River near Augusta,10/05/2015 10:20:00,AMBIENT,CBOD-SC,"Carbonaceous biochemical oxygen demand, standard conditions",Total,,2,mg/l,False,2,,,5210-B,UHL001,Actual,SW,Water,,,Lee,07080107,River/Stream,,40.75340048,-91.2755898
6,10560002,Skunk River near Augusta,10/05/2015 10:20:00,AMBIENT,68583-22-2,Escherichia coli,Total,,220,MPN/100ml,True,10,,,9223-B,UHL001,Actual,SW,Water,,,Lee,07080107,River/Stream,,40.75340048,-91.2755898
6,10560002,Skunk River near Augusta,10/05/2015 10:20:00,AMBIENT,TSS,Total suspended solids,NonFilt,,73,mg/l,True,1,,,I3765,UHL001,Actual,SW,Water,,,Lee,07080107,River/Stream,,40.75340048,-91.2755898
6,10560002,Skunk River near Augusta,10/05/2015 10:20:00,AMBIENT,NIT-NO3-NO2,Inorganic nitrogen (nitrate and nitrite) (AS N),Total,,6.9,mg/l,True,0.1,,,LAC10-107-04-1J,UHL001,Actual,SW,Water,,,Lee,07080107,River/Stream,,40.75340048,-91.2755898
6,10560002,Skunk River near Augusta,10/05/2015 10:20:00,AMBIENT,NIT-AMM,Ammonia-nitrogen (AS N),Total,,0.05,mg/l,False,0.05,,,LAC10-107-06-1J,UHL001,Actual,SW,Water,,,Lee,07080107,River/Stream,,40.75340048,-91.2755898
6,10560002,Skunk River near Augusta,10/05/2015 10:20:00,AMBIENT,NIT-KJELD,Kjeldahl nitrogen (AS N),Total,,0.3,mg/l,True,0.1,,,LAC10-107-06-2E,UHL001,Actual,SW,Water,,,Lee,07080107,River/Stream,,40.75340048,-91.2755898
6,10560002,Skunk River near Augusta,10/05/2015 10:20:00,AMBIENT,14265-44-2,Orthophosphate (AS P),Dissolved,,0.17,mg/l,True,0.02,,,LAC10-115-01-1A,UHL001,Actual,SW,Water,,,Lee,07080107,River/Stream,,40.75340048,-91.2755898
6,10560002,Skunk River near Augusta,10/05/2015 10:20:00,AMBIENT,PHOSP-PHOSP,Phosphate-phosphorus (AS P),Total,,0.35,mg/l,True,0.02,,,LAC10-115-01-1D,UHL001,Actual,SW,Water,,,Lee,07080107,River/Stream,,40.75340048,-91.2755898
6,10560002,Skunk River near Augusta,07/08/2013 11:30:00,AMBBIO,TEMP-WATER,"Temperature, water",Total,,26.8,deg C,True,,,,2550,,Actual,SW,Water,,,Lee,07080107,River/Stream,,40.75340048,-91.2755898
6,10560002,Skunk River near Augusta,07/08/2013 11:30:00,AMBBIO,PH,pH,Total,,8.2,None,True,,,,4500-H,,Actual,SW,Water,,,Lee,07080107,River/Stream,,40.75340048,-91.2755898
6,10560002,Skunk River near Augusta,07/08/2013 11:30:00,AMBBIO,7782-44-7,Dissolved oxygen (DO),Total,,7.9,mg/l,True,,,,4500-O-G,,Actual,SW,Water,,,Lee,07080107,River/Stream,,40.75340048,-91.2755898
6,10560002,Skunk River near Augusta,07/08/2013 11:30:00,AMBBIO,FLOW,Flow,Total,,4600,cfs,True,,,,USGS CA8,,Actual,SW,Water,,,Lee,07080107,River/Stream,,40.75340048,-91.2755898
6,10560002,Skunk River near Augusta,07/08/2013 11:30:00,AMBBIO,TVSS,Volatile Suspended Solids,NonFilt,,22,mg/l,True,1,,,160.4,UHL001,Actual,SW,Water,,,Lee,07080107,River/Stream,,40.75340048,-91.2755898
6,10560002,Skunk River near Augusta,07/08/2013 11:30:00,AMBBIO,7439-95-4,Magnesium,Total,,24,mg/l,True,0.5,,,200.7(W),UHL001,Actual,SW,Water,,,Lee,07080107,River/Stream,,40.75340048,-91.2755898
6,10560002,Skunk River near Augusta,07/08/2013 11:30:00,AMBBIO,7440-09-7,Potassium,Total,,2.6,mg/l,True,1.0,,,200.7(W),UHL001,Actual,SW,Water,,,Lee,07080107,River/Stream,,40.75340048,-91.2755898
6,10560002,Skunk River near Augusta,07/08/2013 11:30:00,AMBBIO,7440-23-5,Sodium,Total,,9.2,mg/l,True,0.5,,,200.7(W),UHL001,Actual,SW,Water,,,Lee,07080107,River/Stream,,40.75340048,-91.2755898
6,10560002,Skunk River near Augusta,07/08/2013 11:30:00,AMBBIO,7440-70-2,Calcium,Total,,76,mg/l,True,1.0,,,200.7(W),UHL001,Actual,SW,Water,,,Lee,07080107,River/Stream,,40.75340048,-91.2755898
6,10560002,Skunk River near Augusta,07/08/2013 11:30:00,AMBBIO,7440-42-8,Boron,Total,,0.05,mg/l,False,0.05,,,200.7(W),UHL001,Actual,SW,Water,,,Lee,07080107,River/Stream,,40.75340048,-91.2755898
6,10560002,Skunk River near Augusta,07/08/2013 11:30:00,AMBBIO,TURB,Turbidity,Total,,50,NTU,True,1,,,2130-B,UHL001,Actual,SW,Water,,,Lee,07080107,River/Stream,,40.75340048,-91.2755898
6,10560002,Skunk River near Augusta,07/08/2013 11:30:00,AMBBIO,HARD-CARB,"Hardness, carbonate",Total,,290,mg/l,True,1,,,2340C,UHL001,Actual,SW,Water,,,Lee,07080107,River/Stream,,40.75340048,-91.2755898
6,10560002,Skunk River near Augusta,07/08/2013 11:30:00,AMBBIO,TDS,Total dissolved solids,Dissolved,,350,mg/l,True,1,,,2540-C,UHL001,Actual,SW,Water,,,Lee,07080107,River/Stream,,40.75340048,-91.2755898
6,10560002,Skunk River near Augusta,07/08/2013 11:30:00,AMBBIO,14808-79-8,Sulfate (AS SO4),Total,,31,mg/l,True,1,,,300.0,UHL001,Actual,SW,Water,,,Lee,07080107,River/Stream,,40.75340048,-91.2755898
6,10560002,Skunk River near Augusta,07/08/2013 11:30:00,AMBBIO,24959-67-9,Bromide,Total,,0.5,mg/l,False,0.5,,,300.0,UHL001,Actual,SW,Water,,,Lee,07080107,River/Stream,,40.75340048,-91.2755898
6,10560002,Skunk River near Augusta,07/08/2013 11:30:00,AMBBIO,16887-00-6,Chloride,Total,,20,mg/l,True,1,,,300.0,UHL001,Actual,SW,Water,,,Lee,07080107,River/Stream,,40.75340048,-91.2755898
6,10560002,Skunk River near Augusta,07/08/2013 11:30:00,AMBBIO,CLR-A-FREE,"Chlorophyll a, free of pheophytin",NonFilt,,26,ug/l,True,1,,,445,UHL001,Actual,SW,Water,,,Lee,07080107,River/Stream,,40.75340048,-91.2755898
6,10560002,Skunk River near Augusta,07/08/2013 11:30:00,AMBBIO,CBOD-SC,"Carbonaceous biochemical oxygen demand, standard conditions",Total,,2,mg/l,False,2,,,5210-B,UHL001,Actual,SW,Water,,,Lee,07080107,River/Stream,,40.75340048,-91.2755898
6,10560002,Skunk River near Augusta,07/08/2013 11:30:00,AMBBIO,TSS,Total suspended solids,NonFilt,,94,mg/l,True,1,,,I3765,UHL001,Actual,SW,Water,,,Lee,07080107,River/Stream,,40.75340048,-91.2755898
6,10560002,Skunk River near Augusta,07/08/2013 11:30:00,AMBBIO,NIT-NO3-NO2,Inorganic nitrogen (nitrate and nitrite) (AS N),Total,,9.7,mg/l,True,0.1,,,LAC10-107-04-1J,UHL001,Actual,SW,Water,,,Lee,07080107,River/Stream,,40.75340048,-91.2755898
6,10560002,Skunk River near Augusta,07/08/2013 11:30:00,AMBBIO,NIT-AMM,Ammonia-nitrogen (AS N),Total,,0.05,mg/l,False,0.05,,,LAC10-107-06-1J,UHL001,Actual,SW,Water,,,Lee,07080107,River/Stream,,40.75340048,-91.2755898
6,10560002,Skunk River near Augusta,07/08/2013 11:30:00,AMBBIO,NIT-KJELD,Kjeldahl nitrogen (AS N),Total,,0.8,mg/l,True,0.1,,,LAC10-107-06-2E,UHL001,Actual,SW,Water,,,Lee,07080107,River/Stream,,40.75340048,-91.2755898
6,10560002,Skunk River near Augusta,07/08/2013 11:30:00,AMBBIO,14265-44-2,Orthophosphate (AS P),Dissolved,,0.15,mg/l,True,0.02,,,LAC10-115-01-1A,UHL001,Actual,SW,Water,,,Lee,07080107,River/Stream,,40.75340048,-91.2755898
6,10560002,Skunk River near Augusta,07/08/2013 11:30:00,AMBBIO,PHOSP-PHOSP,Phosphate-phosphorus (AS P),Total,,0.26,mg/l,True,0.02,,,LAC10-115-01-1D,UHL001,Actual,SW,Water,,,Lee,07080107,River/Stream,,40.75340048,-91.2755898
6,10560002,Skunk River near Augusta,08/05/2013 12:00:00,AMBBIO,TEMP-WATER,"Temperature, water",Total,,25.3,deg C,True,,,,2550,,Actual,SW,Water,,,Lee,07080107,River/Stream,,40.75340048,-91.2755898
6,10560002,Skunk River near Augusta,08/05/2013 12:00:00,AMBBIO,PH,pH,Total,,8.5,None,True,,,,4500-H,,Actual,SW,Water,,,Lee,07080107,River/Stream,,40.75340048,-91.2755898
6,10560002,Skunk River near Augusta,08/05/2013 12:00:00,AMBBIO,7782-44-7,Dissolved oxygen (DO),Total,,11.5,mg/l,True,,,,4500-O-G,,Actual,SW,Water,,,Lee,07080107,River/Stream,,40.75340048,-91.2755898
6,10560002,Skunk River near Augusta,08/05/2013 12:00:00,AMBBIO,FLOW,Flow,Total,,390,cfs,True,,,,USGS CA8,,Actual,SW,Water,,,Lee,07080107,River/Stream,,40.75340048,-91.2755898
6,10560002,Skunk River near Augusta,08/05/2013 12:00:00,AMBBIO,TVSS,Volatile Suspended Solids,NonFilt,,26,mg/l,True,1,,,160.4,UHL001,Actual,SW,Water,,,Lee,07080107,River/Stream,,40.75340048,-91.2755898
6,10560002,Skunk River near Augusta,08/05/2013 12:00:00,AMBBIO,7439-95-4,Magnesium,Total,,24,mg/l,True,0.5,,,200.7(W),UHL001,Actual,SW,Water,,,Lee,07080107,River/Stream,,40.75340048,-91.2755898
6,10560002,Skunk River near Augusta,08/05/2013 12:00:00,AMBBIO,7440-09-7,Potassium,Total,,2.8,mg/l,True,1.0,,,200.7(W),UHL001,Actual,SW,Water,,,Lee,07080107,River/Stream,,40.75340048,-91.2755898
6,10560002,Skunk River near Augusta,08/05/2013 12:00:00,AMBBIO,7440-23-5,Sodium,Total,,14,mg/l,True,0.5,,,200.7(W),UHL001,Actual,SW,Water,,,Lee,07080107,River/Stream,,40.75340048,-91.2755898
6,10560002,Skunk River near Augusta,08/05/2013 12:00:00,AMBBIO,7440-70-2,Calcium,Total,,37,mg/l,True,1.0,,,200.7(W),UHL001,Actual,SW,Water,,,Lee,07080107,River/Stream,,40.75340048,-91.2755898
6,10560002,Skunk River near Augusta,08/05/2013 12:00:00,AMBBIO,7440-42-8,Boron,Total,,0.05,mg/l,False,0.05,,,200.7(W),UHL001,Actual,SW,Water,,,Lee,07080107,River/Stream,,40.75340048,-91.2755898
6,10560002,Skunk River near Augusta,08/05/2013 12:00:00,AMBBIO,TURB,Turbidity,Total,,41,NTU,True,1,,,2130-B,UHL001,Actual,SW,Water,,,Lee,07080107,River/Stream,,40.75340048,-91.2755898
6,10560002,Skunk River near Augusta,08/05/2013 12:00:00,AMBBIO,HARD-CARB,"Hardness, carbonate",Total,,180,mg/l,True,1,,,2340C,UHL001,Actual,SW,Water,,,Lee,07080107,River/Stream,,40.75340048,-91.2755898
6,10560002,Skunk River near Augusta,08/05/2013 12:00:00,AMBBIO,TDS,Total dissolved solids,Dissolved,,230,mg/l,True,1,,,2540-C,UHL001,Actual,SW,Water,,,Lee,07080107,River/Stream,,40.75340048,-91.2755898
6,10560002,Skunk River near Augusta,08/05/2013 12:00:00,AMBBIO,24959-67-9,Bromide,Total,,0.5,mg/l,False,0.5,,,300.0,UHL001,Actual,SW,Water,,,Lee,07080107,River/Stream,,40.75340048,-91.2755898
6,10560002,Skunk River near Augusta,08/05/2013 12:00:00,AMBBIO,14808-79-8,Sulfate (AS SO4),Total,,39,mg/l,True,1,,,300.0,UHL001,Actual,SW,Water,,,Lee,07080107,River/Stream,,40.75340048,-91.2755898
6,10560002,Skunk River near Augusta,08/05/2013 12:00:00,AMBBIO,16887-00-6,Chloride,Total,,21,mg/l,True,1,,,300.0,UHL001,Actual,SW,Water,,,Lee,07080107,River/Stream,,40.75340048,-91.2755898
6,10560002,Skunk River near Augusta,08/05/2013 12:00:00,AMBBIO,CLR-A-FREE,"Chlorophyll a, free of pheophytin",NonFilt,,190,ug/l,True,1,,,445,UHL001,Actual,SW,Water,,,Lee,07080107,River/Stream,,40.75340048,-91.2755898
6,10560002,Skunk River near Augusta,08/05/2013 12:00:00,AMBBIO,CBOD-SC,"Carbonaceous biochemical oxygen demand, standard conditions",Total,,6,mg/l,True,2,,,5210-B,UHL001,Actual,SW,Water,,,Lee,07080107,River/Stream,,40.75340048,-91.2755898
6,10560002,Skunk River near Augusta,08/05/2013 12:00:00,AMBBIO,TSS,Total suspended solids,NonFilt,,82,mg/l,True,1,,,I3765,UHL001,Actual,SW,Water,,,Lee,07080107,River/Stream,,40.75340048,-91.2755898
6,10560002,Skunk River near Augusta,08/05/2013 12:00:00,AMBBIO,NIT-NO3-NO2,Inorganic nitrogen (nitrate and nitrite) (AS N),Total,,0.22,mg/l,True,0.1,,,LAC10-107-04-1J,UHL001,Actual,SW,Water,,,Lee,07080107,River/Stream,,40.75340048,-91.2755898
6,10560002,Skunk River near Augusta,08/05/2013 12:00:00,AMBBIO,NIT-AMM,Ammonia-nitrogen (AS N),Total,,0.05,mg/l,False,0.05,,,LAC10-107-06-1J,UHL001,Actual,SW,Water,,,Lee,07080107,River/Stream,,40.75340048,-91.2755898
6,10560002,Skunk River near Augusta,08/05/2013 12:00:00,AMBBIO,NIT-KJELD,Kjeldahl nitrogen (AS N),Total,,1.5,mg/l,True,0.1,,,LAC10-107-06-2E,UHL001,Actual,SW,Water,,,Lee,07080107,River/Stream,,40.75340048,-91.2755898
6,10560002,Skunk River near Augusta,08/05/2013 12:00:00,AMBBIO,14265-44-2,Orthophosphate (AS P),Dissolved,,0.02,mg/l,False,0.02,,,LAC10-115-01-1A,UHL001,Actual,SW,Water,,,Lee,07080107,River/Stream,,40.75340048,-91.2755898
6,10560002,Skunk River near Augusta,08/05/2013 12:00:00,AMBBIO,PHOSP-PHOSP,Phosphate-phosphorus (AS P),Total,,0.17,mg/l,True,0.02,,,LAC10-115-01-1D,UHL001,Actual,SW,Water,,,Lee,07080107,River/Stream,,40.75340048,-91.2755898
6,10560002,Skunk River near Augusta,09/03/2013 14:15:00,AMBBIO,TEMP-WATER,"Temperature, water",Total,,25.4,deg C,True,,,,2550,,Actual,SW,Water,,,Lee,07080107,River/Stream,,40.75340048,-91.2755898
6,10560002,Skunk River near Augusta,09/03/2013 14:15:00,AMBBIO,PH,pH,Total,,8.5,None,True,,,,4500-H,,Actual,SW,Water,,,Lee,07080107,River/Stream,,40.75340048,-91.2755898
6,10560002,Skunk River near Augusta,09/03/2013 14:15:00,AMBBIO,7782-44-7,Dissolved oxygen (DO),Total,,9.2,mg/l,True,,,,4500-O-G,,Actual,SW,Water,,,Lee,07080107,River/Stream,,40.75340048,-91.2755898
6,10560002,Skunk River near Augusta,09/03/2013 14:15:00,AMBBIO,FLOW,Flow,Total,,130,cfs,True,,,,USGS CA8,,Actual,SW,Water,,,Lee,07080107,River/Stream,,40.75340048,-91.2755898
6,10560002,Skunk River near Augusta,09/03/2013 14:15:00,AMBBIO,TVSS,Volatile Suspended Solids,NonFilt,,22,mg/l,True,1,,,160.4,UHL001,Actual,SW,Water,,,Lee,07080107,River/Stream,,40.75340048,-91.2755898
6,10560002,Skunk River near Augusta,09/03/2013 14:15:00,AMBBIO,7440-42-8,Boron,Total,,0.05,mg/l,True,0.05,,,200.7(W),UHL001,Actual,SW,Water,,,Lee,07080107,River/Stream,,40.75340048,-91.2755898
6,10560002,Skunk River near Augusta,09/03/2013 14:15:00,AMBBIO,7439-95-4,Magnesium,Total,,27,mg/l,True,0.5,,,200.7(W),UHL001,Actual,SW,Water,,,Lee,07080107,River/Stream,,40.75340048,-91.2755898
6,10560002,Skunk River near Augusta,09/03/2013 14:15:00,AMBBIO,7440-09-7,Potassium,Total,,3.3,mg/l,True,1.0,,,200.7(W),UHL001,Actual,SW,Water,,,Lee,07080107,River/Stream,,40.75340048,-91.2755898
6,10560002,Skunk River near Augusta,09/03/2013 14:15:00,AMBBIO,7440-23-5,Sodium,Total,,17,mg/l,True,0.5,,,200.7(W),UHL001,Actual,SW,Water,,,Lee,07080107,River/Stream,,40.75340048,-91.2755898
6,10560002,Skunk River near Augusta,09/03/2013 14:15:00,AMBBIO,7440-70-2,Calcium,Total,,72,mg/l,True,1.0,,,200.7(W),UHL001,Actual,SW,Water,,,Lee,07080107,River/Stream,,40.75340048,-91.2755898
6,10560002,Skunk River near Augusta,09/03/2013 14:15:00,AMBBIO,TURB,Turbidity,Total,,42,NTU,True,1,,,2130-B,UHL001,Actual,SW,Water,,,Lee,07080107,River/Stream,,40.75340048,-91.2755898
6,10560002,Skunk River near Augusta,09/03/2013 14:15:00,AMBBIO,HARD-CARB,"Hardness, carbonate",Total,,280,mg/l,True,1.0,,,2340C,UHL001,Actual,SW,Water,,,Lee,07080107,River/Stream,,40.75340048,-91.2755898
6,10560002,Skunk River near Augusta,09/03/2013 14:15:00,AMBBIO,TDS,Total dissolved solids,Dissolved,,360,mg/l,True,1,,,2540-C,UHL001,Actual,SW,Water,,,Lee,07080107,River/Stream,,40.75340048,-91.2755898
6,10560002,Skunk River near Augusta,09/03/2013 14:15:00,AMBBIO,24959-67-9,Bromide,Total,,0.5,mg/l,False,0.5,,,300.0,UHL001,Actual,SW,Water,,,Lee,07080107,River/Stream,,40.75340048,-91.2755898
6,10560002,Skunk River near Augusta,09/03/2013 14:15:00,AMBBIO,14808-79-8,Sulfate (AS SO4),Total,,50,mg/l,True,1,,,300.0,UHL001,Actual,SW,Water,,,Lee,07080107,River/Stream,,40.75340048,-91.2755898
6,10560002,Skunk River near Augusta,09/03/2013 14:15:00,AMBBIO,16887-00-6,Chloride,Total,,23,mg/l,True,1,,,300.0,UHL001,Actual,SW,Water,,,Lee,07080107,River/Stream,,40.75340048,-91.2755898
6,10560002,Skunk River near Augusta,09/03/2013 14:15:00,AMBBIO,CLR-A-FREE,"Chlorophyll a, free of pheophytin",NonFilt,,57,ug/l,True,1,,,445,UHL001,Actual,SW,Water,,,Lee,07080107,River/Stream,,40.75340048,-91.2755898
6,10560002,Skunk River near Augusta,09/03/2013 14:15:00,AMBBIO,CBOD-SC,"Carbonaceous biochemical oxygen demand, standard conditions",Total,,4,mg/l,True,2,,,5210-B,UHL001,Actual,SW,Water,,,Lee,07080107,River/Stream,,40.75340048,-91.2755898
6,10560002,Skunk River near Augusta,09/03/2013 14:15:00,AMBBIO,TSS,Total suspended solids,NonFilt,,68,mg/l,True,1,,,I3765,UHL001,Actual,SW,Water,,,Lee,07080107,River/Stream,,40.75340048,-91.2755898
6,10560002,Skunk River near Augusta,09/03/2013 14:15:00,AMBBIO,NIT-NO3-NO2,Inorganic nitrogen (nitrate and nitrite) (AS N),Total,,0.1,mg/l,False,0.1,,,LAC10-107-04-1J,UHL001,Actual,SW,Water,,,Lee,07080107,River/Stream,,40.75340048,-91.2755898
6,10560002,Skunk River near Augusta,09/03/2013 14:15:00,AMBBIO,NIT-AMM,Ammonia-nitrogen (AS N),Total,,0.05,mg/l,False,0.05,,,LAC10-107-06-1J,UHL001,Actual,SW,Water,,,Lee,07080107,River/Stream,,40.75340048,-91.2755898
6,10560002,Skunk River near Augusta,09/03/2013 14:15:00,AMBBIO,NIT-KJELD,Kjeldahl nitrogen (AS N),Total,,0.7,mg/l,True,0.1,,,LAC10-107-06-2E,UHL001,Actual,SW,Water,,,Lee,07080107,River/Stream,,40.75340048,-91.2755898
6,10560002,Skunk River near Augusta,09/03/2013 14:15:00,AMBBIO,14265-44-2,Orthophosphate (AS P),Dissolved,,0.07,mg/l,True,0.02,,,LAC10-115-01-1A,UHL001,Actual,SW,Water,,,Lee,07080107,River/Stream,,40.75340048,-91.2755898
6,10560002,Skunk River near Augusta,09/03/2013 14:15:00,AMBBIO,PHOSP-PHOSP,Phosphate-phosphorus (AS P),Total,,0.2,mg/l,True,0.02,,,LAC10-115-01-1D,UHL001,Actual,SW,Water,,,Lee,07080107,River/Stream,,40.75340048,-91.2755898
6,10560002,Skunk River near Augusta,10/08/2013 10:40:00,AMBBIO,TEMP-WATER,"Temperature, water",Total,,15.8,deg C,True,,,,2550,,Actual,SW,Water,,,Lee,07080107,River/Stream,,40.75340048,-91.2755898
6,10560002,Skunk River near Augusta,10/08/2013 10:40:00,AMBBIO,PH,pH,Total,,8.5,None,True,,,,4500-H,,Actual,SW,Water,,,Lee,07080107,River/Stream,,40.75340048,-91.2755898
6,10560002,Skunk River near Augusta,10/08/2013 10:40:00,AMBBIO,7782-44-7,Dissolved oxygen (DO),Total,,9.5,mg/l,True,,,,D888(C),,Actual,SW,Water,,,Lee,07080107,River/Stream,,40.75340048,-91.2755898
6,10560002,Skunk River near Augusta,10/08/2013 10:40:00,AMBBIO,FLOW,Flow,Total,,180,cfs,True,,,,USGS CA8,,Actual,SW,Water,,,Lee,07080107,River/Stream,,40.75340048,-91.2755898
6,10560002,Skunk River near Augusta,10/08/2013 10:40:00,AMBBIO,TVSS,Volatile Suspended Solids,NonFilt,,16,mg/l,True,1,,,160.4,UHL001,Actual,SW,Water,,,Lee,07080107,River/Stream,,40.75340048,-91.2755898
6,10560002,Skunk River near Augusta,10/08/2013 10:40:00,AMBBIO,7439-95-4,Magnesium,Total,,26,mg/l,True,0.5,,,200.7(W),UHL001,Actual,SW,Water,,,Lee,07080107,River/Stream,,40.75340048,-91.2755898
6,10560002,Skunk River near Augusta,10/08/2013 10:40:00,AMBBIO,7440-09-7,Potassium,Total,,3.4,mg/l,True,1,,,200.7(W),UHL001,Actual,SW,Water,,,Lee,07080107,River/Stream,,40.75340048,-91.2755898
6,10560002,Skunk River near Augusta,10/08/2013 10:40:00,AMBBIO,7440-23-5,Sodium,Total,,22,mg/l,True,0.5,,,200.7(W),UHL001,Actual,SW,Water,,,Lee,07080107,River/Stream,,40.75340048,-91.2755898
6,10560002,Skunk River near Augusta,10/08/2013 10:40:00,AMBBIO,7440-70-2,Calcium,Total,,74,mg/l,True,1,,,200.7(W),UHL001,Actual,SW,Water,,,Lee,07080107,River/Stream,,40.75340048,-91.2755898
6,10560002,Skunk River near Augusta,10/08/2013 10:40:00,AMBBIO,7440-42-8,Boron,Total,,0.07,mg/l,True,0.05,,,200.7(W),UHL001,Actual,SW,Water,,,Lee,07080107,River/Stream,,40.75340048,-91.2755898
6,10560002,Skunk River near Augusta,10/08/2013 10:40:00,AMBBIO,TURB,Turbidity,Total,,25,NTU,True,1,,,2130-B,UHL001,Actual,SW,Water,,,Lee,07080107,River/Stream,,40.75340048,-91.2755898
6,10560002,Skunk River near Augusta,10/08/2013 10:40:00,AMBBIO,HARD-CARB,"Hardness, carbonate",Total,,290,mg/l,True,1,,,2340C,UHL001,Actual,SW,Water,,,Lee,07080107,River/Stream,,40.75340048,-91.2755898
6,10560002,Skunk River near Augusta,10/08/2013 10:40:00,AMBBIO,TDS,Total dissolved solids,Dissolved,,370,mg/l,True,1,,,2540-C,UHL001,Actual,SW,Water,,,Lee,07080107,River/Stream,,40.75340048,-91.2755898
6,10560002,Skunk River near Augusta,10/08/2013 10:40:00,AMBBIO,24959-67-9,Bromide,Total,,0.5,mg/l,False,0.5,,,300.0,UHL001,Actual,SW,Water,,,Lee,07080107,River/Stream,,40.75340048,-91.2755898
6,10560002,Skunk River near Augusta,10/08/2013 10:40:00,AMBBIO,14808-79-8,Sulfate (AS SO4),Total,,59,mg/l,True,1,,,300.0,UHL001,Actual,SW,Water,,,Lee,07080107,River/Stream,,40.75340048,-91.2755898
6,10560002,Skunk River near Augusta,10/08/2013 10:40:00,AMBBIO,16887-00-6,Chloride,Total,,27,mg/l,True,1,,,300.0,UHL001,Actual,SW,Water,,,Lee,07080107,River/Stream,,40.75340048,-91.2755898
6,10560002,Skunk River near Augusta,10/08/2013 10:40:00,AMBBIO,CLR-A-FREE,"Chlorophyll a, free of pheophytin",NonFilt,,60,ug/l,True,1,,,445,UHL001,Actual,SW,Water,,,Lee,07080107,River/Stream,,40.75340048,-91.2755898
6,10560002,Skunk River near Augusta,10/08/2013 10:40:00,AMBBIO,CBOD-SC,"Carbonaceous biochemical oxygen demand, standard conditions",Total,,3,mg/l,True,2,,,5210-B,UHL001,Actual,SW,Water,,,Lee,07080107,River/Stream,,40.75340048,-91.2755898
6,10560002,Skunk River near Augusta,10/08/2013 10:40:00,AMBBIO,TSS,Total suspended solids,NonFilt,,44,mg/l,True,1,,,I3765,UHL001,Actual,SW,Water,,,Lee,07080107,River/Stream,,40.75340048,-91.2755898
6,10560002,Skunk River near Augusta,10/08/2013 10:40:00,AMBBIO,NIT-NO3-NO2,Inorganic nitrogen (nitrate and nitrite) (AS N),Total,,0.1,mg/l,False,0.1,,,LAC10-107-04-1J,UHL001,Actual,SW,Water,,,Lee,07080107,River/Stream,,40.75340048,-91.2755898
6,10560002,Skunk River near Augusta,10/08/2013 10:40:00,AMBBIO,NIT-AMM,Ammonia-nitrogen (AS N),Total,,0.05,mg/l,False,0.05,,,LAC10-107-06-1J,UHL001,Actual,SW,Water,,,Lee,07080107,River/Stream,,40.75340048,-91.2755898
6,10560002,Skunk River near Augusta,10/08/2013 10:40:00,AMBBIO,NIT-KJELD,Kjeldahl nitrogen (AS N),Total,,0.5,mg/l,True,0.1,,,LAC10-107-06-2E,UHL001,Actual,SW,Water,,,Lee,07080107,River/Stream,,40.75340048,-91.2755898
6,10560002,Skunk River near Augusta,10/08/2013 10:40:00,AMBBIO,14265-44-2,Orthophosphate (AS P),Dissolved,,0.08,mg/l,True,0.02,,,LAC10-115-01-1A,UHL001,Actual,SW,Water,,,Lee,07080107,River/Stream,,40.75340048,-91.2755898
6,10560002,Skunk River near Augusta,10/08/2013 10:40:00,AMBBIO,PHOSP-PHOSP,Phosphate-phosphorus (AS P),Total,,0.19,mg/l,True,0.02,,,LAC10-115-01-1D,UHL001,Actual,SW,Water,,,Lee,07080107,River/Stream,,40.75340048,-91.2755898
6,10560002,Skunk River near Augusta,07/05/2012 12:00:00,AMBBIO,TEMP-WATER,"Temperature, water",Total,,31.8,deg C,True,,,,2550,,Actual,SW,Water,,,Lee,07080107,River/Stream,,40.75340048,-91.2755898
6,10560002,Skunk River near Augusta,07/05/2012 12:00:00,AMBBIO,PH,pH,Total,,8.5,None,True,,,,4500-H,,Actual,SW,Water,,,Lee,07080107,River/Stream,,40.75340048,-91.2755898
6,10560002,Skunk River near Augusta,07/05/2012 12:00:00,AMBBIO,7782-44-7,Dissolved oxygen (DO),Total,,8.4,mg/l,True,,,,4500-O-G,,Actual,SW,Water,,,Lee,07080107,River/Stream,,40.75340048,-91.2755898
6,10560002,Skunk River near Augusta,07/05/2012 12:00:00,AMBBIO,FLOW,Flow,Total,,700,cfs,True,,,,USGS CA8,,Actual,SW,Water,,,Lee,07080107,River/Stream,,40.75340048,-91.2755898
6,10560002,Skunk River near Augusta,07/05/2012 12:00:00,AMBBIO,TVSS,Volatile Suspended Solids,NonFilt,,22,mg/l,True,1,,,160.4,UHL001,Actual,SW,Water,,,Lee,07080107,River/Stream,,40.75340048,-91.2755898
6,10560002,Skunk River near Augusta,07/05/2012 12:00:00,AMBBIO,7439-95-4,Magnesium,Total,,22,mg/l,True,0.5,,,200.7(W),UHL001,Actual,SW,Water,,,Lee,07080107,River/Stream,,40.75340048,-91.2755898
6,10560002,Skunk River near Augusta,07/05/2012 12:00:00,AMBBIO,7440-09-7,Potassium,Total,,3.3,mg/l,True,1.0,,,200.7(W),UHL001,Actual,SW,Water,,,Lee,07080107,River/Stream,,40.75340048,-91.2755898
6,10560002,Skunk River near Augusta,07/05/2012 12:00:00,AMBBIO,7440-23-5,Sodium,Total,,16,mg/l,True,0.5,,,200.7(W),UHL001,Actual,SW,Water,,,Lee,07080107,River/Stream,,40.75340048,-91.2755898
6,10560002,Skunk River near Augusta,07/05/2012 12:00:00,AMBBIO,7440-70-2,Calcium,Total,,32,mg/l,True,1.0,,,200.7(W),UHL001,Actual,SW,Water,,,Lee,07080107,River/Stream,,40.75340048,-91.2755898
6,10560002,Skunk River near Augusta,07/05/2012 12:00:00,AMBBIO,7440-42-8,Boron,Total,,0.05,mg/l,False,0.05,,,200.7(W),UHL001,Actual,SW,Water,,,Lee,07080107,River/Stream,,40.75340048,-91.2755898
6,10560002,Skunk River near Augusta,07/05/2012 12:00:00,AMBBIO,TURB,Turbidity,Total,,49,NTU,True,1,,,2130-B,UHL001,Actual,SW,Water,,,Lee,07080107,River/Stream,,40.75340048,-91.2755898
6,10560002,Skunk River near Augusta,07/05/2012 12:00:00,AMBBIO,HARD-CARB,"Hardness, carbonate",Total,,160,mg/l,True,1,,,2340C,UHL001,Actual,SW,Water,,,Lee,07080107,River/Stream,,40.75340048,-91.2755898
6,10560002,Skunk River near Augusta,07/05/2012 12:00:00,AMBBIO,TDS,Total dissolved solids,Dissolved,,230,mg/l,True,1,,,2540-C,UHL001,Actual,SW,Water,,,Lee,07080107,River/Stream,,40.75340048,-91.2755898
6,10560002,Skunk River near Augusta,07/05/2012 12:00:00,AMBBIO,14808-79-8,Sulfate (AS SO4),Total,,34,mg/l,True,1,,,300.0,UHL001,Actual,SW,Water,,,Lee,07080107,River/Stream,,40.75340048,-91.2755898
6,10560002,Skunk River near Augusta,07/05/2012 12:00:00,AMBBIO,16887-00-6,Chloride,Total,,24,mg/l,True,1,,,300.0,UHL001,Actual,SW,Water,,,Lee,07080107,River/Stream,,40.75340048,-91.2755898
6,10560002,Skunk River near Augusta,07/05/2012 12:00:00,AMBBIO,24959-67-9,Bromide,Total,,1,mg/l,False,1.0,,,300.0,UHL001,Actual,SW,Water,,,Lee,07080107,River/Stream,,40.75340048,-91.2755898
6,10560002,Skunk River near Augusta,07/05/2012 12:00:00,AMBBIO,CLR-A-FREE,"Chlorophyll a, free of pheophytin",NonFilt,,140,ug/l,True,1,,,445,UHL001,Actual,SW,Water,,,Lee,07080107,River/Stream,,40.75340048,-91.2755898
6,10560002,Skunk River near Augusta,07/05/2012 12:00:00,AMBBIO,CBOD-SC,"Carbonaceous biochemical oxygen demand, standard conditions",Total,,3,mg/l,True,2,,,5210-B,UHL001,Actual,SW,Water,,,Lee,07080107,River/Stream,,40.75340048,-91.2755898
6,10560002,Skunk River near Augusta,07/05/2012 12:00:00,AMBBIO,TSS,Total suspended solids,NonFilt,,66,mg/l,True,1,,,I3765,UHL001,Actual,SW,Water,,,Lee,07080107,River/Stream,,40.75340048,-91.2755898
6,10560002,Skunk River near Augusta,07/05/2012 12:00:00,AMBBIO,NIT-NO3-NO2,Inorganic nitrogen (nitrate and nitrite) (AS N),Total,,0.1,mg/l,False,0.1,,,LAC10-107-04-1J,UHL001,Actual,SW,Water,,,Lee,07080107,River/Stream,,40.75340048,-91.2755898
6,10560002,Skunk River near Augusta,07/05/2012 12:00:00,AMBBIO,NIT-AMM,Ammonia-nitrogen (AS N),Total,,0.05,mg/l,False,0.05,,,LAC10-107-06-1J,UHL001,Actual,SW,Water,,,Lee,07080107,River/Stream,,40.75340048,-91.2755898
6,10560002,Skunk River near Augusta,07/05/2012 12:00:00,AMBBIO,NIT-KJELD,Kjeldahl nitrogen (AS N),Total,,2,mg/l,True,0.1,,,LAC10-107-06-2E,UHL001,Actual,SW,Water,,,Lee,07080107,River/Stream,,40.75340048,-91.2755898
6,10560002,Skunk River near Augusta,07/05/2012 12:00:00,AMBBIO,14265-44-2,Orthophosphate (AS P),Dissolved,,0.07,mg/l,True,0.02,,,LAC10-115-01-1A,UHL001,Actual,SW,Water,,,Lee,07080107,River/Stream,,40.75340048,-91.2755898
6,10560002,Skunk River near Augusta,07/05/2012 12:00:00,AMBBIO,PHOSP-PHOSP,Phosphate-phosphorus (AS P),Total,,0.3,mg/l,True,0.02,,,LAC10-115-01-1D,UHL001,Actual,SW,Water,,,Lee,07080107,River/Stream,,40.75340048,-91.2755898
6,10560002,Skunk River near Augusta,08/06/2012 12:30:00,AMBBIO,TEMP-WATER,"Temperature, water",Total,,27.1,deg C,True,,,,2550,,Actual,SW,Water,,,Lee,07080107,River/Stream,,40.75340048,-91.2755898
6,10560002,Skunk River near Augusta,08/06/2012 12:30:00,AMBBIO,PH,pH,Total,,8.7,None,True,,,,4500-H,,Actual,SW,Water,,,Lee,07080107,River/Stream,,40.75340048,-91.2755898
6,10560002,Skunk River near Augusta,08/06/2012 12:30:00,AMBBIO,7782-44-7,Dissolved oxygen (DO),Total,,8.4,mg/l,True,,,,4500-O-G,,Actual,SW,Water,,,Lee,07080107,River/Stream,,40.75340048,-91.2755898
6,10560002,Skunk River near Augusta,08/06/2012 12:30:00,AMBBIO,FLOW,Flow,Total,,230,cfs,True,,,,USGS CA8,,Actual,SW,Water,,,Lee,07080107,River/Stream,,40.75340048,-91.2755898
6,10560002,Skunk River near Augusta,08/06/2012 12:30:00,AMBBIO,TVSS,Volatile Suspended Solids,NonFilt,,20,mg/l,True,1,,,160.4,UHL001,Actual,SW,Water,,,Lee,07080107,River/Stream,,40.75340048,-91.2755898
6,10560002,Skunk River near Augusta,08/06/2012 12:30:00,AMBBIO,7439-95-4,Magnesium,Total,,30,mg/l,True,0.5,,,200.7(W),UHL001,Actual,SW,Water,,,Lee,07080107,River/Stream,,40.75340048,-91.2755898
6,10560002,Skunk River near Augusta,08/06/2012 12:30:00,AMBBIO,7440-09-7,Potassium,Total,,3.7,mg/l,True,1.0,,,200.7(W),UHL001,Actual,SW,Water,,,Lee,07080107,River/Stream,,40.75340048,-91.2755898
6,10560002,Skunk River near Augusta,08/06/2012 12:30:00,AMBBIO,7440-23-5,Sodium,Total,,22,mg/l,True,0.5,,,200.7(W),UHL001,Actual,SW,Water,,,Lee,07080107,River/Stream,,40.75340048,-91.2755898
6,10560002,Skunk River near Augusta,08/06/2012 12:30:00,AMBBIO,7440-70-2,Calcium,Total,,59,mg/l,True,1.0,,,200.7(W),UHL001,Actual,SW,Water,,,Lee,07080107,River/Stream,,40.75340048,-91.2755898
6,10560002,Skunk River near Augusta,08/06/2012 12:30:00,AMBBIO,7440-42-8,Boron,Total,,0.08,mg/l,True,0.05,,,200.7(W),UHL001,Actual,SW,Water,,,Lee,07080107,River/Stream,,40.75340048,-91.2755898
6,10560002,Skunk River near Augusta,08/06/2012 12:30:00,AMBBIO,TURB,Turbidity,Total,,24,NTU,True,1,,,2130-B,UHL001,Actual,SW,Water,,,Lee,07080107,River/Stream,,40.75340048,-91.2755898
6,10560002,Skunk River near Augusta,08/06/2012 12:30:00,AMBBIO,HARD-CARB,"Hardness, carbonate",Total,,280,mg/l,True,1,,,2340C,UHL001,Actual,SW,Water,,,Lee,07080107,River/Stream,,40.75340048,-91.2755898
6,10560002,Skunk River near Augusta,08/06/2012 12:30:00,AMBBIO,TDS,Total dissolved solids,Dissolved,,360,mg/l,True,1,,,2540-C,UHL001,Actual,SW,Water,,,Lee,07080107,River/Stream,,40.75340048,-91.2755898
6,10560002,Skunk River near Augusta,08/06/2012 12:30:00,AMBBIO,14808-79-8,Sulfate (AS SO4),Total,,48,mg/l,True,1,,,300.0,UHL001,Actual,SW,Water,,,Lee,07080107,River/Stream,,40.75340048,-91.2755898
6,10560002,Skunk River near Augusta,08/06/2012 12:30:00,AMBBIO,16887-00-6,Chloride,Total,,28,mg/l,True,1,,,300.0,UHL001,Actual,SW,Water,,,Lee,07080107,River/Stream,,40.75340048,-91.2755898
6,10560002,Skunk River near Augusta,08/06/2012 12:30:00,AMBBIO,24959-67-9,Bromide,Total,,1,mg/l,False,1,,,300.0,UHL001,Actual,SW,Water,,,Lee,07080107,River/Stream,,40.75340048,-91.2755898
6,10560002,Skunk River near Augusta,08/06/2012 12:30:00,AMBBIO,CLR-A-FREE,"Chlorophyll a, free of pheophytin",NonFilt,,41,ug/l,True,1,,,445,UHL001,Actual,SW,Water,,,Lee,07080107,River/Stream,,40.75340048,-91.2755898
6,10560002,Skunk River near Augusta,08/06/2012 12:30:00,AMBBIO,CBOD-SC,"Carbonaceous biochemical oxygen demand, standard conditions",Total,,9,mg/l,True,2,,,5210-B,UHL001,Actual,SW,Water,,,Lee,07080107,River/Stream,,40.75340048,-91.2755898
6,10560002,Skunk River near Augusta,08/06/2012 12:30:00,AMBBIO,TSS,Total suspended solids,NonFilt,,48,mg/l,True,1,,,I3765,UHL001,Actual,SW,Water,,,Lee,07080107,River/Stream,,40.75340048,-91.2755898
6,10560002,Skunk River near Augusta,08/06/2012 12:30:00,AMBBIO,NIT-NO3-NO2,Inorganic nitrogen (nitrate and nitrite) (AS N),Total,,0.1,mg/l,False,0.1,,,LAC10-107-04-1J,UHL001,Actual,SW,Water,,,Lee,07080107,River/Stream,,40.75340048,-91.2755898
6,10560002,Skunk River near Augusta,08/06/2012 12:30:00,AMBBIO,NIT-AMM,Ammonia-nitrogen (AS N),Total,,0.05,mg/l,False,0.05,,,LAC10-107-06-1J,UHL001,Actual,SW,Water,,,Lee,07080107,River/Stream,,40.75340048,-91.2755898
6,10560002,Skunk River near Augusta,08/06/2012 12:30:00,AMBBIO,NIT-KJELD,Kjeldahl nitrogen (AS N),Total,,1.4,mg/l,True,0.1,,,LAC10-107-06-2E,UHL001,Actual,SW,Water,,,Lee,07080107,River/Stream,,40.75340048,-91.2755898
6,10560002,Skunk River near Augusta,08/06/2012 12:30:00,AMBBIO,14265-44-2,Orthophosphate (AS P),Dissolved,,0.09,mg/l,True,0.02,,,LAC10-115-01-1A,UHL001,Actual,SW,Water,,,Lee,07080107,River/Stream,,40.75340048,-91.2755898
6,10560002,Skunk River near Augusta,08/06/2012 12:30:00,AMBBIO,PHOSP-PHOSP,Phosphate-phosphorus (AS P),Total,,0.22,mg/l,True,0.02,,,LAC10-115-01-1D,UHL001,Actual,SW,Water,,,Lee,07080107,River/Stream,,40.75340048,-91.2755898
6,10560002,Skunk River near Augusta,09/06/2012 13:10:00,AMBBIO,TEMP-WATER,"Temperature, water",Total,,28.3,deg C,True,,,,2550,,Actual,SW,Water,,,Lee,07080107,River/Stream,,40.75340048,-91.2755898
6,10560002,Skunk River near Augusta,09/06/2012 13:10:00,AMBBIO,PH,pH,Total,,8.9,None,True,,,,4500-H,,Actual,SW,Water,,,Lee,07080107,River/Stream,,40.75340048,-91.2755898
6,10560002,Skunk River near Augusta,09/06/2012 13:10:00,AMBBIO,7782-44-7,Dissolved oxygen (DO),Total,,8.4,mg/l,True,,,,4500-O-G,,Actual,SW,Water,,,Lee,07080107,River/Stream,,40.75340048,-91.2755898
6,10560002,Skunk River near Augusta,09/06/2012 13:10:00,AMBBIO,FLOW,Flow,Total,,230,cfs,True,,,,USGS CA8,,Actual,SW,Water,,,Lee,07080107,River/Stream,,40.75340048,-91.2755898
6,10560002,Skunk River near Augusta,09/06/2012 13:10:00,AMBBIO,TVSS,Volatile Suspended Solids,NonFilt,,20,mg/l,True,1,,,160.4,UHL001,Actual,SW,Water,,,Lee,07080107,River/Stream,,40.75340048,-91.2755898
6,10560002,Skunk River near Augusta,09/06/2012 13:10:00,AMBBIO,7439-95-4,Magnesium,Total,,18,mg/l,True,0.5,,,200.7(W),UHL001,Actual,SW,Water,,,Lee,07080107,River/Stream,,40.75340048,-91.2755898
6,10560002,Skunk River near Augusta,09/06/2012 13:10:00,AMBBIO,7440-09-7,Potassium,Total,,4.7,mg/l,True,1.0,,,200.7(W),UHL001,Actual,SW,Water,,,Lee,07080107,River/Stream,,40.75340048,-91.2755898
6,10560002,Skunk River near Augusta,09/06/2012 13:10:00,AMBBIO,7440-23-5,Sodium,Total,,31,mg/l,True,0.5,,,200.7(W),UHL001,Actual,SW,Water,,,Lee,07080107,River/Stream,,40.75340048,-91.2755898
6,10560002,Skunk River near Augusta,09/06/2012 13:10:00,AMBBIO,7440-70-2,Calcium,Total,,41,mg/l,True,1.0,,,200.7(W),UHL001,Actual,SW,Water,,,Lee,07080107,River/Stream,,40.75340048,-91.2755898
6,10560002,Skunk River near Augusta,09/06/2012 13:10:00,AMBBIO,7440-42-8,Boron,Total,,0.14,mg/l,True,0.05,,,200.7(W),UHL001,Actual,SW,Water,,,Lee,07080107,River/Stream,,40.75340048,-91.2755898
6,10560002,Skunk River near Augusta,09/06/2012 13:10:00,AMBBIO,TURB,Turbidity,Total,,28,NTU,True,1,,,2130-B,UHL001,Actual,SW,Water,,,Lee,07080107,River/Stream,,40.75340048,-91.2755898
6,10560002,Skunk River near Augusta,09/06/2012 13:10:00,AMBBIO,HARD-CARB,"Hardness, carbonate",Total,,180,mg/l,True,1,,,2340C,UHL001,Actual,SW,Water,,,Lee,07080107,River/Stream,,40.75340048,-91.2755898
6,10560002,Skunk River near Augusta,09/06/2012 13:10:00,AMBBIO,TDS,Total dissolved solids,Dissolved,,300,mg/l,True,1,,,2540-C,UHL001,Actual,SW,Water,,,Lee,07080107,River/Stream,,40.75340048,-91.2755898
6,10560002,Skunk River near Augusta,09/06/2012 13:10:00,AMBBIO,14808-79-8,Sulfate (AS SO4),Total,,62,mg/l,True,1,,,300.0,UHL001,Actual,SW,Water,,,Lee,07080107,River/Stream,,40.75340048,-91.2755898
6,10560002,Skunk River near Augusta,09/06/2012 13:10:00,AMBBIO,16887-00-6,Chloride,Total,,30,mg/l,True,1,,,300.0,UHL001,Actual,SW,Water,,,Lee,07080107,River/Stream,,40.75340048,-91.2755898
6,10560002,Skunk River near Augusta,09/06/2012 13:10:00,AMBBIO,24959-67-9,Bromide,Total,,0.5,mg/l,False,0.5,,,300.0,UHL001,Actual,SW,Water,,,Lee,07080107,River/Stream,,40.75340048,-91.2755898
6,10560002,Skunk River near Augusta,09/06/2012 13:10:00,AMBBIO,CLR-A-FREE,"Chlorophyll a, free of pheophytin",NonFilt,,70,ug/l,True,1,,,445,UHL001,Actual,SW,Water,,,Lee,07080107,River/Stream,,40.75340048,-91.2755898
6,10560002,Skunk River near Augusta,09/06/2012 13:10:00,AMBBIO,CBOD-SC,"Carbonaceous biochemical oxygen demand, standard conditions",Total,,5,mg/l,True,2,,,5210-B,UHL001,Actual,SW,Water,,,Lee,07080107,River/Stream,,40.75340048,-91.2755898
6,10560002,Skunk River near Augusta,09/06/2012 13:10:00,AMBBIO,TSS,Total suspended solids,NonFilt,,50,mg/l,True,1,,,I3765,UHL001,Actual,SW,Water,,,Lee,07080107,River/Stream,,40.75340048,-91.2755898
6,10560002,Skunk River near Augusta,09/06/2012 13:10:00,AMBBIO,NIT-NO3-NO2,Inorganic nitrogen (nitrate and nitrite) (AS N),Total,,0.1,mg/l,False,0.1,,,LAC10-107-04-1J,UHL001,Actual,SW,Water,,,Lee,07080107,River/Stream,,40.75340048,-91.2755898
6,10560002,Skunk River near Augusta,09/06/2012 13:10:00,AMBBIO,NIT-AMM,Ammonia-nitrogen (AS N),Total,,0.05,mg/l,False,0.05,,,LAC10-107-06-1J,UHL001,Actual,SW,Water,,,Lee,07080107,River/Stream,,40.75340048,-91.2755898
6,10560002,Skunk River near Augusta,09/06/2012 13:10:00,AMBBIO,NIT-KJELD,Kjeldahl nitrogen (AS N),Total,,1.5,mg/l,True,0.1,,,LAC10-107-06-2E,UHL001,Actual,SW,Water,,,Lee,07080107,River/Stream,,40.75340048,-91.2755898
6,10560002,Skunk River near Augusta,09/06/2012 13:10:00,AMBBIO,14265-44-2,Orthophosphate (AS P),Dissolved,,0.06,mg/l,True,0.02,,,LAC10-115-01-1A,UHL001,Actual,SW,Water,,,Lee,07080107,River/Stream,,40.75340048,-91.2755898
6,10560002,Skunk River near Augusta,09/06/2012 13:10:00,AMBBIO,PHOSP-PHOSP,Phosphate-phosphorus (AS P),Total,,0.19,mg/l,True,0.02,,,LAC10-115-01-1D,UHL001,Actual,SW,Water,,,Lee,07080107,River/Stream,,40.75340048,-91.2755898
6,10560002,Skunk River near Augusta,10/01/2012 11:35:00,AMBBIO,TEMP-WATER,"Temperature, water",Total,,17.1,deg C,True,,,,2550,,Actual,SW,Water,,,Lee,07080107,River/Stream,,40.75340048,-91.2755898
6,10560002,Skunk River near Augusta,10/01/2012 11:35:00,AMBBIO,PH,pH,Total,,8.6,None,True,,,,4500-H,,Actual,SW,Water,,,Lee,07080107,River/Stream,,40.75340048,-91.2755898
6,10560002,Skunk River near Augusta,10/01/2012 11:35:00,AMBBIO,7782-44-7,Dissolved oxygen (DO),Total,,8.7,mg/l,True,,,,4500-O-G,,Actual,SW,Water,,,Lee,07080107,River/Stream,,40.75340048,-91.2755898
6,10560002,Skunk River near Augusta,10/01/2012 11:35:00,AMBBIO,FLOW,Flow,Total,,94,cfs,True,,,,USGS CA8,,Actual,SW,Water,,,Lee,07080107,River/Stream,,40.75340048,-91.2755898
6,10560002,Skunk River near Augusta,10/01/2012 11:35:00,AMBBIO,TVSS,Volatile Suspended Solids,NonFilt,,8,mg/l,True,1,,,160.4,UHL001,Actual,SW,Water,,,Lee,07080107,River/Stream,,40.75340048,-91.2755898
6,10560002,Skunk River near Augusta,10/01/2012 11:35:00,AMBBIO,7439-95-4,Magnesium,Total,,26,mg/l,True,0.5,,,200.7(W),UHL001,Actual,SW,Water,,,Lee,07080107,River/Stream,,40.75340048,-91.2755898
6,10560002,Skunk River near Augusta,10/01/2012 11:35:00,AMBBIO,7440-09-7,Potassium,Total,,4.4,mg/l,True,1.0,,,200.7(W),UHL001,Actual,SW,Water,,,Lee,07080107,River/Stream,,40.75340048,-91.2755898
6,10560002,Skunk River near Augusta,10/01/2012 11:35:00,AMBBIO,7440-23-5,Sodium,Total,,26,mg/l,True,0.5,,,200.7(W),UHL001,Actual,SW,Water,,,Lee,07080107,River/Stream,,40.75340048,-91.2755898
6,10560002,Skunk River near Augusta,10/01/2012 11:35:00,AMBBIO,7440-70-2,Calcium,Total,,60,mg/l,True,1.0,,,200.7(W),UHL001,Actual,SW,Water,,,Lee,07080107,River/Stream,,40.75340048,-91.2755898
6,10560002,Skunk River near Augusta,10/01/2012 11:35:00,AMBBIO,7440-42-8,Boron,Total,,0.12,mg/l,True,0.05,,,200.7(W),UHL001,Actual,SW,Water,,,Lee,07080107,River/Stream,,40.75340048,-91.2755898
6,10560002,Skunk River near Augusta,10/01/2012 11:35:00,AMBBIO,TURB,Turbidity,Total,,32,NTU,True,1,,,2130-B,UHL001,Actual,SW,Water,,,Lee,07080107,River/Stream,,40.75340048,-91.2755898
6,10560002,Skunk River near Augusta,10/01/2012 11:35:00,AMBBIO,HARD-CARB,"Hardness, carbonate",Total,,260,mg/l,True,1,,,2340C,UHL001,Actual,SW,Water,,,Lee,07080107,River/Stream,,40.75340048,-91.2755898
6,10560002,Skunk River near Augusta,10/01/2012 11:35:00,AMBBIO,TDS,Total dissolved solids,Dissolved,,350,mg/l,True,1,,,2540-C,UHL001,Actual,SW,Water,,,Lee,07080107,River/Stream,,40.75340048,-91.2755898
6,10560002,Skunk River near Augusta,10/01/2012 11:35:00,AMBBIO,14808-79-8,Sulfate (AS SO4),Total,,56,mg/l,True,1,,,300.0,UHL001,Actual,SW,Water,,,Lee,07080107,River/Stream,,40.75340048,-91.2755898
6,10560002,Skunk River near Augusta,10/01/2012 11:35:00,AMBBIO,16887-00-6,Chloride,Total,,31,mg/l,True,1,,,300.0,UHL001,Actual,SW,Water,,,Lee,07080107,River/Stream,,40.75340048,-91.2755898
6,10560002,Skunk River near Augusta,10/01/2012 11:35:00,AMBBIO,24959-67-9,Bromide,Total,,1,mg/l,False,1,,,300.0,UHL001,Actual,SW,Water,,,Lee,07080107,River/Stream,,40.75340048,-91.2755898
6,10560002,Skunk River near Augusta,10/01/2012 11:35:00,AMBBIO,CLR-A-FREE,"Chlorophyll a, free of pheophytin",NonFilt,,53,ug/l,True,1,,,445,UHL001,Actual,SW,Water,,,Lee,07080107,River/Stream,,40.75340048,-91.2755898
6,10560002,Skunk River near Augusta,10/01/2012 11:35:00,AMBBIO,CBOD-SC,"Carbonaceous biochemical oxygen demand, standard conditions",Total,,3,mg/l,True,2,,,5210-B,UHL001,Actual,SW,Water,,,Lee,07080107,River/Stream,,40.75340048,-91.2755898
6,10560002,Skunk River near Augusta,10/01/2012 11:35:00,AMBBIO,TSS,Total suspended solids,NonFilt,,46,mg/l,True,1,,,I3765,UHL001,Actual,SW,Water,,,Lee,07080107,River/Stream,,40.75340048,-91.2755898
6,10560002,Skunk River near Augusta,10/01/2012 11:35:00,AMBBIO,NIT-NO3-NO2,Inorganic nitrogen (nitrate and nitrite) (AS N),Total,,0.1,mg/l,False,0.1,,,LAC10-107-04-1J,UHL001,Actual,SW,Water,,,Lee,07080107,River/Stream,,40.75340048,-91.2755898
6,10560002,Skunk River near Augusta,10/01/2012 11:35:00,AMBBIO,NIT-AMM,Ammonia-nitrogen (AS N),Total,,0.05,mg/l,False,0.05,,,LAC10-107-06-1J,UHL001,Actual,SW,Water,,,Lee,07080107,River/Stream,,40.75340048,-91.2755898
6,10560002,Skunk River near Augusta,10/01/2012 11:35:00,AMBBIO,NIT-KJELD,Kjeldahl nitrogen (AS N),Total,,0.8,mg/l,True,0.1,,,LAC10-107-06-2E,UHL001,Actual,SW,Water,,,Lee,07080107,River/Stream,,40.75340048,-91.2755898
6,10560002,Skunk River near Augusta,10/01/2012 11:35:00,AMBBIO,14265-44-2,Orthophosphate (AS P),Dissolved,,0.05,mg/l,True,0.02,,,LAC10-115-01-1A,UHL001,Actual,SW,Water,,,Lee,07080107,River/Stream,,40.75340048,-91.2755898
6,10560002,Skunk River near Augusta,10/01/2012 11:35:00,AMBBIO,PHOSP-PHOSP,Phosphate-phosphorus (AS P),Total,,0.21,mg/l,True,0.02,,,LAC10-115-01-1D,UHL001,Actual,SW,Water,,,Lee,07080107,River/Stream,,40.75340048,-91.2755898
6,10560002,Skunk River near Augusta,01/04/2016 09:40:00,AMBIENT,TEMP-WATER,"Temperature, water",Total,,0.9,deg C,True,,,,2550,,Actual,SW,Water,,,Lee,07080107,River/Stream,,40.75340048,-91.2755898
6,10560002,Skunk River near Augusta,01/04/2016 09:40:00,AMBIENT,PH,pH,Total,,8.2,None,True,,,,4500-H,,Actual,SW,Water,,,Lee,07080107,River/Stream,,40.75340048,-91.2755898
6,10560002,Skunk River near Augusta,01/04/2016 09:40:00,AMBIENT,7782-44-7,Dissolved oxygen (DO),Total,,14.7,mg/l,True,,,,D888(C),,Actual,SW,Water,,,Lee,07080107,River/Stream,,40.75340048,-91.2755898
6,10560002,Skunk River near Augusta,01/04/2016 09:40:00,AMBIENT,TVSS,Volatile Suspended Solids,NonFilt,,11,mg/l,True,1,,,160.4,UHL001,Actual,SW,Water,,,Lee,07080107,River/Stream,,40.75340048,-91.2755898
6,10560002,Skunk River near Augusta,01/04/2016 09:40:00,AMBIENT,TURB,Turbidity,Total,,42,NTU,True,1,,,2130-B,UHL001,Actual,SW,Water,,,Lee,07080107,River/Stream,,40.75340048,-91.2755898
6,10560002,Skunk River near Augusta,01/04/2016 09:40:00,AMBIENT,HARD-CARB,"Hardness, carbonate",Total,,300,mg/l,True,1,,,2340C,UHL001,Actual,SW,Water,,,Lee,07080107,River/Stream,,40.75340048,-91.2755898
6,10560002,Skunk River near Augusta,01/04/2016 09:40:00,AMBIENT,TDS,Total dissolved solids,Dissolved,,330,mg/l,True,1,,,2540-C,UHL001,Actual,SW,Water,,,Lee,07080107,River/Stream,,40.75340048,-91.2755898
6,10560002,Skunk River near Augusta,01/04/2016 09:40:00,AMBIENT,14808-79-8,Sulfate (AS SO4),Total,,28,mg/l,True,1,,,300.0,UHL001,Actual,SW,Water,,,Lee,07080107,River/Stream,,40.75340048,-91.2755898
6,10560002,Skunk River near Augusta,01/04/2016 09:40:00,AMBIENT,16887-00-6,Chloride,Total,,18,mg/l,True,1,,,300.0,UHL001,Actual,SW,Water,,,Lee,07080107,River/Stream,,40.75340048,-91.2755898
6,10560002,Skunk River near Augusta,01/04/2016 09:40:00,AMBIENT,CLR-A-FREE,"Chlorophyll a, free of pheophytin",NonFilt,,2,ug/l,True,1,,,445,UHL001,Actual,SW,Water,,,Lee,07080107,River/Stream,,40.75340048,-91.2755898
6,10560002,Skunk River near Augusta,01/04/2016 09:40:00,AMBIENT,CBOD-SC,"Carbonaceous biochemical oxygen demand, standard conditions",Total,,2,mg/l,False,2,,,5210-B,UHL001,Actual,SW,Water,,,Lee,07080107,River/Stream,,40.75340048,-91.2755898
6,10560002,Skunk River near Augusta,01/04/2016 09:40:00,AMBIENT,68583-22-2,Escherichia coli,Total,,190,MPN/100ml,True,10,,,9223-B,UHL001,Actual,SW,Water,,,Lee,07080107,River/Stream,,40.75340048,-91.2755898
6,10560002,Skunk River near Augusta,01/04/2016 09:40:00,AMBIENT,TSS,Total suspended solids,NonFilt,,96,mg/l,True,1,,,I3765,UHL001,Actual,SW,Water,,,Lee,07080107,River/Stream,,40.75340048,-91.2755898
6,10560002,Skunk River near Augusta,01/04/2016 09:40:00,AMBIENT,NIT-NO3-NO2,Inorganic nitrogen (nitrate and nitrite) (AS N),Total,,7.3,mg/l,True,0.1,,,LAC10-107-04-1J,UHL001,Actual,SW,Water,,,Lee,07080107,River/Stream,,40.75340048,-91.2755898
6,10560002,Skunk River near Augusta,01/04/2016 09:40:00,AMBIENT,NIT-AMM,Ammonia-nitrogen (AS N),Total,,0.05,mg/l,False,0.05,,,LAC10-107-06-1J,UHL001,Actual,SW,Water,,,Lee,07080107,River/Stream,,40.75340048,-91.2755898
6,10560002,Skunk River near Augusta,01/04/2016 09:40:00,AMBIENT,NIT-KJELD,Kjeldahl nitrogen (AS N),Total,,0.5,mg/l,True,0.1,,,LAC10-107-06-2E,UHL001,Actual,SW,Water,,,Lee,07080107,River/Stream,,40.75340048,-91.2755898
6,10560002,Skunk River near Augusta,01/04/2016 09:40:00,AMBIENT,14265-44-2,Orthophosphate (AS P),Dissolved,,0.11,mg/l,True,0.02,,,LAC10-115-01-1A,UHL001,Actual,SW,Water,,,Lee,07080107,River/Stream,,40.75340048,-91.2755898
6,10560002,Skunk River near Augusta,01/04/2016 09:40:00,AMBIENT,PHOSP-PHOSP,Phosphate-phosphorus (AS P),Total,,0.22,mg/l,True,0.02,,,LAC10-115-01-1D,UHL001,Actual,SW,Water,,,Lee,07080107,River/Stream,,40.75340048,-91.2755898
6,10560002,Skunk River near Augusta,02/01/2016 10:50:00,AMBIENT,TEMP-WATER,"Temperature, water",Total,,0.6,deg C,True,,,,2550,,Actual,SW,Water,,,Lee,07080107,River/Stream,,40.75340048,-91.2755898
6,10560002,Skunk River near Augusta,02/01/2016 10:50:00,AMBIENT,PH,pH,Total,,8.1,None,True,,,,4500-H,,Actual,SW,Water,,,Lee,07080107,River/Stream,,40.75340048,-91.2755898
6,10560002,Skunk River near Augusta,02/01/2016 10:50:00,AMBIENT,7782-44-7,Dissolved oxygen (DO),Total,,13.5,mg/l,True,,,,D888(C),,Actual,SW,Water,,,Lee,07080107,River/Stream,,40.75340048,-91.2755898
6,10560002,Skunk River near Augusta,02/01/2016 10:50:00,AMBIENT,TVSS,Volatile Suspended Solids,NonFilt,,6,mg/l,True,1,,,160.4,UHL001,Actual,SW,Water,,,Lee,07080107,River/Stream,,40.75340048,-91.2755898
6,10560002,Skunk River near Augusta,02/01/2016 10:50:00,AMBIENT,TURB,Turbidity,Total,,27,NTU,True,1,,,2130-B,UHL001,Actual,SW,Water,,,Lee,07080107,River/Stream,,40.75340048,-91.2755898
6,10560002,Skunk River near Augusta,02/01/2016 10:50:00,AMBIENT,HARD-CARB,"Hardness, carbonate",Total,,300,mg/l,True,1,,,2340C,UHL001,Actual,SW,Water,,,Lee,07080107,River/Stream,,40.75340048,-91.2755898
6,10560002,Skunk River near Augusta,02/01/2016 10:50:00,AMBIENT,TDS,Total dissolved solids,Dissolved,,330,mg/l,True,1,,,2540-C,UHL001,Actual,SW,Water,,,Lee,07080107,River/Stream,,40.75340048,-91.2755898
6,10560002,Skunk River near Augusta,02/01/2016 10:50:00,AMBIENT,14808-79-8,Sulfate (AS SO4),Total,,31,mg/l,True,1,,,300.0,UHL001,Actual,SW,Water,,,Lee,07080107,River/Stream,,40.75340048,-91.2755898
6,10560002,Skunk River near Augusta,02/01/2016 10:50:00,AMBIENT,16887-00-6,Chloride,Total,,18,mg/l,True,1,,,300.0,UHL001,Actual,SW,Water,,,Lee,07080107,River/Stream,,40.75340048,-91.2755898
6,10560002,Skunk River near Augusta,02/01/2016 10:50:00,AMBIENT,CLR-A-FREE,"Chlorophyll a, free of pheophytin",NonFilt,,6,ug/l,True,1,,,445,UHL001,Actual,SW,Water,,,Lee,07080107,River/Stream,,40.75340048,-91.2755898
6,10560002,Skunk River near Augusta,02/01/2016 10:50:00,AMBIENT,CBOD-SC,"Carbonaceous biochemical oxygen demand, standard conditions",Total,,2,mg/l,False,2,,,5210-B,UHL001,Actual,SW,Water,,,Lee,07080107,River/Stream,,40.75340048,-91.2755898
6,10560002,Skunk River near Augusta,02/01/2016 10:50:00,AMBIENT,68583-22-2,Escherichia coli,Total,,220,MPN/100ml,True,10,,,9223-B,UHL001,Actual,SW,Water,,,Lee,07080107,River/Stream,,40.75340048,-91.2755898
6,10560002,Skunk River near Augusta,02/01/2016 10:50:00,AMBIENT,TSS,Total suspended solids,NonFilt,,47,mg/l,True,1,,,I3765,UHL001,Actual,SW,Water,,,Lee,07080107,River/Stream,,40.75340048,-91.2755898
6,10560002,Skunk River near Augusta,02/01/2016 10:50:00,AMBIENT,NIT-NO3-NO2,Inorganic nitrogen (nitrate and nitrite) (AS N),Total,,6.3,mg/l,True,0.1,,,LAC10-107-04-1J,UHL001,Actual,SW,Water,,,Lee,07080107,River/Stream,,40.75340048,-91.2755898
6,10560002,Skunk River near Augusta,02/01/2016 10:50:00,AMBIENT,NIT-AMM,Ammonia-nitrogen (AS N),Total,,0.13,mg/l,True,0.05,,,LAC10-107-06-1J,UHL001,Actual,SW,Water,,,Lee,07080107,River/Stream,,40.75340048,-91.2755898
6,10560002,Skunk River near Augusta,02/01/2016 10:50:00,AMBIENT,NIT-KJELD,Kjeldahl nitrogen (AS N),Total,,0.7,mg/l,True,0.1,,,LAC10-107-06-2E,UHL001,Actual,SW,Water,,,Lee,07080107,River/Stream,,40.75340048,-91.2755898
6,10560002,Skunk River near Augusta,02/01/2016 10:50:00,AMBIENT,14265-44-2,Orthophosphate (AS P),Dissolved,,0.19,mg/l,True,0.02,,,LAC10-115-01-1A,UHL001,Actual,SW,Water,,,Lee,07080107,River/Stream,,40.75340048,-91.2755898
6,10560002,Skunk River near Augusta,02/01/2016 10:50:00,AMBIENT,PHOSP-PHOSP,Phosphate-phosphorus (AS P),Total,,0.27,mg/l,True,0.02,,,LAC10-115-01-1D,UHL001,Actual,SW,Water,,,Lee,07080107,River/Stream,,40.75340048,-91.2755898
6,10560002,Skunk River near Augusta,03/02/2016 09:30:00,AMBIENT,TEMP-WATER,"Temperature, water",Total,,3.7,deg C,True,,,,2550,,Actual,SW,Water,,,Lee,07080107,River/Stream,,40.75340048,-91.2755898
6,10560002,Skunk River near Augusta,03/02/2016 09:30:00,AMBIENT,PH,pH,Total,,8.3,None,True,,,,4500-H,,Actual,SW,Water,,,Lee,07080107,River/Stream,,40.75340048,-91.2755898
6,10560002,Skunk River near Augusta,03/02/2016 09:30:00,AMBIENT,7782-44-7,Dissolved oxygen (DO),Total,,12.3,mg/l,True,,,,D888(C),,Actual,SW,Water,,,Lee,07080107,River/Stream,,40.75340048,-91.2755898
6,10560002,Skunk River near Augusta,03/02/2016 09:30:00,AMBIENT,TVSS,Volatile Suspended Solids,NonFilt,,19,mg/l,True,1,,,160.4,UHL001,Actual,SW,Water,,,Lee,07080107,River/Stream,,40.75340048,-91.2755898
6,10560002,Skunk River near Augusta,03/02/2016 09:30:00,AMBIENT,TURB,Turbidity,Total,,76,NTU,True,1,,,2130-B,UHL001,Actual,SW,Water,,,Lee,07080107,River/Stream,,40.75340048,-91.2755898
6,10560002,Skunk River near Augusta,03/02/2016 09:30:00,AMBIENT,HARD-CARB,"Hardness, carbonate",Total,,280,mg/l,True,1,,,2340C,UHL001,Actual,SW,Water,,,Lee,07080107,River/Stream,,40.75340048,-91.2755898
6,10560002,Skunk River near Augusta,03/02/2016 09:30:00,AMBIENT,TDS,Total dissolved solids,Dissolved,,370,mg/l,True,1,,,2540-C,UHL001,Actual,SW,Water,,,Lee,07080107,River/Stream,,40.75340048,-91.2755898
6,10560002,Skunk River near Augusta,03/02/2016 09:30:00,AMBIENT,14808-79-8,Sulfate (AS SO4),Total,,28,mg/l,True,1,,,300.0,UHL001,Actual,SW,Water,,,Lee,07080107,River/Stream,,40.75340048,-91.2755898
6,10560002,Skunk River near Augusta,03/02/2016 09:30:00,AMBIENT,16887-00-6,Chloride,Total,,18,mg/l,True,1,,,300.0,UHL001,Actual,SW,Water,,,Lee,07080107,River/Stream,,40.75340048,-91.2755898
6,10560002,Skunk River near Augusta,03/02/2016 09:30:00,AMBIENT,CLR-A-FREE,"Chlorophyll a, free of pheophytin",NonFilt,,5,ug/l,True,1,,,445,UHL001,Actual,SW,Water,,,Lee,07080107,River/Stream,,40.75340048,-91.2755898
6,10560002,Skunk River near Augusta,03/02/2016 09:30:00,AMBIENT,CBOD-SC,"Carbonaceous biochemical oxygen demand, standard conditions",Total,,2,mg/l,False,2,,,5210-B,UHL001,Actual,SW,Water,,,Lee,07080107,River/Stream,,40.75340048,-91.2755898
6,10560002,Skunk River near Augusta,03/02/2016 09:30:00,AMBIENT,68583-22-2,Escherichia coli,Total,,52,MPN/100ml,True,10,,,9223-B,UHL001,Actual,SW,Water,,,Lee,07080107,River/Stream,,40.75340048,-91.2755898
6,10560002,Skunk River near Augusta,03/02/2016 09:30:00,AMBIENT,TSS,Total suspended solids,NonFilt,,150,mg/l,True,1,,,I3765,UHL001,Actual,SW,Water,,,Lee,07080107,River/Stream,,40.75340048,-91.2755898
6,10560002,Skunk River near Augusta,03/02/2016 09:30:00,AMBIENT,NIT-NO3-NO2,Inorganic nitrogen (nitrate and nitrite) (AS N),Total,,7.1,mg/l,True,0.1,,,LAC10-107-04-1J,UHL001,Actual,SW,Water,,,Lee,07080107,River/Stream,,40.75340048,-91.2755898
6,10560002,Skunk River near Augusta,03/02/2016 09:30:00,AMBIENT,NIT-AMM,Ammonia-nitrogen (AS N),Total,,0.05,mg/l,False,0.05,,,LAC10-107-06-1J,UHL001,Actual,SW,Water,,,Lee,07080107,River/Stream,,40.75340048,-91.2755898
6,10560002,Skunk River near Augusta,03/02/2016 09:30:00,AMBIENT,NIT-KJELD,Kjeldahl nitrogen (AS N),Total,,0.8,mg/l,True,0.1,,,LAC10-107-06-2E,UHL001,Actual,SW,Water,,,Lee,07080107,River/Stream,,40.75340048,-91.2755898
6,10560002,Skunk River near Augusta,03/02/2016 09:30:00,AMBIENT,14265-44-2,Orthophosphate (AS P),Dissolved,,0.14,mg/l,True,0.02,,,LAC10-115-01-1A,UHL001,Actual,SW,Water,,,Lee,07080107,River/Stream,,40.75340048,-91.2755898
6,10560002,Skunk River near Augusta,03/02/2016 09:30:00,AMBIENT,PHOSP-PHOSP,Phosphate-phosphorus (AS P),Total,,0.3,mg/l,True,0.02,,,LAC10-115-01-1D,UHL001,Actual,SW,Water,,,Lee,07080107,River/Stream,,40.75340048,-91.2755898
6,10560002,Skunk River near Augusta,04/07/2016 08:30:00,AMBIENT,TEMP-WATER,"Temperature, water",Total,,10.5,deg C,True,,,,2550,,Actual,SW,Water,,,Lee,07080107,River/Stream,,40.75340048,-91.2755898
6,10560002,Skunk River near Augusta,04/07/2016 08:30:00,AMBIENT,PH,pH,Total,,8.3,None,True,,,,4500-H,,Actual,SW,Water,,,Lee,07080107,River/Stream,,40.75340048,-91.2755898
6,10560002,Skunk River near Augusta,04/07/2016 08:30:00,AMBIENT,7782-44-7,Dissolved oxygen (DO),Total,,11,mg/l,True,,,,D888(C),,Actual,SW,Water,,,Lee,07080107,River/Stream,,40.75340048,-91.2755898
6,10560002,Skunk River near Augusta,04/07/2016 08:30:00,AMBIENT,TVSS,Volatile Suspended Solids,NonFilt,,8,mg/l,True,1,,,160.4,UHL001,Actual,SW,Water,,,Lee,07080107,River/Stream,,40.75340048,-91.2755898
6,10560002,Skunk River near Augusta,04/07/2016 08:30:00,AMBIENT,TURB,Turbidity,Total,,26,NTU,True,1,,,2130-B,UHL001,Actual,SW,Water,,,Lee,07080107,River/Stream,,40.75340048,-91.2755898
6,10560002,Skunk River near Augusta,04/07/2016 08:30:00,AMBIENT,HARD-CARB,"Hardness, carbonate",Total,,300,mg/l,True,1,,,2340C,UHL001,Actual,SW,Water,,,Lee,07080107,River/Stream,,40.75340048,-91.2755898
6,10560002,Skunk River near Augusta,04/07/2016 08:30:00,AMBIENT,TDS,Total dissolved solids,Dissolved,,360,mg/l,True,1,,,2540-C,UHL001,Actual,SW,Water,,,Lee,07080107,River/Stream,,40.75340048,-91.2755898
6,10560002,Skunk River near Augusta,04/07/2016 08:30:00,AMBIENT,14808-79-8,Sulfate (AS SO4),Total,,30,mg/l,True,1,,,300.0,UHL001,Actual,SW,Water,,,Lee,07080107,River/Stream,,40.75340048,-91.2755898
6,10560002,Skunk River near Augusta,04/07/2016 08:30:00,AMBIENT,16887-00-6,Chloride,Total,,21,mg/l,True,1,,,300.0,UHL001,Actual,SW,Water,,,Lee,07080107,River/Stream,,40.75340048,-91.2755898
6,10560002,Skunk River near Augusta,04/07/2016 08:30:00,AMBIENT,CLR-A-FREE,"Chlorophyll a, free of pheophytin",NonFilt,,18,ug/l,True,1,,,445,UHL001,Actual,SW,Water,,,Lee,07080107,River/Stream,,40.75340048,-91.2755898
6,10560002,Skunk River near Augusta,04/07/2016 08:30:00,AMBIENT,CBOD-SC,"Carbonaceous biochemical oxygen demand, standard conditions",Total,,2,mg/l,False,2,,,5210-B,UHL001,Actual,SW,Water,,,Lee,07080107,River/Stream,,40.75340048,-91.2755898
6,10560002,Skunk River near Augusta,04/07/2016 08:30:00,AMBIENT,68583-22-2,Escherichia coli,Total,,41,MPN/100ml,True,10,,,9223-B,UHL001,Actual,SW,Water,,,Lee,07080107,River/Stream,,40.75340048,-91.2755898
6,10560002,Skunk River near Augusta,04/07/2016 08:30:00,AMBIENT,TSS,Total suspended solids,NonFilt,,56,mg/l,True,1,,,I3765,UHL001,Actual,SW,Water,,,Lee,07080107,River/Stream,,40.75340048,-91.2755898
6,10560002,Skunk River near Augusta,04/07/2016 08:30:00,AMBIENT,NIT-NO3-NO2,Inorganic nitrogen (nitrate and nitrite) (AS N),Total,,6.5,mg/l,True,0.1,,,LAC10-107-04-1J,UHL001,Actual,SW,Water,,,Lee,07080107,River/Stream,,40.75340048,-91.2755898
6,10560002,Skunk River near Augusta,04/07/2016 08:30:00,AMBIENT,NIT-AMM,Ammonia-nitrogen (AS N),Total,,0.05,mg/l,False,0.05,,,LAC10-107-06-1J,UHL001,Actual,SW,Water,,,Lee,07080107,River/Stream,,40.75340048,-91.2755898
6,10560002,Skunk River near Augusta,04/07/2016 08:30:00,AMBIENT,NIT-KJELD,Kjeldahl nitrogen (AS N),Total,,0.6,mg/l,True,0.1,,,LAC10-107-06-2E,UHL001,Actual,SW,Water,,,Lee,07080107,River/Stream,,40.75340048,-91.2755898
6,10560002,Skunk River near Augusta,04/07/2016 08:30:00,AMBIENT,14265-44-2,Orthophosphate (AS P),Dissolved,,0.09,mg/l,True,0.02,,,LAC10-115-01-1A,UHL001,Actual,SW,Water,,,Lee,07080107,River/Stream,,40.75340048,-91.2755898
6,10560002,Skunk River near Augusta,04/07/2016 08:30:00,AMBIENT,PHOSP-PHOSP,Phosphate-phosphorus (AS P),Total,,0.17,mg/l,True,0.02,,,LAC10-115-01-1D,UHL001,Actual,SW,Water,,,Lee,07080107,River/Stream,,40.75340048,-91.2755898
6,10560002,Skunk River near Augusta,05/03/2016 10:30:00,AMBIENT,TEMP-WATER,"Temperature, water",Total,,12.3,deg C,True,,,,2550,,Actual,SW,Water,,,Lee,07080107,River/Stream,,40.75340048,-91.2755898
6,10560002,Skunk River near Augusta,05/03/2016 10:30:00,AMBIENT,PH,pH,Total,,8.1,None,True,,,,4500-H,,Actual,SW,Water,,,Lee,07080107,River/Stream,,40.75340048,-91.2755898
6,10560002,Skunk River near Augusta,05/03/2016 10:30:00,AMBIENT,7782-44-7,Dissolved oxygen (DO),Total,,9.4,mg/l,True,,,,D888(C),,Actual,SW,Water,,,Lee,07080107,River/Stream,,40.75340048,-91.2755898
6,10560002,Skunk River near Augusta,05/03/2016 10:30:00,AMBIENT,TVSS,Volatile Suspended Solids,NonFilt,,60,mg/l,True,1,,,160.4,UHL001,Actual,SW,Water,,,Lee,07080107,River/Stream,,40.75340048,-91.2755898
6,10560002,Skunk River near Augusta,05/03/2016 10:30:00,AMBIENT,TURB,Turbidity,Total,,250,NTU,True,1,,,2130-B,UHL001,Actual,SW,Water,,,Lee,07080107,River/Stream,,40.75340048,-91.2755898
6,10560002,Skunk River near Augusta,05/03/2016 10:30:00,AMBIENT,HARD-CARB,"Hardness, carbonate",Total,,230,mg/l,True,1,,,2340C,UHL001,Actual,SW,Water,,,Lee,07080107,River/Stream,,40.75340048,-91.2755898
6,10560002,Skunk River near Augusta,05/03/2016 10:30:00,AMBIENT,TDS,Total dissolved solids,Dissolved,,300,mg/l,True,1,,,2540-C,UHL001,Actual,SW,Water,,,Lee,07080107,River/Stream,,40.75340048,-91.2755898
6,10560002,Skunk River near Augusta,05/03/2016 10:30:00,AMBIENT,14808-79-8,Sulfate (AS SO4),Total,,22,mg/l,True,1,,,300.0,UHL001,Actual,SW,Water,,,Lee,07080107,River/Stream,,40.75340048,-91.2755898
6,10560002,Skunk River near Augusta,05/03/2016 10:30:00,AMBIENT,16887-00-6,Chloride,Total,,19,mg/l,True,1,,,300.0,UHL001,Actual,SW,Water,,,Lee,07080107,River/Stream,,40.75340048,-91.2755898
6,10560002,Skunk River near Augusta,05/03/2016 10:30:00,AMBIENT,CLR-A-FREE,"Chlorophyll a, free of pheophytin",NonFilt,,38,ug/l,True,1,,,445,UHL001,Actual,SW,Water,,,Lee,07080107,River/Stream,,40.75340048,-91.2755898
6,10560002,Skunk River near Augusta,05/03/2016 10:30:00,AMBIENT,CBOD-SC,"Carbonaceous biochemical oxygen demand, standard conditions",Total,,2,mg/l,True,2,,,5210-B,UHL001,Actual,SW,Water,,,Lee,07080107,River/Stream,,40.75340048,-91.2755898
6,10560002,Skunk River near Augusta,05/03/2016 10:30:00,AMBIENT,68583-22-2,Escherichia coli,Total,,9200,MPN/100ml,True,10,,,9223-B,UHL001,Actual,SW,Water,,,Lee,07080107,River/Stream,,40.75340048,-91.2755898
6,10560002,Skunk River near Augusta,05/03/2016 10:30:00,AMBIENT,TSS,Total suspended solids,NonFilt,,560,mg/l,True,1,,,I3765,UHL001,Actual,SW,Water,,,Lee,07080107,River/Stream,,40.75340048,-91.2755898
6,10560002,Skunk River near Augusta,05/03/2016 10:30:00,AMBIENT,NIT-NO3-NO2,Inorganic nitrogen (nitrate and nitrite) (AS N),Total,,8.9,mg/l,True,0.1,,,LAC10-107-04-1J,UHL001,Actual,SW,Water,,,Lee,07080107,River/Stream,,40.75340048,-91.2755898
6,10560002,Skunk River near Augusta,05/03/2016 10:30:00,AMBIENT,NIT-AMM,Ammonia-nitrogen (AS N),Total,,0.23,mg/l,True,0.05,,,LAC10-107-06-1J,UHL001,Actual,SW,Water,,,Lee,07080107,River/Stream,,40.75340048,-91.2755898
6,10560002,Skunk River near Augusta,05/03/2016 10:30:00,AMBIENT,NIT-KJELD,Kjeldahl nitrogen (AS N),Total,,1.6,mg/l,True,0.1,,,LAC10-107-06-2E,UHL001,Actual,SW,Water,,,Lee,07080107,River/Stream,,40.75340048,-91.2755898
6,10560002,Skunk River near Augusta,05/03/2016 10:30:00,AMBIENT,14265-44-2,Orthophosphate (AS P),Dissolved,,0.12,mg/l,True,0.02,,,LAC10-115-01-1A,UHL001,Actual,SW,Water,,,Lee,07080107,River/Stream,,40.75340048,-91.2755898
6,10560002,Skunk River near Augusta,05/03/2016 10:30:00,AMBIENT,PHOSP-PHOSP,Phosphate-phosphorus (AS P),Total,,0.62,mg/l,True,0.1,,,LAC10-115-01-1C,UHL001,Actual,SW,Water,,Corrected 1/30/17- openElis had 12mg/L,Lee,07080107,River/Stream,,40.75340048,-91.2755898
6,10560002,Skunk River near Augusta,06/06/2016 10:25:00,AMBIENT,TEMP-WATER,"Temperature, water",Total,,23.6,deg C,True,,,,2550,,Actual,SW,Water,,,Lee,07080107,River/Stream,,40.75340048,-91.2755898
6,10560002,Skunk River near Augusta,06/06/2016 10:25:00,AMBIENT,PH,pH,Total,,8.3,None,True,,,,4500-H,,Actual,SW,Water,,,Lee,07080107,River/Stream,,40.75340048,-91.2755898
6,10560002,Skunk River near Augusta,06/06/2016 10:25:00,AMBIENT,7782-44-7,Dissolved oxygen (DO),Total,,7.8,mg/l,True,,,,D888(C),,Actual,SW,Water,,,Lee,07080107,River/Stream,,40.75340048,-91.2755898
6,10560002,Skunk River near Augusta,06/06/2016 10:25:00,AMBIENT,TVSS,Volatile Suspended Solids,NonFilt,,40,mg/l,True,1,,,160.4,UHL001,Actual,SW,Water,,,Lee,07080107,River/Stream,,40.75340048,-91.2755898
6,10560002,Skunk River near Augusta,06/06/2016 10:25:00,AMBIENT,7439-95-4,Magnesium,Total,,27,mg/l,True,0.5,,,200.7(W),UHL001,Actual,SW,Water,,,Lee,07080107,River/Stream,,40.75340048,-91.2755898
6,10560002,Skunk River near Augusta,06/06/2016 10:25:00,AMBIENT,7440-09-7,Potassium,Total,,2.4,mg/l,True,1,,,200.7(W),UHL001,Actual,SW,Water,,,Lee,07080107,River/Stream,,40.75340048,-91.2755898
6,10560002,Skunk River near Augusta,06/06/2016 10:25:00,AMBIENT,7440-23-5,Sodium,Total,,8.6,mg/l,True,0.5,,,200.7(W),UHL001,Actual,SW,Water,,,Lee,07080107,River/Stream,,40.75340048,-91.2755898
6,10560002,Skunk River near Augusta,06/06/2016 10:25:00,AMBIENT,7440-70-2,Calcium,Total,,87,mg/l,True,1,,,200.7(W),UHL001,Actual,SW,Water,,,Lee,07080107,River/Stream,,40.75340048,-91.2755898
6,10560002,Skunk River near Augusta,06/06/2016 10:25:00,AMBIENT,TURB,Turbidity,Total,,120,NTU,True,1,,,2130-B,UHL001,Actual,SW,Water,,,Lee,07080107,River/Stream,,40.75340048,-91.2755898
6,10560002,Skunk River near Augusta,06/06/2016 10:25:00,AMBIENT,ALK-TOT,"Alkalinity, total",Total,,230,mg/l CaCO3,True,1,,,2320-B,UHL001,Actual,SW,Water,,,Lee,07080107,River/Stream,,40.75340048,-91.2755898
6,10560002,Skunk River near Augusta,06/06/2016 10:25:00,AMBIENT,HARD-CARB,"Hardness, carbonate",Total,,310,mg/l,True,1,,,2340C,UHL001,Actual,SW,Water,,,Lee,07080107,River/Stream,,40.75340048,-91.2755898
6,10560002,Skunk River near Augusta,06/06/2016 10:25:00,AMBIENT,TDS,Total dissolved solids,Dissolved,,400,mg/l,True,1,,,2540-C,UHL001,Actual,SW,Water,,,Lee,07080107,River/Stream,,40.75340048,-91.2755898
6,10560002,Skunk River near Augusta,06/06/2016 10:25:00,AMBIENT,14808-79-8,Sulfate (AS SO4),Total,,24,mg/l,True,1,,,300.0,UHL001,Actual,SW,Water,,,Lee,07080107,River/Stream,,40.75340048,-91.2755898
6,10560002,Skunk River near Augusta,06/06/2016 10:25:00,AMBIENT,16887-00-6,Chloride,Total,,21,mg/l,True,1,,,300.0,UHL001,Actual,SW,Water,,,Lee,07080107,River/Stream,,40.75340048,-91.2755898
6,10560002,Skunk River near Augusta,06/06/2016 10:25:00,AMBIENT,CLR-A-FREE,"Chlorophyll a, free of pheophytin",NonFilt,,8,ug/l,True,1,,,445,UHL001,Actual,SW,Water,,,Lee,07080107,River/Stream,,40.75340048,-91.2755898
6,10560002,Skunk River near Augusta,06/06/2016 10:25:00,AMBIENT,CBOD-SC,"Carbonaceous biochemical oxygen demand, standard conditions",Total,,2,mg/l,False,2,,,5210-B,UHL001,Actual,SW,Water,,,Lee,07080107,River/Stream,,40.75340048,-91.2755898
6,10560002,Skunk River near Augusta,06/06/2016 10:25:00,AMBIENT,ORG-CARB,Organic Carbon,Dissolved,,2.7,mg/l,True,0.5,,,5310-B,UHL001,Actual,SW,Water,,,Lee,07080107,River/Stream,,40.75340048,-91.2755898
6,10560002,Skunk River near Augusta,06/06/2016 10:25:00,AMBIENT,68583-22-2,Escherichia coli,Total,,250,MPN/100ml,True,10,,,9223-B,UHL001,Actual,SW,Water,,,Lee,07080107,River/Stream,,40.75340048,-91.2755898
6,10560002,Skunk River near Augusta,06/06/2016 10:25:00,AMBIENT,TSS,Total suspended solids,NonFilt,,250,mg/l,True,1,,,I3765,UHL001,Actual,SW,Water,,,Lee,07080107,River/Stream,,40.75340048,-91.2755898
6,10560002,Skunk River near Augusta,06/06/2016 10:25:00,AMBIENT,NIT-NO3-NO2,Inorganic nitrogen (nitrate and nitrite) (AS N),Total,,12,mg/l,True,1,,,LAC10-107-04-1J,UHL001,Actual,SW,Water,,,Lee,07080107,River/Stream,,40.75340048,-91.2755898
6,10560002,Skunk River near Augusta,06/06/2016 10:25:00,AMBIENT,NIT-AMM,Ammonia-nitrogen (AS N),Total,,0.05,mg/l,False,0.05,,,LAC10-107-06-1J,UHL001,Actual,SW,Water,,,Lee,07080107,River/Stream,,40.75340048,-91.2755898
6,10560002,Skunk River near Augusta,06/06/2016 10:25:00,AMBIENT,NIT-KJELD,Kjeldahl nitrogen (AS N),Total,,0.9,mg/l,True,0.1,,,LAC10-107-06-2E,UHL001,Actual,SW,Water,,,Lee,07080107,River/Stream,,40.75340048,-91.2755898
6,10560002,Skunk River near Augusta,06/06/2016 10:25:00,AMBIENT,14265-44-2,Orthophosphate (AS P),Dissolved,,0.17,mg/l,True,0.02,,,LAC10-115-01-1A,UHL001,Actual,SW,Water,,,Lee,07080107,River/Stream,,40.75340048,-91.2755898
6,10560002,Skunk River near Augusta,06/06/2016 10:25:00,AMBIENT,PHOSP-PHOSP,Phosphate-phosphorus (AS P),Total,,0.38,mg/l,True,0.02,,,LAC10-115-01-1D,UHL001,Actual,SW,Water,,,Lee,07080107,River/Stream,,40.75340048,-91.2755898
6,10560002,Skunk River near Augusta,07/05/2016 10:25:00,AMBIENT,TEMP-WATER,"Temperature, water",Total,,23.8,deg C,True,,,,2550,,Actual,SW,Water,,,Lee,07080107,River/Stream,,40.75340048,-91.2755898
6,10560002,Skunk River near Augusta,07/05/2016 10:25:00,AMBIENT,PH,pH,Total,,9,None,True,,,,4500-H,,Actual,SW,Water,,,Lee,07080107,River/Stream,,40.75340048,-91.2755898
6,10560002,Skunk River near Augusta,07/05/2016 10:25:00,AMBIENT,7782-44-7,Dissolved oxygen (DO),Total,,11.3,mg/l,True,,,,D888(C),,Actual,SW,Water,,,Lee,07080107,River/Stream,,40.75340048,-91.2755898
6,10560002,Skunk River near Augusta,07/05/2016 10:25:00,AMBIENT,TVSS,Volatile Suspended Solids,NonFilt,,22,mg/l,True,1,,,160.4,UHL001,Actual,SW,Water,,,Lee,07080107,River/Stream,,40.75340048,-91.2755898
6,10560002,Skunk River near Augusta,07/05/2016 10:25:00,AMBIENT,7439-95-4,Magnesium,Total,,25,mg/l,True,0.5,,,200.7(W),UHL001,Actual,SW,Water,,,Lee,07080107,River/Stream,,40.75340048,-91.2755898
6,10560002,Skunk River near Augusta,07/05/2016 10:25:00,AMBIENT,7440-09-7,Potassium,Total,,2.2,mg/l,True,1,,,200.7(W),UHL001,Actual,SW,Water,,,Lee,07080107,River/Stream,,40.75340048,-91.2755898
6,10560002,Skunk River near Augusta,07/05/2016 10:25:00,AMBIENT,7440-23-5,Sodium,Total,,12,mg/l,True,0.5,,,200.7(W),UHL001,Actual,SW,Water,,,Lee,07080107,River/Stream,,40.75340048,-91.2755898
6,10560002,Skunk River near Augusta,07/05/2016 10:25:00,AMBIENT,7440-70-2,Calcium,Total,,53,mg/l,True,1,,,200.7(W),UHL001,Actual,SW,Water,,,Lee,07080107,River/Stream,,40.75340048,-91.2755898
6,10560002,Skunk River near Augusta,07/05/2016 10:25:00,AMBIENT,TURB,Turbidity,Total,,35,NTU,True,1,,,2130-B,UHL001,Actual,SW,Water,,,Lee,07080107,River/Stream,,40.75340048,-91.2755898
6,10560002,Skunk River near Augusta,07/05/2016 10:25:00,AMBIENT,ALK-TOT,"Alkalinity, total",Total,,170,mg/l CaCO3,True,1,,,2320-B,UHL001,Actual,SW,Water,,,Lee,07080107,River/Stream,,40.75340048,-91.2755898
6,10560002,Skunk River near Augusta,07/05/2016 10:25:00,AMBIENT,HARD-CARB,"Hardness, carbonate",Total,,220,mg/l,True,1,,,2340C,UHL001,Actual,SW,Water,,,Lee,07080107,River/Stream,,40.75340048,-91.2755898
6,10560002,Skunk River near Augusta,07/05/2016 10:25:00,AMBIENT,TDS,Total dissolved solids,Dissolved,,290,mg/l,True,1,,,2540-C,UHL001,Actual,SW,Water,,,Lee,07080107,River/Stream,,40.75340048,-91.2755898
6,10560002,Skunk River near Augusta,07/05/2016 10:25:00,AMBIENT,14808-79-8,Sulfate (AS SO4),Total,,33,mg/l,True,1,,,300.0,UHL001,Actual,SW,Water,,,Lee,07080107,River/Stream,,40.75340048,-91.2755898
6,10560002,Skunk River near Augusta,07/05/2016 10:25:00,AMBIENT,16887-00-6,Chloride,Total,,20,mg/l,True,1,,,300.0,UHL001,Actual,SW,Water,,,Lee,07080107,River/Stream,,40.75340048,-91.2755898
6,10560002,Skunk River near Augusta,07/05/2016 10:25:00,AMBIENT,CLR-A-FREE,"Chlorophyll a, free of pheophytin",NonFilt,,180,ug/l,True,1,,,445,UHL001,Actual,SW,Water,,,Lee,07080107,River/Stream,,40.75340048,-91.2755898
6,10560002,Skunk River near Augusta,07/05/2016 10:25:00,AMBIENT,CBOD-SC,"Carbonaceous biochemical oxygen demand, standard conditions",Total,,2,mg/l,False,2,,,5210-B,UHL001,Actual,SW,Water,,,Lee,07080107,River/Stream,,40.75340048,-91.2755898
6,10560002,Skunk River near Augusta,07/05/2016 10:25:00,AMBIENT,ORG-CARB,Organic Carbon,Dissolved,,2.8,mg/l,True,0.5,,,5310-B,UHL001,Actual,SW,Water,,,Lee,07080107,River/Stream,,40.75340048,-91.2755898
6,10560002,Skunk River near Augusta,07/05/2016 10:25:00,AMBIENT,68583-22-2,Escherichia coli,Total,,75,MPN/100ml,True,10,,,9223-B,UHL001,Actual,SW,Water,,,Lee,07080107,River/Stream,,40.75340048,-91.2755898
6,10560002,Skunk River near Augusta,07/05/2016 10:25:00,AMBIENT,TSS,Total suspended solids,NonFilt,,77,mg/l,True,1,,,I3765,UHL001,Actual,SW,Water,,,Lee,07080107,River/Stream,,40.75340048,-91.2755898
6,10560002,Skunk River near Augusta,07/05/2016 10:25:00,AMBIENT,NIT-NO3-NO2,Inorganic nitrogen (nitrate and nitrite) (AS N),Total,,2.2,mg/l,True,0.1,,,LAC10-107-04-1J,UHL001,Actual,SW,Water,,,Lee,07080107,River/Stream,,40.75340048,-91.2755898
6,10560002,Skunk River near Augusta,07/05/2016 10:25:00,AMBIENT,NIT-AMM,Ammonia-nitrogen (AS N),Total,,0.05,mg/l,False,0.05,,,LAC10-107-06-1J,UHL001,Actual,SW,Water,,,Lee,07080107,River/Stream,,40.75340048,-91.2755898
6,10560002,Skunk River near Augusta,07/05/2016 10:25:00,AMBIENT,NIT-KJELD,Kjeldahl nitrogen (AS N),Total,,1.6,mg/l,True,0.1,,,LAC10-107-06-2E,UHL001,Actual,SW,Water,,,Lee,07080107,River/Stream,,40.75340048,-91.2755898
6,10560002,Skunk River near Augusta,07/05/2016 10:25:00,AMBIENT,14265-44-2,Orthophosphate (AS P),Dissolved,,0.03,mg/l,True,0.02,,,LAC10-115-01-1A,UHL001,Actual,SW,Water,,,Lee,07080107,River/Stream,,40.75340048,-91.2755898
6,10560002,Skunk River near Augusta,07/05/2016 10:25:00,AMBIENT,PHOSP-PHOSP,Phosphate-phosphorus (AS P),Total,,0.18,mg/l,True,0.02,,,LAC10-115-01-1D,UHL001,Actual,SW,Water,,,Lee,07080107,River/Stream,,40.75340048,-91.2755898
6,10560002,Skunk River near Augusta,08/01/2016 09:40:00,AMBIENT,TEMP-WATER,"Temperature, water",Total,,26.3,deg C,True,,,,2550,,Actual,SW,Water,,,Lee,07080107,River/Stream,,40.75340048,-91.2755898
6,10560002,Skunk River near Augusta,08/01/2016 09:40:00,AMBIENT,PH,pH,Total,,8.5,None,True,,,,4500-H,,Actual,SW,Water,,,Lee,07080107,River/Stream,,40.75340048,-91.2755898
6,10560002,Skunk River near Augusta,08/01/2016 09:40:00,AMBIENT,7782-44-7,Dissolved oxygen (DO),Total,,9.6,mg/l,True,,,,D888(C),,Actual,SW,Water,,,Lee,07080107,River/Stream,,40.75340048,-91.2755898
6,10560002,Skunk River near Augusta,08/01/2016 09:40:00,AMBIENT,TVSS,Volatile Suspended Solids,NonFilt,,26,mg/l,True,1,,,160.4,UHL001,Actual,SW,Water,,,Lee,07080107,River/Stream,,40.75340048,-91.2755898
6,10560002,Skunk River near Augusta,08/01/2016 09:40:00,AMBIENT,7439-95-4,Magnesium,Total,,22,mg/l,True,0.5,,,200.7(W),UHL001,Actual,SW,Water,,,Lee,07080107,River/Stream,,40.75340048,-91.2755898
6,10560002,Skunk River near Augusta,08/01/2016 09:40:00,AMBIENT,7440-09-7,Potassium,Total,,3.3,mg/l,True,1,,,200.7(W),UHL001,Actual,SW,Water,,,Lee,07080107,River/Stream,,40.75340048,-91.2755898
6,10560002,Skunk River near Augusta,08/01/2016 09:40:00,AMBIENT,7440-23-5,Sodium,Total,,12,mg/l,True,0.5,,,200.7(W),UHL001,Actual,SW,Water,,,Lee,07080107,River/Stream,,40.75340048,-91.2755898
6,10560002,Skunk River near Augusta,08/01/2016 09:40:00,AMBIENT,7440-70-2,Calcium,Total,,41,mg/l,True,1,,,200.7(W),UHL001,Actual,SW,Water,,,Lee,07080107,River/Stream,,40.75340048,-91.2755898
6,10560002,Skunk River near Augusta,08/01/2016 09:40:00,AMBIENT,TURB,Turbidity,Total,,33,NTU,True,1,,,2130-B,UHL001,Actual,SW,Water,,,Lee,07080107,River/Stream,,40.75340048,-91.2755898
6,10560002,Skunk River near Augusta,08/01/2016 09:40:00,AMBIENT,ALK-TOT,"Alkalinity, total",Total,,140,mg/l CaCO3,True,1,,,2320-B,UHL001,Actual,SW,Water,,,Lee,07080107,River/Stream,,40.75340048,-91.2755898
6,10560002,Skunk River near Augusta,08/01/2016 09:40:00,AMBIENT,HARD-CARB,"Hardness, carbonate",Total,,190,mg/l,True,1,,,2340C,UHL001,Actual,SW,Water,,,Lee,07080107,River/Stream,,40.75340048,-91.2755898
6,10560002,Skunk River near Augusta,08/01/2016 09:40:00,AMBIENT,TDS,Total dissolved solids,Dissolved,,240,mg/l,True,1,,,2540-C,UHL001,Actual,SW,Water,,,Lee,07080107,River/Stream,,40.75340048,-91.2755898
6,10560002,Skunk River near Augusta,08/01/2016 09:40:00,AMBIENT,14808-79-8,Sulfate (AS SO4),Total,,34,mg/l,True,1,,,300.0,UHL001,Actual,SW,Water,,,Lee,07080107,River/Stream,,40.75340048,-91.2755898
6,10560002,Skunk River near Augusta,08/01/2016 09:40:00,AMBIENT,16887-00-6,Chloride,Total,,22,mg/l,True,1,,,300.0,UHL001,Actual,SW,Water,,,Lee,07080107,River/Stream,,40.75340048,-91.2755898
6,10560002,Skunk River near Augusta,08/01/2016 09:40:00,AMBIENT,CLR-A-FREE,"Chlorophyll a, free of pheophytin",NonFilt,,200,ug/l,True,1,,,445,UHL001,Actual,SW,Water,,,Lee,07080107,River/Stream,,40.75340048,-91.2755898
6,10560002,Skunk River near Augusta,08/01/2016 09:40:00,AMBIENT,CBOD-SC,"Carbonaceous biochemical oxygen demand, standard conditions",Total,,6,mg/l,True,2,,,5210-B,UHL001,Actual,SW,Water,,,Lee,07080107,River/Stream,,40.75340048,-91.2755898
6,10560002,Skunk River near Augusta,08/01/2016 09:40:00,AMBIENT,ORG-CARB,Organic Carbon,Dissolved,,3.5,mg/l,True,0.5,,,5310-B,UHL001,Actual,SW,Water,,,Lee,07080107,River/Stream,,40.75340048,-91.2755898
6,10560002,Skunk River near Augusta,08/01/2016 09:40:00,AMBIENT,68583-22-2,Escherichia coli,Total,,52,MPN/100ml,True,10,,,9223-B,UHL001,Actual,SW,Water,,,Lee,07080107,River/Stream,,40.75340048,-91.2755898
6,10560002,Skunk River near Augusta,08/01/2016 09:40:00,AMBIENT,TSS,Total suspended solids,NonFilt,,84,mg/l,True,1,,,I3765,UHL001,Actual,SW,Water,,,Lee,07080107,River/Stream,,40.75340048,-91.2755898
6,10560002,Skunk River near Augusta,08/01/2016 09:40:00,AMBIENT,NIT-NO3-NO2,Inorganic nitrogen (nitrate and nitrite) (AS N),Total,,0.38,mg/l,True,0.1,,,LAC10-107-04-1J,UHL001,Actual,SW,Water,,,Lee,07080107,River/Stream,,40.75340048,-91.2755898
6,10560002,Skunk River near Augusta,08/01/2016 09:40:00,AMBIENT,NIT-AMM,Ammonia-nitrogen (AS N),Total,,0.05,mg/l,False,0.05,,,LAC10-107-06-1J,UHL001,Actual,SW,Water,,,Lee,07080107,River/Stream,,40.75340048,-91.2755898
6,10560002,Skunk River near Augusta,08/01/2016 09:40:00,AMBIENT,NIT-KJELD,Kjeldahl nitrogen (AS N),Total,,1.2,mg/l,True,0.1,,,LAC10-107-06-2E,UHL001,Actual,SW,Water,,,Lee,07080107,River/Stream,,40.75340048,-91.2755898
6,10560002,Skunk River near Augusta,08/01/2016 09:40:00,AMBIENT,14265-44-2,Orthophosphate (AS P),Dissolved,,0.02,mg/l,True,0.02,,,LAC10-115-01-1A,UHL001,Actual,SW,Water,,,Lee,07080107,River/Stream,,40.75340048,-91.2755898
6,10560002,Skunk River near Augusta,08/01/2016 09:40:00,AMBIENT,PHOSP-PHOSP,Phosphate-phosphorus (AS P),Total,,0.25,mg/l,True,0.02,,,LAC10-115-01-1D,UHL001,Actual,SW,Water,,,Lee,07080107,River/Stream,,40.75340048,-91.2755898
6,10560002,Skunk River near Augusta,10/05/2015 10:20:00,AMBIENT,FLOW,Flow,Total,,2710,cfs,True,,,,USGS CA8,,Actual,SW,Water,,,Lee,07080107,River/Stream,,40.75340048,-91.2755898
6,10560002,Skunk River near Augusta,11/03/2015 10:10:00,AMBIENT,FLOW,Flow,Total,,2340,cfs,True,,,,USGS CA8,,Actual,SW,Water,,,Lee,07080107,River/Stream,,40.75340048,-91.2755898
6,10560002,Skunk River near Augusta,12/02/2015 12:10:00,AMBIENT,FLOW,Flow,Total,,17300,cfs,True,,,,USGS CA8,,Actual,SW,Water,,,Lee,07080107,River/Stream,,40.75340048,-91.2755898
6,10560002,Skunk River near Augusta,09/08/2016 12:10:00,AMBIENT,TEMP-WATER,"Temperature, water",Total,,26.5,deg C,True,,,,2550,,Actual,SW,Water,,,Lee,07080107,River/Stream,,40.75340048,-91.2755898
6,10560002,Skunk River near Augusta,09/08/2016 12:10:00,AMBIENT,PH,pH,Total,,8.2,None,True,,,,4500-H,,Actual,SW,Water,,,Lee,07080107,River/Stream,,40.75340048,-91.2755898
6,10560002,Skunk River near Augusta,09/08/2016 12:10:00,AMBIENT,7782-44-7,Dissolved oxygen (DO),Total,,6.4,mg/l,True,,,,D888(C),,Actual,SW,Water,,,Lee,07080107,River/Stream,,40.75340048,-91.2755898
6,10560002,Skunk River near Augusta,09/08/2016 12:10:00,AMBIENT,TVSS,Volatile Suspended Solids,NonFilt,,66,mg/l,True,1,,,160.4,UHL001,Actual,SW,Water,,,Lee,07080107,River/Stream,,40.75340048,-91.2755898
6,10560002,Skunk River near Augusta,09/08/2016 12:10:00,AMBIENT,7439-95-4,Magnesium,Total,,21,mg/l,True,0.5,,,200.7(W),UHL001,Actual,SW,Water,,,Lee,07080107,River/Stream,,40.75340048,-91.2755898
6,10560002,Skunk River near Augusta,09/08/2016 12:10:00,AMBIENT,7440-09-7,Potassium,Total,,5.6,mg/l,True,1,,,200.7(W),UHL001,Actual,SW,Water,,,Lee,07080107,River/Stream,,40.75340048,-91.2755898
6,10560002,Skunk River near Augusta,09/08/2016 12:10:00,AMBIENT,7440-23-5,Sodium,Total,,9.2,mg/l,True,0.5,,,200.7(W),UHL001,Actual,SW,Water,,,Lee,07080107,River/Stream,,40.75340048,-91.2755898
6,10560002,Skunk River near Augusta,09/08/2016 12:10:00,AMBIENT,7440-70-2,Calcium,Total,,62,mg/l,True,1,,,200.7(W),UHL001,Actual,SW,Water,,,Lee,07080107,River/Stream,,40.75340048,-91.2755898
6,10560002,Skunk River near Augusta,09/08/2016 12:10:00,AMBIENT,TURB,Turbidity,Total,,180,NTU,True,1,,,2130-B,UHL001,Actual,SW,Water,,,Lee,07080107,River/Stream,,40.75340048,-91.2755898
6,10560002,Skunk River near Augusta,09/08/2016 12:10:00,AMBIENT,ALK-TOT,"Alkalinity, total",Total,,180,mg/l CaCO3,True,1,,,2320-B,UHL001,Actual,SW,Water,,,Lee,07080107,River/Stream,,40.75340048,-91.2755898
6,10560002,Skunk River near Augusta,09/08/2016 12:10:00,AMBIENT,HARD-CARB,"Hardness, carbonate",Total,,220,mg/l,True,1,,,2340C,UHL001,Actual,SW,Water,,,Lee,07080107,River/Stream,,40.75340048,-91.2755898
6,10560002,Skunk River near Augusta,09/08/2016 12:10:00,AMBIENT,TDS,Total dissolved solids,Dissolved,,310,mg/l,True,1,,,2540-C,UHL001,Actual,SW,Water,,,Lee,07080107,River/Stream,,40.75340048,-91.2755898
6,10560002,Skunk River near Augusta,09/08/2016 12:10:00,AMBIENT,14808-79-8,Sulfate (AS SO4),Total,,26,mg/l,True,1,,,300.0,UHL001,Actual,SW,Water,,,Lee,07080107,River/Stream,,40.75340048,-91.2755898
6,10560002,Skunk River near Augusta,09/08/2016 12:10:00,AMBIENT,16887-00-6,Chloride,Total,,16,mg/l,True,1,,,300.0,UHL001,Actual,SW,Water,,,Lee,07080107,River/Stream,,40.75340048,-91.2755898
6,10560002,Skunk River near Augusta,09/08/2016 12:10:00,AMBIENT,CLR-A-FREE,"Chlorophyll a, free of pheophytin",NonFilt,,90,ug/l,True,1,,,445,UHL001,Actual,SW,Water,,,Lee,07080107,River/Stream,,40.75340048,-91.2755898
6,10560002,Skunk River near Augusta,09/08/2016 12:10:00,AMBIENT,CBOD-SC,"Carbonaceous biochemical oxygen demand, standard conditions",Total,,4,mg/l,True,2,,,5210-B,UHL001,Actual,SW,Water,,,Lee,07080107,River/Stream,,40.75340048,-91.2755898
6,10560002,Skunk River near Augusta,09/08/2016 12:10:00,AMBIENT,ORG-CARB,Organic Carbon,Dissolved,,4.1,mg/l,True,0.5,,,5310-B,UHL001,Actual,SW,Water,,,Lee,07080107,River/Stream,,40.75340048,-91.2755898
6,10560002,Skunk River near Augusta,09/08/2016 12:10:00,AMBIENT,68583-22-2,Escherichia coli,Total,,11000,MPN/100ml,True,10,,,9223-B,UHL001,Actual,SW,Water,,,Lee,07080107,River/Stream,,40.75340048,-91.2755898
6,10560002,Skunk River near Augusta,09/08/2016 12:10:00,AMBIENT,TSS,Total suspended solids,NonFilt,,490,mg/l,True,1,,,I3765,UHL001,Actual,SW,Water,,,Lee,07080107,River/Stream,,40.75340048,-91.2755898
6,10560002,Skunk River near Augusta,09/08/2016 12:10:00,AMBIENT,NIT-NO3-NO2,Inorganic nitrogen (nitrate and nitrite) (AS N),Total,,1.7,mg/l,True,0.1,,,LAC10-107-04-1J,UHL001,Actual,SW,Water,,,Lee,07080107,River/Stream,,40.75340048,-91.2755898
6,10560002,Skunk River near Augusta,09/08/2016 12:10:00,AMBIENT,NIT-AMM,Ammonia-nitrogen (AS N),Total,,0.05,mg/l,False,0.05,,,LAC10-107-06-1J,UHL001,Actual,SW,Water,,,Lee,07080107,River/Stream,,40.75340048,-91.2755898
6,10560002,Skunk River near Augusta,09/08/2016 12:10:00,AMBIENT,NIT-KJELD,Kjeldahl nitrogen (AS N),Total,,0.7,mg/l,True,0.1,,,LAC10-107-06-2E,UHL001,Actual,SW,Water,,,Lee,07080107,River/Stream,,40.75340048,-91.2755898
6,10560002,Skunk River near Augusta,09/08/2016 12:10:00,AMBIENT,14265-44-2,Orthophosphate (AS P),Dissolved,,0.13,mg/l,True,0.02,,,LAC10-115-01-1A,UHL001,Actual,SW,Water,,,Lee,07080107,River/Stream,,40.75340048,-91.2755898
6,10560002,Skunk River near Augusta,09/08/2016 12:10:00,AMBIENT,PHOSP-PHOSP,Phosphate-phosphorus (AS P),Total,,0.56,mg/l,True,0.1,,,LAC10-115-01-1C,UHL001,Actual,SW,Water,,,Lee,07080107,River/Stream,,40.75340048,-91.2755898
6,10560002,Skunk River near Augusta,01/04/2016 09:40:00,AMBFLOW,FLOW,Flow,Total,,6470,cfs,True,,,,USGS CA8,USGS-DG,Actual,SW,Water,,,Lee,07080107,River/Stream,,40.75340048,-91.2755898
6,10560002,Skunk River near Augusta,03/02/2016 09:30:00,AMBFLOW,FLOW,Flow,Total,,4010,cfs,True,,,,USGS CA8,USGS-DG,Actual,SW,Water,,,Lee,07080107,River/Stream,,40.75340048,-91.2755898
6,10560002,Skunk River near Augusta,04/07/2016 08:30:00,AMBFLOW,FLOW,Flow,Total,,3280,cfs,True,,,,USGS CA8,USGS-DG,Actual,SW,Water,,,Lee,07080107,River/Stream,,40.75340048,-91.2755898
6,10560002,Skunk River near Augusta,05/03/2016 10:30:00,AMBFLOW,FLOW,Flow,Total,,6630,cfs,True,,,,USGS CA8,USGS-DG,Actual,SW,Water,,,Lee,07080107,River/Stream,,40.75340048,-91.2755898
6,10560002,Skunk River near Augusta,06/06/2016 10:25:00,AMBFLOW,FLOW,Flow,Total,,3640,cfs,True,,,,USGS CA8,USGS-DG,Actual,SW,Water,,,Lee,07080107,River/Stream,,40.75340048,-91.2755898
6,10560002,Skunk River near Augusta,07/05/2016 10:25:00,AMBFLOW,FLOW,Flow,Total,,856,cfs,True,,,,USGS CA8,USGS-DG,Actual,SW,Water,,,Lee,07080107,River/Stream,,40.75340048,-91.2755898
6,10560002,Skunk River near Augusta,08/01/2016 09:40:00,AMBFLOW,FLOW,Flow,Total,,806,cfs,True,,,,USGS CA8,USGS-DG,Actual,SW,Water,,,Lee,07080107,River/Stream,,40.75340048,-91.2755898
6,10560002,Skunk River near Augusta,10/05/2016 09:50:00,AMBIENT,TEMP-WATER,"Temperature, water",Total,,18.2,deg C,True,,,,2550,,Actual,SW,Water,,,Lee,07080107,River/Stream,,40.75340048,-91.2755898
6,10560002,Skunk River near Augusta,10/05/2016 09:50:00,AMBIENT,PH,pH,Total,,8.4,None,True,,,,4500-H,,Actual,SW,Water,,,Lee,07080107,River/Stream,,40.75340048,-91.2755898
6,10560002,Skunk River near Augusta,10/05/2016 09:50:00,AMBIENT,7782-44-7,Dissolved oxygen (DO),Total,,8.8,mg/l,True,,,,D888(C),,Actual,SW,Water,,,Lee,07080107,River/Stream,,40.75340048,-91.2755898
6,10560002,Skunk River near Augusta,10/05/2016 09:50:00,AMBIENT,TVSS,Volatile Suspended Solids,NonFilt,,21,mg/l,True,1,,,160.4,UHL001,Actual,SW,Water,,,Lee,07080107,River/Stream,,40.75340048,-91.2755898
6,10560002,Skunk River near Augusta,10/05/2016 09:50:00,AMBIENT,7439-95-4,Magnesium,Total,,29,mg/l,True,0.5,,,200.7(W),UHL001,Actual,SW,Water,,,Lee,07080107,River/Stream,,40.75340048,-91.2755898
6,10560002,Skunk River near Augusta,10/05/2016 09:50:00,AMBIENT,7440-09-7,Potassium,Total,,4,mg/l,True,1,,,200.7(W),UHL001,Actual,SW,Water,,,Lee,07080107,River/Stream,,40.75340048,-91.2755898
6,10560002,Skunk River near Augusta,10/05/2016 09:50:00,AMBIENT,7440-23-5,Sodium,Total,,8.6,mg/l,True,0.5,,,200.7(W),UHL001,Actual,SW,Water,,,Lee,07080107,River/Stream,,40.75340048,-91.2755898
6,10560002,Skunk River near Augusta,10/05/2016 09:50:00,AMBIENT,7440-70-2,Calcium,Total,,100,mg/l,True,1,,,200.7(W),UHL001,Actual,SW,Water,,,Lee,07080107,River/Stream,,40.75340048,-91.2755898
6,10560002,Skunk River near Augusta,10/05/2016 09:50:00,AMBIENT,TURB,Turbidity,Total,,92,NTU,True,1,,,2130-B,UHL001,Actual,SW,Water,,,Lee,07080107,River/Stream,,40.75340048,-91.2755898
6,10560002,Skunk River near Augusta,10/05/2016 09:50:00,AMBIENT,ALK-TOT,"Alkalinity, total",Total,,290,mg/l CaCO3,True,1,,,2320-B,UHL001,Actual,SW,Water,,,Lee,07080107,River/Stream,,40.75340048,-91.2755898
6,10560002,Skunk River near Augusta,10/05/2016 09:50:00,AMBIENT,HARD-CARB,"Hardness, carbonate",Total,,350,mg/l,True,1,,,2340C,UHL001,Actual,SW,Water,,,Lee,07080107,River/Stream,,40.75340048,-91.2755898
6,10560002,Skunk River near Augusta,10/05/2016 09:50:00,AMBIENT,TDS,Total dissolved solids,Dissolved,,430,mg/l,True,1,,,2540-C,UHL001,Actual,SW,Water,,,Lee,07080107,River/Stream,,40.75340048,-91.2755898
6,10560002,Skunk River near Augusta,10/05/2016 09:50:00,AMBIENT,14808-79-8,Sulfate (AS SO4),Total,,21,mg/l,True,1,,,300.0,UHL001,Actual,SW,Water,,,Lee,07080107,River/Stream,,40.75340048,-91.2755898
6,10560002,Skunk River near Augusta,10/05/2016 09:50:00,AMBIENT,16887-00-6,Chloride,Total,,18,mg/l,True,1,,,300.0,UHL001,Actual,SW,Water,,,Lee,07080107,River/Stream,,40.75340048,-91.2755898
6,10560002,Skunk River near Augusta,10/05/2016 09:50:00,AMBIENT,CLR-A-FREE,"Chlorophyll a, free of pheophytin",NonFilt,,5,ug/l,True,1,,,445,UHL001,Actual,SW,Water,,,Lee,07080107,River/Stream,,40.75340048,-91.2755898
6,10560002,Skunk River near Augusta,10/05/2016 09:50:00,AMBIENT,CBOD-SC,"Carbonaceous biochemical oxygen demand, standard conditions",Total,,2,mg/l,False,2,,,5210-B,UHL001,Actual,SW,Water,,,Lee,07080107,River/Stream,,40.75340048,-91.2755898
6,10560002,Skunk River near Augusta,10/05/2016 09:50:00,AMBIENT,ORG-CARB,Organic Carbon,Dissolved,,3.8,mg/l,True,0.5,,,5310-B,UHL001,Actual,SW,Water,,,Lee,07080107,River/Stream,,40.75340048,-91.2755898
6,10560002,Skunk River near Augusta,10/05/2016 09:50:00,AMBIENT,68583-22-2,Escherichia coli,Total,,98,MPN/100ml,True,10,,,9223-B,UHL001,Actual,SW,Water,,,Lee,07080107,River/Stream,,40.75340048,-91.2755898
6,10560002,Skunk River near Augusta,10/05/2016 09:50:00,AMBIENT,TSS,Total suspended solids,NonFilt,,170,mg/l,True,1,,,I3765,UHL001,Actual,SW,Water,,,Lee,07080107,River/Stream,,40.75340048,-91.2755898
6,10560002,Skunk River near Augusta,10/05/2016 09:50:00,AMBIENT,NIT-NO3-NO2,Inorganic nitrogen (nitrate and nitrite) (AS N),Total,,5.7,mg/l,True,0.1,,,LAC10-107-04-1J,UHL001,Actual,SW,Water,,,Lee,07080107,River/Stream,,40.75340048,-91.2755898
6,10560002,Skunk River near Augusta,10/05/2016 09:50:00,AMBIENT,NIT-AMM,Ammonia-nitrogen (AS N),Total,,0.05,mg/l,False,0.05,,,LAC10-107-06-1J,UHL001,Actual,SW,Water,,,Lee,07080107,River/Stream,,40.75340048,-91.2755898
6,10560002,Skunk River near Augusta,10/05/2016 09:50:00,AMBIENT,NIT-KJELD,Kjeldahl nitrogen (AS N),Total,,0.8,mg/l,True,0.1,,,LAC10-107-06-2E,UHL001,Actual,SW,Water,,,Lee,07080107,River/Stream,,40.75340048,-91.2755898
6,10560002,Skunk River near Augusta,10/05/2016 09:50:00,AMBIENT,14265-44-2,Orthophosphate (AS P),Dissolved,,0.24,mg/l,True,0.02,,,LAC10-115-01-1A,UHL001,Actual,SW,Water,,,Lee,07080107,River/Stream,,40.75340048,-91.2755898
6,10560002,Skunk River near Augusta,10/05/2016 09:50:00,AMBIENT,PHOSP-PHOSP,Phosphate-phosphorus (AS P),Total,,0.44,mg/l,True,0.02,,,LAC10-115-01-1D,UHL001,Actual,SW,Water,,,Lee,07080107,River/Stream,,40.75340048,-91.2755898
6,10560002,Skunk River near Augusta,10/05/2016 09:50:00,AMBFLOW,FLOW,Flow,Total,,5450,cfs,True,,,,USGS CA8,USGS-DG,Actual,SW,Water,,,Lee,07080107,River/Stream,,40.75340048,-91.2755898
6,10560002,Skunk River near Augusta,11/02/2016 09:25:00,AMBIENT,TEMP-WATER,"Temperature, water",Total,,16.2,deg C,True,,,,2550,,Actual,SW,Water,,,Lee,07080107,River/Stream,,40.75340048,-91.2755898
6,10560002,Skunk River near Augusta,11/02/2016 09:25:00,AMBIENT,PH,pH,Total,,8.1,None,True,,,,4500-H,,Actual,SW,Water,,,Lee,07080107,River/Stream,,40.75340048,-91.2755898
6,10560002,Skunk River near Augusta,11/02/2016 09:25:00,AMBIENT,7782-44-7,Dissolved oxygen (DO),Total,,9,mg/l,True,,,,D888(C),,Actual,SW,Water,,,Lee,07080107,River/Stream,,40.75340048,-91.2755898
6,10560002,Skunk River near Augusta,11/02/2016 09:25:00,AMBIENT,TVSS,Volatile Suspended Solids,NonFilt,,5,mg/l,True,1,,,160.4,UHL001,Actual,SW,Water,,,Lee,07080107,River/Stream,,40.75340048,-91.2755898
6,10560002,Skunk River near Augusta,11/02/2016 09:25:00,AMBIENT,7439-95-4,Magnesium,Total,,27,mg/l,True,0.5,,,200.7(W),UHL001,Actual,SW,Water,,,Lee,07080107,River/Stream,,40.75340048,-91.2755898
6,10560002,Skunk River near Augusta,11/02/2016 09:25:00,AMBIENT,7440-09-7,Potassium,Total,,4.3,mg/l,True,1,,,200.7(W),UHL001,Actual,SW,Water,,,Lee,07080107,River/Stream,,40.75340048,-91.2755898
6,10560002,Skunk River near Augusta,11/02/2016 09:25:00,AMBIENT,7440-23-5,Sodium,Total,,11,mg/l,True,0.5,,,200.7(W),UHL001,Actual,SW,Water,,,Lee,07080107,River/Stream,,40.75340048,-91.2755898
6,10560002,Skunk River near Augusta,11/02/2016 09:25:00,AMBIENT,7440-70-2,Calcium,Total,,80,mg/l,True,1,,,200.7(W),UHL001,Actual,SW,Water,,,Lee,07080107,River/Stream,,40.75340048,-91.2755898
6,10560002,Skunk River near Augusta,11/02/2016 09:25:00,AMBIENT,TURB,Turbidity,Total,,16,NTU,True,1,,,2130-B,UHL001,Actual,SW,Water,,,Lee,07080107,River/Stream,,40.75340048,-91.2755898
6,10560002,Skunk River near Augusta,11/02/2016 09:25:00,AMBIENT,ALK-TOT,"Alkalinity, total",Total,,250,mg/l CaCO3,True,1,,,2320-B,UHL001,Actual,SW,Water,,,Lee,07080107,River/Stream,,40.75340048,-91.2755898
6,10560002,Skunk River near Augusta,11/02/2016 09:25:00,AMBIENT,HARD-CARB,"Hardness, carbonate",Total,,310,mg/l,True,1,,,2340C,UHL001,Actual,SW,Water,,,Lee,07080107,River/Stream,,40.75340048,-91.2755898
6,10560002,Skunk River near Augusta,11/02/2016 09:25:00,AMBIENT,TDS,Total dissolved solids,Dissolved,,350,mg/l,True,1,,,2540-C,UHL001,Actual,SW,Water,,,Lee,07080107,River/Stream,,40.75340048,-91.2755898
6,10560002,Skunk River near Augusta,11/02/2016 09:25:00,AMBIENT,14808-79-8,Sulfate (AS SO4),Total,,32,mg/l,True,1,,,300.0,UHL001,Actual,SW,Water,,,Lee,07080107,River/Stream,,40.75340048,-91.2755898
6,10560002,Skunk River near Augusta,11/02/2016 09:25:00,AMBIENT,16887-00-6,Chloride,Total,,21,mg/l,True,1,,,300.0,UHL001,Actual,SW,Water,,,Lee,07080107,River/Stream,,40.75340048,-91.2755898
6,10560002,Skunk River near Augusta,11/02/2016 09:25:00,AMBIENT,CLR-A-FREE,"Chlorophyll a, free of pheophytin",NonFilt,,24,ug/l,True,1,,,445,UHL001,Actual,SW,Water,,,Lee,07080107,River/Stream,,40.75340048,-91.2755898
6,10560002,Skunk River near Augusta,11/02/2016 09:25:00,AMBIENT,CBOD-SC,"Carbonaceous biochemical oxygen demand, standard conditions",Total,,2,mg/l,False,2,,,5210-B,UHL001,Actual,SW,Water,,,Lee,07080107,River/Stream,,40.75340048,-91.2755898
6,10560002,Skunk River near Augusta,11/02/2016 09:25:00,AMBIENT,ORG-CARB,Organic Carbon,Dissolved,,3.3,mg/l,True,0.5,,,5310-B,UHL001,Actual,SW,Water,,,Lee,07080107,River/Stream,,40.75340048,-91.2755898
6,10560002,Skunk River near Augusta,11/02/2016 09:25:00,AMBIENT,68583-22-2,Escherichia coli,Total,,310,MPN/100ml,True,10,,,9223-B,UHL001,Actual,SW,Water,,,Lee,07080107,River/Stream,,40.75340048,-91.2755898
6,10560002,Skunk River near Augusta,11/02/2016 09:25:00,AMBIENT,TSS,Total suspended solids,NonFilt,,34,mg/l,True,1,,,I3765,UHL001,Actual,SW,Water,,,Lee,07080107,River/Stream,,40.75340048,-91.2755898
6,10560002,Skunk River near Augusta,11/02/2016 09:25:00,AMBIENT,NIT-NO3-NO2,Inorganic nitrogen (nitrate and nitrite) (AS N),Total,,4.6,mg/l,True,0.1,,,LAC10-107-04-1J,UHL001,Actual,SW,Water,,,Lee,07080107,River/Stream,,40.75340048,-91.2755898
6,10560002,Skunk River near Augusta,11/02/2016 09:25:00,AMBIENT,NIT-AMM,Ammonia-nitrogen (AS N),Total,,0.05,mg/l,False,0.05,,,LAC10-107-06-1J,UHL001,Actual,SW,Water,,,Lee,07080107,River/Stream,,40.75340048,-91.2755898
6,10560002,Skunk River near Augusta,11/02/2016 09:25:00,AMBIENT,NIT-KJELD,Kjeldahl nitrogen (AS N),Total,,0.7,mg/l,True,0.1,,,LAC10-107-06-2E,UHL001,Actual,SW,Water,,,Lee,07080107,River/Stream,,40.75340048,-91.2755898
6,10560002,Skunk River near Augusta,11/02/2016 09:25:00,AMBIENT,14265-44-2,Orthophosphate (AS P),Dissolved,,0.15,mg/l,True,0.02,,,LAC10-115-01-1A,UHL001,Actual,SW,Water,,,Lee,07080107,River/Stream,,40.75340048,-91.2755898
6,10560002,Skunk River near Augusta,11/02/2016 09:25:00,AMBIENT,PHOSP-PHOSP,Phosphate-phosphorus (AS P),Total,,0.24,mg/l,True,0.02,,,LAC10-115-01-1D,UHL001,Actual,SW,Water,,,Lee,07080107,River/Stream,,40.75340048,-91.2755898
6,10560002,Skunk River near Augusta,12/01/2016 13:00:00,AMBIENT,TEMP-WATER,"Temperature, water",Total,,6.2,deg C,True,,,,2550,,Actual,SW,Water,,,Lee,07080107,River/Stream,,40.75340048,-91.2755898
6,10560002,Skunk River near Augusta,12/01/2016 13:00:00,AMBIENT,PH,pH,Total,,8.2,None,True,,,,4500-H,,Actual,SW,Water,,,Lee,07080107,River/Stream,,40.75340048,-91.2755898
6,10560002,Skunk River near Augusta,12/01/2016 13:00:00,AMBIENT,7782-44-7,Dissolved oxygen (DO),Total,,12.8,mg/l,True,,,,D888(C),,Actual,SW,Water,,,Lee,07080107,River/Stream,,40.75340048,-91.2755898
6,10560002,Skunk River near Augusta,12/01/2016 13:00:00,AMBIENT,TVSS,Volatile Suspended Solids,NonFilt,,2,mg/l,True,1,,,160.4,UHL001,Actual,SW,Water,,,Lee,07080107,River/Stream,,40.75340048,-91.2755898
6,10560002,Skunk River near Augusta,12/01/2016 13:00:00,AMBIENT,7439-95-4,Magnesium,Total,,29,mg/l,True,0.5,,,200.7(W),UHL001,Actual,SW,Water,,,Lee,07080107,River/Stream,,40.75340048,-91.2755898
6,10560002,Skunk River near Augusta,12/01/2016 13:00:00,AMBIENT,7440-09-7,Potassium,Total,,2.4,mg/l,True,1,,,200.7(W),UHL001,Actual,SW,Water,,,Lee,07080107,River/Stream,,40.75340048,-91.2755898
6,10560002,Skunk River near Augusta,12/01/2016 13:00:00,AMBIENT,7440-23-5,Sodium,Total,,15,mg/l,True,0.5,,,200.7(W),UHL001,Actual,SW,Water,,,Lee,07080107,River/Stream,,40.75340048,-91.2755898
6,10560002,Skunk River near Augusta,12/01/2016 13:00:00,AMBIENT,7440-70-2,Calcium,Total,,82,mg/l,True,1,,,200.7(W),UHL001,Actual,SW,Water,,,Lee,07080107,River/Stream,,40.75340048,-91.2755898
6,10560002,Skunk River near Augusta,12/01/2016 13:00:00,AMBIENT,TURB,Turbidity,Total,,3.4,NTU,True,1,,,2130-B,UHL001,Actual,SW,Water,,,Lee,07080107,River/Stream,,40.75340048,-91.2755898
6,10560002,Skunk River near Augusta,12/01/2016 13:00:00,AMBIENT,ALK-TOT,"Alkalinity, total",Total,,260,mg/l CaCO3,True,1,,,2320-B,UHL001,Actual,SW,Water,,,Lee,07080107,River/Stream,,40.75340048,-91.2755898
6,10560002,Skunk River near Augusta,12/01/2016 13:00:00,AMBIENT,HARD-CARB,"Hardness, carbonate",Total,,320,mg/l,True,1,,,2340C,UHL001,Actual,SW,Water,,,Lee,07080107,River/Stream,,40.75340048,-91.2755898
6,10560002,Skunk River near Augusta,12/01/2016 13:00:00,AMBIENT,TDS,Total dissolved solids,Dissolved,,370,mg/l,True,1,,,2540-C,UHL001,Actual,SW,Water,,,Lee,07080107,River/Stream,,40.75340048,-91.2755898
6,10560002,Skunk River near Augusta,12/01/2016 13:00:00,AMBIENT,14808-79-8,Sulfate (AS SO4),Total,,39,mg/l,True,1,,,300.0,UHL001,Actual,SW,Water,,,Lee,07080107,River/Stream,,40.75340048,-91.2755898
6,10560002,Skunk River near Augusta,12/01/2016 13:00:00,AMBIENT,16887-00-6,Chloride,Total,,23,mg/l,True,1,,,300.0,UHL001,Actual,SW,Water,,,Lee,07080107,River/Stream,,40.75340048,-91.2755898
6,10560002,Skunk River near Augusta,12/01/2016 13:00:00,AMBIENT,CLR-A-FREE,"Chlorophyll a, free of pheophytin",NonFilt,,12,ug/l,True,1,,,445,UHL001,Actual,SW,Water,,,Lee,07080107,River/Stream,,40.75340048,-91.2755898
6,10560002,Skunk River near Augusta,12/01/2016 13:00:00,AMBIENT,CBOD-SC,"Carbonaceous biochemical oxygen demand, standard conditions",Total,,2,mg/l,False,2,,,5210-B,UHL001,Actual,SW,Water,,,Lee,07080107,River/Stream,,40.75340048,-91.2755898
6,10560002,Skunk River near Augusta,12/01/2016 13:00:00,AMBIENT,ORG-CARB,Organic Carbon,Dissolved,,2.3,mg/l,True,0.5,,,5310-B,UHL001,Actual,SW,Water,,,Lee,07080107,River/Stream,,40.75340048,-91.2755898
6,10560002,Skunk River near Augusta,12/01/2016 13:00:00,AMBIENT,68583-22-2,Escherichia coli,Total,,74,MPN/100ml,True,10,,,9223-B,UHL001,Actual,SW,Water,,,Lee,07080107,River/Stream,,40.75340048,-91.2755898
6,10560002,Skunk River near Augusta,12/01/2016 13:00:00,AMBIENT,TSS,Total suspended solids,NonFilt,,5,mg/l,True,1,,,I3765,UHL001,Actual,SW,Water,,,Lee,07080107,River/Stream,,40.75340048,-91.2755898
6,10560002,Skunk River near Augusta,12/01/2016 13:00:00,AMBIENT,NIT-NO3-NO2,Inorganic nitrogen (nitrate and nitrite) (AS N),Total,,3.6,mg/l,True,0.1,,,LAC10-107-04-1J,UHL001,Actual,SW,Water,,,Lee,07080107,River/Stream,,40.75340048,-91.2755898
6,10560002,Skunk River near Augusta,12/01/2016 13:00:00,AMBIENT,NIT-AMM,Ammonia-nitrogen (AS N),Total,,0.05,mg/l,False,0.05,,,LAC10-107-06-1J,UHL001,Actual,SW,Water,,,Lee,07080107,River/Stream,,40.75340048,-91.2755898
6,10560002,Skunk River near Augusta,12/01/2016 13:00:00,AMBIENT,NIT-KJELD,Kjeldahl nitrogen (AS N),Total,,0.2,mg/l,True,0.1,,,LAC10-107-06-2E,UHL001,Actual,SW,Water,,,Lee,07080107,River/Stream,,40.75340048,-91.2755898
6,10560002,Skunk River near Augusta,12/01/2016 13:00:00,AMBIENT,14265-44-2,Orthophosphate (AS P),Dissolved,,0.07,mg/l,True,0.02,,,LAC10-115-01-1A,UHL001,Actual,SW,Water,,,Lee,07080107,River/Stream,,40.75340048,-91.2755898
6,10560002,Skunk River near Augusta,12/01/2016 13:00:00,AMBIENT,PHOSP-PHOSP,Phosphate-phosphorus (AS P),Total,,0.12,mg/l,True,0.1,,,LAC10-115-01-1C,UHL001,Actual,SW,Water,,,Lee,07080107,River/Stream,,40.75340048,-91.2755898
6,10560002,Skunk River near Augusta,11/02/2016 09:25:00,AMBFLOW,FLOW,Flow,Total,,1320,cfs,True,,,,USGS CA8,USGS-DG,Actual,SW,Water,,,Lee,07080107,River/Stream,,40.75340048,-91.2755898
6,10560002,Skunk River near Augusta,12/01/2016 13:00:00,AMBFLOW,FLOW,Flow,Total,,1060,cfs,True,,,,USGS CA8,USGS-DG,Actual,SW,Water,,,Lee,07080107,River/Stream,,40.75340048,-91.2755898
6,10560002,Skunk River near Augusta,01/09/2017 08:55:00,AMBIENT,TEMP-WATER,"Temperature, water",Total,,0.3,deg C,True,,,,2550,,Actual,SW,Water,,,Lee,07080107,River/Stream,,40.75340048,-91.2755898
6,10560002,Skunk River near Augusta,01/09/2017 08:55:00,AMBIENT,PH,pH,Total,,8.5,None,True,,,,4500-H,,Actual,SW,Water,,,Lee,07080107,River/Stream,,40.75340048,-91.2755898
6,10560002,Skunk River near Augusta,01/09/2017 08:55:00,AMBIENT,7782-44-7,Dissolved oxygen (DO),Total,,14.1,mg/l,True,,,,D888(C),,Actual,SW,Water,,,Lee,07080107,River/Stream,,40.75340048,-91.2755898
6,10560002,Skunk River near Augusta,01/09/2017 08:55:00,AMBIENT,TVSS,Volatile Suspended Solids,NonFilt,,1,mg/l,True,1,,,160.4,UHL001,Actual,SW,Water,,,Lee,07080107,River/Stream,,40.75340048,-91.2755898
6,10560002,Skunk River near Augusta,01/09/2017 08:55:00,AMBIENT,7439-95-4,Magnesium,Total,,29,mg/l,True,0.5,,,200.7(W),UHL001,Actual,SW,Water,,,Lee,07080107,River/Stream,,40.75340048,-91.2755898
6,10560002,Skunk River near Augusta,01/09/2017 08:55:00,AMBIENT,7440-09-7,Potassium,Total,,3.5,mg/l,True,1,,,200.7(W),UHL001,Actual,SW,Water,,,Lee,07080107,River/Stream,,40.75340048,-91.2755898
6,10560002,Skunk River near Augusta,01/09/2017 08:55:00,AMBIENT,7440-23-5,Sodium,Total,,12,mg/l,True,0.5,,,200.7(W),UHL001,Actual,SW,Water,,,Lee,07080107,River/Stream,,40.75340048,-91.2755898
6,10560002,Skunk River near Augusta,01/09/2017 08:55:00,AMBIENT,7440-70-2,Calcium,Total,,90,mg/l,True,1,,,200.7(W),UHL001,Actual,SW,Water,,,Lee,07080107,River/Stream,,40.75340048,-91.2755898
6,10560002,Skunk River near Augusta,01/09/2017 08:55:00,AMBIENT,TURB,Turbidity,Total,,2.8,NTU,True,1,,,2130-B,UHL001,Actual,SW,Water,,,Lee,07080107,River/Stream,,40.75340048,-91.2755898
6,10560002,Skunk River near Augusta,01/09/2017 08:55:00,AMBIENT,ALK-TOT,"Alkalinity, total",Total,,280,mg/l CaCO3,True,1,,,2320-B,UHL001,Actual,SW,Water,,,Lee,07080107,River/Stream,,40.75340048,-91.2755898
6,10560002,Skunk River near Augusta,01/09/2017 08:55:00,AMBIENT,HARD-CARB,"Hardness, carbonate",Total,,390,mg/l,True,1,,,2340C,UHL001,Actual,SW,Water,,,Lee,07080107,River/Stream,,40.75340048,-91.2755898
6,10560002,Skunk River near Augusta,01/09/2017 08:55:00,AMBIENT,TDS,Total dissolved solids,Dissolved,,420,mg/l,True,1,,,2540-C,UHL001,Actual,SW,Water,,,Lee,07080107,River/Stream,,40.75340048,-91.2755898
6,10560002,Skunk River near Augusta,01/09/2017 08:55:00,AMBIENT,14808-79-8,Sulfate (AS SO4),Total,,32,mg/l,True,1,,,300.0,UHL001,Actual,SW,Water,,,Lee,07080107,River/Stream,,40.75340048,-91.2755898
6,10560002,Skunk River near Augusta,01/09/2017 08:55:00,AMBIENT,16887-00-6,Chloride,Total,,24,mg/l,True,1,,,300.0,UHL001,Actual,SW,Water,,,Lee,07080107,River/Stream,,40.75340048,-91.2755898
6,10560002,Skunk River near Augusta,01/09/2017 08:55:00,AMBIENT,CLR-A-FREE,"Chlorophyll a, free of pheophytin",NonFilt,,2,ug/l,True,1,,,445,UHL001,Actual,SW,Water,,,Lee,07080107,River/Stream,,40.75340048,-91.2755898
6,10560002,Skunk River near Augusta,01/09/2017 08:55:00,AMBIENT,CBOD-SC,"Carbonaceous biochemical oxygen demand, standard conditions",Total,,2,mg/l,False,2,,,5210-B,UHL001,Actual,SW,Water,,One or more quality control parameters were observed outside the QC limits in the analysis of this sample.,Lee,07080107,River/Stream,,40.75340048,-91.2755898
6,10560002,Skunk River near Augusta,01/09/2017 08:55:00,AMBIENT,ORG-CARB,Organic Carbon,Dissolved,,2.9,mg/l,True,0.5,,,5310-B,UHL001,Actual,SW,Water,,,Lee,07080107,River/Stream,,40.75340048,-91.2755898
6,10560002,Skunk River near Augusta,01/09/2017 08:55:00,AMBIENT,68583-22-2,Escherichia coli,Total,,10,MPN/100ml,True,10,,,9223-B,UHL001,Actual,SW,Water,,,Lee,07080107,River/Stream,,40.75340048,-91.2755898
6,10560002,Skunk River near Augusta,01/09/2017 08:55:00,AMBIENT,TSS,Total suspended solids,NonFilt,,4,mg/l,True,1,,,I3765,UHL001,Actual,SW,Water,,,Lee,07080107,River/Stream,,40.75340048,-91.2755898
6,10560002,Skunk River near Augusta,01/09/2017 08:55:00,AMBIENT,NIT-NO3-NO2,Inorganic nitrogen (nitrate and nitrite) (AS N),Total,,6.3,mg/l,True,0.1,,,LAC10-107-04-1J,UHL001,Actual,SW,Water,,,Lee,07080107,River/Stream,,40.75340048,-91.2755898
6,10560002,Skunk River near Augusta,01/09/2017 08:55:00,AMBIENT,NIT-AMM,Ammonia-nitrogen (AS N),Total,,0.13,mg/l,True,0.05,,,LAC10-107-06-1J,UHL001,Actual,SW,Water,,,Lee,07080107,River/Stream,,40.75340048,-91.2755898
6,10560002,Skunk River near Augusta,01/09/2017 08:55:00,AMBIENT,NIT-KJELD,Kjeldahl nitrogen (AS N),Total,,0.6,mg/l,True,0.1,,,LAC10-107-06-2E,UHL001,Actual,SW,Water,,,Lee,07080107,River/Stream,,40.75340048,-91.2755898
6,10560002,Skunk River near Augusta,01/09/2017 08:55:00,AMBIENT,14265-44-2,Orthophosphate (AS P),Dissolved,,0.17,mg/l,True,0.02,,,LAC10-115-01-1A,UHL001,Actual,SW,Water,,,Lee,07080107,River/Stream,,40.75340048,-91.2755898
6,10560002,Skunk River near Augusta,01/09/2017 08:55:00,AMBIENT,PHOSP-PHOSP,Phosphate-phosphorus (AS P),Total,,0.18,mg/l,True,0.1,,,LAC10-115-01-1C,UHL001,Actual,SW,Water,,,Lee,07080107,River/Stream,,40.75340048,-91.2755898
6,10560002,Skunk River near Augusta,02/02/2017 10:50:00,AMBIENT,TEMP-WATER,"Temperature, water",Total,,0.4,deg C,True,,,,2550,,Actual,SW,Water,,,Lee,07080107,River/Stream,,40.75340048,-91.2755898
6,10560002,Skunk River near Augusta,02/02/2017 10:50:00,AMBIENT,PH,pH,Total,,8.1,None,True,,,,4500-H,,Actual,SW,Water,,,Lee,07080107,River/Stream,,40.75340048,-91.2755898
6,10560002,Skunk River near Augusta,02/02/2017 10:50:00,AMBIENT,7782-44-7,Dissolved oxygen (DO),Total,,14.2,mg/l,True,,,,D888(C),,Actual,SW,Water,,,Lee,07080107,River/Stream,,40.75340048,-91.2755898
6,10560002,Skunk River near Augusta,02/02/2017 10:50:00,AMBIENT,TVSS,Volatile Suspended Solids,NonFilt,,24,mg/l,True,1,,,160.4,UHL001,Actual,SW,Water,,,Lee,07080107,River/Stream,,40.75340048,-91.2755898
6,10560002,Skunk River near Augusta,02/02/2017 10:50:00,AMBIENT,7439-95-4,Magnesium,Total,,22,mg/l,True,0.5,,,200.7(W),UHL001,Actual,SW,Water,,,Lee,07080107,River/Stream,,40.75340048,-91.2755898
6,10560002,Skunk River near Augusta,02/02/2017 10:50:00,AMBIENT,7440-09-7,Potassium,Total,,6.1,mg/l,True,1,,,200.7(W),UHL001,Actual,SW,Water,,,Lee,07080107,River/Stream,,40.75340048,-91.2755898
6,10560002,Skunk River near Augusta,02/02/2017 10:50:00,AMBIENT,7440-23-5,Sodium,Total,,12,mg/l,True,0.5,,,200.7(W),UHL001,Actual,SW,Water,,,Lee,07080107,River/Stream,,40.75340048,-91.2755898
6,10560002,Skunk River near Augusta,02/02/2017 10:50:00,AMBIENT,7440-70-2,Calcium,Total,,71,mg/l,True,1,,,200.7(W),UHL001,Actual,SW,Water,,,Lee,07080107,River/Stream,,40.75340048,-91.2755898
6,10560002,Skunk River near Augusta,02/02/2017 10:50:00,AMBIENT,TURB,Turbidity,Total,,95,NTU,True,1,,,2130-B,UHL001,Actual,SW,Water,,,Lee,07080107,River/Stream,,40.75340048,-91.2755898
6,10560002,Skunk River near Augusta,02/02/2017 10:50:00,AMBIENT,ALK-TOT,"Alkalinity, total",Total,,220,mg/l CaCO3,True,1,,,2320-B,UHL001,Actual,SW,Water,,,Lee,07080107,River/Stream,,40.75340048,-91.2755898
6,10560002,Skunk River near Augusta,02/02/2017 10:50:00,AMBIENT,HARD-CARB,"Hardness, carbonate",Total,,270,mg/l,True,1,,,2340C,UHL001,Actual,SW,Water,,,Lee,07080107,River/Stream,,40.75340048,-91.2755898
6,10560002,Skunk River near Augusta,02/02/2017 10:50:00,AMBIENT,TDS,Total dissolved solids,Dissolved,,380,mg/l,True,1,,,2540-C,UHL001,Actual,SW,Water,,,Lee,07080107,River/Stream,,40.75340048,-91.2755898
6,10560002,Skunk River near Augusta,02/02/2017 10:50:00,AMBIENT,14808-79-8,Sulfate (AS SO4),Total,,28,mg/l,True,1,,,300.0,UHL001,Actual,SW,Water,,,Lee,07080107,River/Stream,,40.75340048,-91.2755898
6,10560002,Skunk River near Augusta,02/02/2017 10:50:00,AMBIENT,16887-00-6,Chloride,Total,,25,mg/l,True,1,,,300.0,UHL001,Actual,SW,Water,,,Lee,07080107,River/Stream,,40.75340048,-91.2755898
6,10560002,Skunk River near Augusta,02/02/2017 10:50:00,AMBIENT,CLR-A-FREE,"Chlorophyll a, free of pheophytin",NonFilt,,7,ug/l,True,1,,,445,UHL001,Actual,SW,Water,,,Lee,07080107,River/Stream,,40.75340048,-91.2755898
6,10560002,Skunk River near Augusta,02/02/2017 10:50:00,AMBIENT,CBOD-SC,"Carbonaceous biochemical oxygen demand, standard conditions",Total,,2,mg/l,False,2,,,5210-B,UHL001,Actual,SW,Water,,,Lee,07080107,River/Stream,,40.75340048,-91.2755898
6,10560002,Skunk River near Augusta,02/02/2017 10:50:00,AMBIENT,ORG-CARB,Organic Carbon,Dissolved,,4,mg/l,True,0.5,,,5310-B,UHL001,Actual,SW,Water,,,Lee,07080107,River/Stream,,40.75340048,-91.2755898
6,10560002,Skunk River near Augusta,02/02/2017 10:50:00,AMBIENT,68583-22-2,Escherichia coli,Total,,63,MPN/100ml,True,10,,,9223-B,UHL001,Actual,SW,Water,,,Lee,07080107,River/Stream,,40.75340048,-91.2755898
6,10560002,Skunk River near Augusta,02/02/2017 10:50:00,AMBIENT,TSS,Total suspended solids,NonFilt,,170,mg/l,True,1,,,I3765,UHL001,Actual,SW,Water,,,Lee,07080107,River/Stream,,40.75340048,-91.2755898
6,10560002,Skunk River near Augusta,02/02/2017 10:50:00,AMBIENT,NIT-NO3-NO2,Inorganic nitrogen (nitrate and nitrite) (AS N),Total,,4.5,mg/l,True,0.1,,,LAC10-107-04-1J,UHL001,Actual,SW,Water,,,Lee,07080107,River/Stream,,40.75340048,-91.2755898
6,10560002,Skunk River near Augusta,02/02/2017 10:50:00,AMBIENT,NIT-AMM,Ammonia-nitrogen (AS N),Total,,0.27,mg/l,True,0.05,,,LAC10-107-06-1J,UHL001,Actual,SW,Water,,,Lee,07080107,River/Stream,,40.75340048,-91.2755898
6,10560002,Skunk River near Augusta,02/02/2017 10:50:00,AMBIENT,NIT-KJELD,Kjeldahl nitrogen (AS N),Total,,1.3,mg/l,True,0.1,,,LAC10-107-06-2E,UHL001,Actual,SW,Water,,,Lee,07080107,River/Stream,,40.75340048,-91.2755898
6,10560002,Skunk River near Augusta,02/02/2017 10:50:00,AMBIENT,14265-44-2,Orthophosphate (AS P),Dissolved,,0.26,mg/l,True,0.02,,,LAC10-115-01-1A,UHL001,Actual,SW,Water,,,Lee,07080107,River/Stream,,40.75340048,-91.2755898
6,10560002,Skunk River near Augusta,02/02/2017 10:50:00,AMBIENT,PHOSP-PHOSP,Phosphate-phosphorus (AS P),Total,,0.57,mg/l,True,0.1,,,LAC10-115-01-1C,UHL001,Actual,SW,Water,,,Lee,07080107,River/Stream,,40.75340048,-91.2755898
6,10560002,Skunk River near Augusta,03/08/2017 07:55:00,AMBIENT,TEMP-WATER,"Temperature, water",Total,,8.9,deg C,True,,,,2550,,Actual,SW,Water,,,Lee,07080107,River/Stream,,40.75340048,-91.2755898
6,10560002,Skunk River near Augusta,03/08/2017 07:55:00,AMBIENT,PH,pH,Total,,8.4,None,True,,,,4500-H,,Actual,SW,Water,,,Lee,07080107,River/Stream,,40.75340048,-91.2755898
6,10560002,Skunk River near Augusta,03/08/2017 07:55:00,AMBIENT,7782-44-7,Dissolved oxygen (DO),Total,,11,mg/l,True,,,,D888(C),,Actual,SW,Water,,,Lee,07080107,River/Stream,,40.75340048,-91.2755898
6,10560002,Skunk River near Augusta,03/08/2017 07:55:00,AMBIENT,TVSS,Volatile Suspended Solids,NonFilt,,12,mg/l,True,1,,,160.4,UHL001,Actual,SW,Water,,,Lee,07080107,River/Stream,,40.75340048,-91.2755898
6,10560002,Skunk River near Augusta,03/08/2017 07:55:00,AMBIENT,7439-95-4,Magnesium,Total,,30,mg/l,True,0.5,,,200.7(W),UHL001,Actual,SW,Water,,,Lee,07080107,River/Stream,,40.75340048,-91.2755898
6,10560002,Skunk River near Augusta,03/08/2017 07:55:00,AMBIENT,7440-09-7,Potassium,Total,,2.4,mg/l,True,1,,,200.7(W),UHL001,Actual,SW,Water,,,Lee,07080107,River/Stream,,40.75340048,-91.2755898
6,10560002,Skunk River near Augusta,03/08/2017 07:55:00,AMBIENT,7440-23-5,Sodium,Total,,11,mg/l,True,0.5,,,200.7(W),UHL001,Actual,SW,Water,,,Lee,07080107,River/Stream,,40.75340048,-91.2755898
6,10560002,Skunk River near Augusta,03/08/2017 07:55:00,AMBIENT,7440-70-2,Calcium,Total,,96,mg/l,True,1,,,200.7(W),UHL001,Actual,SW,Water,,,Lee,07080107,River/Stream,,40.75340048,-91.2755898
6,10560002,Skunk River near Augusta,03/08/2017 07:55:00,AMBIENT,TURB,Turbidity,Total,,55,NTU,True,1,,,2130-B,UHL001,Actual,SW,Water,,,Lee,07080107,River/Stream,,40.75340048,-91.2755898
6,10560002,Skunk River near Augusta,03/08/2017 07:55:00,AMBIENT,ALK-TOT,"Alkalinity, total",Total,,280,mg/l CaCO3,True,1,,,2320-B,UHL001,Actual,SW,Water,,,Lee,07080107,River/Stream,,40.75340048,-91.2755898
6,10560002,Skunk River near Augusta,03/08/2017 07:55:00,AMBIENT,HARD-CARB,"Hardness, carbonate",Total,,350,mg/l,True,1,,,2340C,UHL001,Actual,SW,Water,,,Lee,07080107,River/Stream,,40.75340048,-91.2755898
6,10560002,Skunk River near Augusta,03/08/2017 07:55:00,AMBIENT,TDS,Total dissolved solids,Dissolved,,410,mg/l,True,1,,,2540-C,UHL001,Actual,SW,Water,,,Lee,07080107,River/Stream,,40.75340048,-91.2755898
6,10560002,Skunk River near Augusta,03/08/2017 07:55:00,AMBIENT,14808-79-8,Sulfate (AS SO4),Total,,27,mg/l,True,5,,,300.0,UHL001,Actual,SW,Water,,,Lee,07080107,River/Stream,,40.75340048,-91.2755898
6,10560002,Skunk River near Augusta,03/08/2017 07:55:00,AMBIENT,16887-00-6,Chloride,Total,,26,mg/l,True,2.5,,,300.0,UHL001,Actual,SW,Water,,,Lee,07080107,River/Stream,,40.75340048,-91.2755898
6,10560002,Skunk River near Augusta,03/08/2017 07:55:00,AMBIENT,CLR-A-FREE,"Chlorophyll a, free of pheophytin",NonFilt,,12,ug/l,True,1,,,445,UHL001,Actual,SW,Water,,,Lee,07080107,River/Stream,,40.75340048,-91.2755898
6,10560002,Skunk River near Augusta,03/08/2017 07:55:00,AMBIENT,CBOD-SC,"Carbonaceous biochemical oxygen demand, standard conditions",Total,,2,mg/l,False,2,,,5210-B,UHL001,Actual,SW,Water,,,Lee,07080107,River/Stream,,40.75340048,-91.2755898
6,10560002,Skunk River near Augusta,03/08/2017 07:55:00,AMBIENT,ORG-CARB,Organic Carbon,Dissolved,,2.2,mg/l,True,0.5,,,5310-B,UHL001,Actual,SW,Water,,,Lee,07080107,River/Stream,,40.75340048,-91.2755898
6,10560002,Skunk River near Augusta,03/08/2017 07:55:00,AMBIENT,68583-22-2,Escherichia coli,Total,,63,MPN/100ml,True,10,,,9223-B,UHL001,Actual,SW,Water,,,Lee,07080107,River/Stream,,40.75340048,-91.2755898
6,10560002,Skunk River near Augusta,03/08/2017 07:55:00,AMBIENT,TSS,Total suspended solids,NonFilt,,95,mg/l,True,1,,,I3765,UHL001,Actual,SW,Water,,,Lee,07080107,River/Stream,,40.75340048,-91.2755898
6,10560002,Skunk River near Augusta,03/08/2017 07:55:00,AMBIENT,NIT-NO3-NO2,Inorganic nitrogen (nitrate and nitrite) (AS N),Total,,7.6,mg/l,True,0.1,,,LAC10-107-04-1J,UHL001,Actual,SW,Water,,,Lee,07080107,River/Stream,,40.75340048,-91.2755898
6,10560002,Skunk River near Augusta,03/08/2017 07:55:00,AMBIENT,NIT-AMM,Ammonia-nitrogen (AS N),Total,,0.05,mg/l,False,0.05,,,LAC10-107-06-1J,UHL001,Actual,SW,Water,,,Lee,07080107,River/Stream,,40.75340048,-91.2755898
6,10560002,Skunk River near Augusta,03/08/2017 07:55:00,AMBIENT,NIT-KJELD,Kjeldahl nitrogen (AS N),Total,,0.3,mg/l,True,0.1,,,LAC10-107-06-2E,UHL001,Actual,SW,Water,,,Lee,07080107,River/Stream,,40.75340048,-91.2755898
6,10560002,Skunk River near Augusta,03/08/2017 07:55:00,AMBIENT,14265-44-2,Orthophosphate (AS P),Dissolved,,0.14,mg/l,True,0.02,,,LAC10-115-01-1A,UHL001,Actual,SW,Water,,,Lee,07080107,River/Stream,,40.75340048,-91.2755898
6,10560002,Skunk River near Augusta,03/08/2017 07:55:00,AMBIENT,PHOSP-PHOSP,Phosphate-phosphorus (AS P),Total,,0.3,mg/l,True,0.1,,,LAC10-115-01-1C,UHL001,Actual,SW,Water,,,Lee,07080107,River/Stream,,40.75340048,-91.2755898
6,10560002,Skunk River near Augusta,03/08/2017 07:55:00,AMBFLOW,FLOW,Flow,Total,,2180,cfs,True,,,,USGS CA8,USGS-DG,Actual,SW,Water,,,Lee,07080107,River/Stream,,40.75340048,-91.2755898
6,10560002,Skunk River near Augusta,04/06/2017 08:40:00,AMBIENT,TEMP-WATER,"Temperature, water",Total,,8.5,deg C,True,,,,2550,,Actual,SW,Water,,,Lee,07080107,River/Stream,,40.75340048,-91.2755898
6,10560002,Skunk River near Augusta,04/06/2017 08:40:00,AMBIENT,PH,pH,Total,,8,None,True,,,,4500-H,,Actual,SW,Water,,,Lee,07080107,River/Stream,,40.75340048,-91.2755898
6,10560002,Skunk River near Augusta,04/06/2017 08:40:00,AMBIENT,7782-44-7,Dissolved oxygen (DO),Total,,9.8,mg/l,True,,,,D888(C),,Actual,SW,Water,,,Lee,07080107,River/Stream,,40.75340048,-91.2755898
6,10560002,Skunk River near Augusta,04/06/2017 08:40:00,AMBIENT,TVSS,Volatile Suspended Solids,NonFilt,,160,mg/l,True,1,,,160.4,UHL001,Actual,SW,Water,,,Lee,07080107,River/Stream,,40.75340048,-91.2755898
6,10560002,Skunk River near Augusta,04/06/2017 08:40:00,AMBIENT,7439-95-4,Magnesium,Total,,24,mg/l,True,0.5,,,200.7(W),UHL001,Actual,SW,Water,,,Lee,07080107,River/Stream,,40.75340048,-91.2755898
6,10560002,Skunk River near Augusta,04/06/2017 08:40:00,AMBIENT,7440-09-7,Potassium,Total,,7.7,mg/l,True,1,,,200.7(W),UHL001,Actual,SW,Water,,,Lee,07080107,River/Stream,,40.75340048,-91.2755898
6,10560002,Skunk River near Augusta,04/06/2017 08:40:00,AMBIENT,7440-23-5,Sodium,Total,,7.9,mg/l,True,0.5,,,200.7(W),UHL001,Actual,SW,Water,,,Lee,07080107,River/Stream,,40.75340048,-91.2755898
6,10560002,Skunk River near Augusta,04/06/2017 08:40:00,AMBIENT,7440-70-2,Calcium,Total,,74,mg/l,True,1,,,200.7(W),UHL001,Actual,SW,Water,,,Lee,07080107,River/Stream,,40.75340048,-91.2755898
6,10560002,Skunk River near Augusta,04/06/2017 08:40:00,AMBIENT,TURB,Turbidity,Total,,690,NTU,True,1,,,2130-B,UHL001,Actual,SW,Water,,,Lee,07080107,River/Stream,,40.75340048,-91.2755898
6,10560002,Skunk River near Augusta,04/06/2017 08:40:00,AMBIENT,ALK-TOT,"Alkalinity, total",Total,,150,mg/l CaCO3,True,1,,,2320-B,UHL001,Actual,SW,Water,,,Lee,07080107,River/Stream,,40.75340048,-91.2755898
6,10560002,Skunk River near Augusta,04/06/2017 08:40:00,AMBIENT,HARD-CARB,"Hardness, carbonate",Total,,230,mg/l,True,1,,,2340C,UHL001,Actual,SW,Water,,,Lee,07080107,River/Stream,,40.75340048,-91.2755898
6,10560002,Skunk River near Augusta,04/06/2017 08:40:00,AMBIENT,TDS,Total dissolved solids,Dissolved,,320,mg/l,True,1,,,2540-C,UHL001,Actual,SW,Water,,,Lee,07080107,River/Stream,,40.75340048,-91.2755898
6,10560002,Skunk River near Augusta,04/06/2017 08:40:00,AMBIENT,14808-79-8,Sulfate (AS SO4),Total,,18,mg/l,True,2,,,300.0,UHL001,Actual,SW,Water,,,Lee,07080107,River/Stream,,40.75340048,-91.2755898
6,10560002,Skunk River near Augusta,04/06/2017 08:40:00,AMBIENT,16887-00-6,Chloride,Total,,18,mg/l,True,1,,,300.0,UHL001,Actual,SW,Water,,,Lee,07080107,River/Stream,,40.75340048,-91.2755898
6,10560002,Skunk River near Augusta,04/06/2017 08:40:00,AMBIENT,CLR-A-FREE,"Chlorophyll a, free of pheophytin",NonFilt,,45,ug/l,True,1,,,445,UHL001,Actual,SW,Water,,,Lee,07080107,River/Stream,,40.75340048,-91.2755898
6,10560002,Skunk River near Augusta,04/06/2017 08:40:00,AMBIENT,CBOD-SC,"Carbonaceous biochemical oxygen demand, standard conditions",Total,,3,mg/l,True,2,,,5210-B,UHL001,Actual,SW,Water,,,Lee,07080107,River/Stream,,40.75340048,-91.2755898
6,10560002,Skunk River near Augusta,04/06/2017 08:40:00,AMBIENT,ORG-CARB,Organic Carbon,Dissolved,,5.3,mg/l,True,0.5,,,5310-B,UHL001,Actual,SW,Water,,,Lee,07080107,River/Stream,,40.75340048,-91.2755898
6,10560002,Skunk River near Augusta,04/06/2017 08:40:00,AMBIENT,68583-22-2,Escherichia coli,Total,,7700,MPN/100ml,True,10,,,9223-B,UHL001,Actual,SW,Water,,,Lee,07080107,River/Stream,,40.75340048,-91.2755898
6,10560002,Skunk River near Augusta,04/06/2017 08:40:00,AMBIENT,TSS,Total suspended solids,NonFilt,,1740,mg/l,True,1,,,I3765,UHL001,Actual,SW,Water,,,Lee,07080107,River/Stream,,40.75340048,-91.2755898
6,10560002,Skunk River near Augusta,04/06/2017 08:40:00,AMBIENT,NIT-NO3-NO2,Inorganic nitrogen (nitrate and nitrite) (AS N),Total,,7.7,mg/l,True,0.1,,,LAC10-107-04-1J,UHL001,Actual,SW,Water,,,Lee,07080107,River/Stream,,40.75340048,-91.2755898
6,10560002,Skunk River near Augusta,04/06/2017 08:40:00,AMBIENT,NIT-AMM,Ammonia-nitrogen (AS N),Total,,0.32,mg/l,True,0.05,,,LAC10-107-06-1J,UHL001,Actual,SW,Water,,,Lee,07080107,River/Stream,,40.75340048,-91.2755898
6,10560002,Skunk River near Augusta,04/06/2017 08:40:00,AMBIENT,NIT-KJELD,Kjeldahl nitrogen (AS N),Total,,1.5,mg/l,True,0.1,,,LAC10-107-06-2E,UHL001,Actual,SW,Water,,,Lee,07080107,River/Stream,,40.75340048,-91.2755898
6,10560002,Skunk River near Augusta,04/06/2017 08:40:00,AMBIENT,14265-44-2,Orthophosphate (AS P),Dissolved,,0.13,mg/l,True,0.02,,,LAC10-115-01-1A,UHL001,Actual,SW,Water,,,Lee,07080107,River/Stream,,40.75340048,-91.2755898
6,10560002,Skunk River near Augusta,04/06/2017 08:40:00,AMBIENT,PHOSP-PHOSP,Phosphate-phosphorus (AS P),Total,,1,mg/l,True,0.1,,,LAC10-115-01-1C,UHL001,Actual,SW,Water,,,Lee,07080107,River/Stream,,40.75340048,-91.2755898
6,10560002,Skunk River near Augusta,04/06/2017 08:40:00,AMBFLOW,FLOW,Flow,Total,,19400,cfs,True,,,,USGS CA8,USGS-DG,Actual,SW,Water,,,Lee,07080107,River/Stream,,40.75340048,-91.2755898
6,10560002,Skunk River near Augusta,05/08/2017 11:30:00,AMBIENT,TEMP-WATER,"Temperature, water",Total,,16.1,deg C,True,,,,2550,,Actual,SW,Water,,,Lee,07080107,River/Stream,,40.75340048,-91.2755898
6,10560002,Skunk River near Augusta,05/08/2017 11:30:00,AMBIENT,PH,pH,Total,,8.2,None,True,,,,4500-H,,Actual,SW,Water,,,Lee,07080107,River/Stream,,40.75340048,-91.2755898
6,10560002,Skunk River near Augusta,05/08/2017 11:30:00,AMBIENT,7782-44-7,Dissolved oxygen (DO),Total,,9.4,mg/l,True,,,,D888(C),,Actual,SW,Water,,,Lee,07080107,River/Stream,,40.75340048,-91.2755898
6,10560002,Skunk River near Augusta,05/08/2017 11:30:00,AMBIENT,TVSS,Volatile Suspended Solids,NonFilt,,36,mg/l,True,1,,,160.4,UHL001,Actual,SW,Water,,,Lee,07080107,River/Stream,,40.75340048,-91.2755898
6,10560002,Skunk River near Augusta,05/08/2017 11:30:00,AMBIENT,7439-95-4,Magnesium,Total,,28,mg/l,True,0.5,,,200.7(W),UHL001,Actual,SW,Water,,,Lee,07080107,River/Stream,,40.75340048,-91.2755898
6,10560002,Skunk River near Augusta,05/08/2017 11:30:00,AMBIENT,7440-09-7,Potassium,Total,,2.7,mg/l,True,1,,,200.7(W),UHL001,Actual,SW,Water,,,Lee,07080107,River/Stream,,40.75340048,-91.2755898
6,10560002,Skunk River near Augusta,05/08/2017 11:30:00,AMBIENT,7440-23-5,Sodium,Total,,8.8,mg/l,True,0.5,,,200.7(W),UHL001,Actual,SW,Water,,,Lee,07080107,River/Stream,,40.75340048,-91.2755898
6,10560002,Skunk River near Augusta,05/08/2017 11:30:00,AMBIENT,7440-70-2,Calcium,Total,,86,mg/l,True,1,,,200.7(W),UHL001,Actual,SW,Water,,,Lee,07080107,River/Stream,,40.75340048,-91.2755898
6,10560002,Skunk River near Augusta,05/08/2017 11:30:00,AMBIENT,TURB,Turbidity,Total,,140,NTU,True,1,,,2130-B,UHL001,Actual,SW,Water,,,Lee,07080107,River/Stream,,40.75340048,-91.2755898
6,10560002,Skunk River near Augusta,05/08/2017 11:30:00,AMBIENT,ALK-TOT,"Alkalinity, total",Total,,230,mg/l CaCO3,True,1,,,2320-B,UHL001,Actual,SW,Water,,,Lee,07080107,River/Stream,,40.75340048,-91.2755898
6,10560002,Skunk River near Augusta,05/08/2017 11:30:00,AMBIENT,HARD-CARB,"Hardness, carbonate",Total,,300,mg/l,True,1,,,2340C,UHL001,Actual,SW,Water,,,Lee,07080107,River/Stream,,40.75340048,-91.2755898
6,10560002,Skunk River near Augusta,05/08/2017 11:30:00,AMBIENT,TDS,Total dissolved solids,Dissolved,,390,mg/l,True,1,,,2540-C,UHL001,Actual,SW,Water,,,Lee,07080107,River/Stream,,40.75340048,-91.2755898
6,10560002,Skunk River near Augusta,05/08/2017 11:30:00,AMBIENT,14808-79-8,Sulfate (AS SO4),Total,,20,mg/l,True,4,,,300.0,UHL001,Actual,SW,Water,,,Lee,07080107,River/Stream,,40.75340048,-91.2755898
6,10560002,Skunk River near Augusta,05/08/2017 11:30:00,AMBIENT,16887-00-6,Chloride,Total,,20,mg/l,True,2,,,300.0,UHL001,Actual,SW,Water,,,Lee,07080107,River/Stream,,40.75340048,-91.2755898
6,10560002,Skunk River near Augusta,05/08/2017 11:30:00,AMBIENT,CLR-A-FREE,"Chlorophyll a, free of pheophytin",NonFilt,,9,ug/l,True,1,,,445,UHL001,Actual,SW,Water,,,Lee,07080107,River/Stream,,40.75340048,-91.2755898
6,10560002,Skunk River near Augusta,05/08/2017 11:30:00,AMBIENT,CBOD-SC,"Carbonaceous biochemical oxygen demand, standard conditions",Total,,2,mg/l,False,2,,,5210-B,UHL001,Actual,SW,Water,,,Lee,07080107,River/Stream,,40.75340048,-91.2755898
6,10560002,Skunk River near Augusta,05/08/2017 11:30:00,AMBIENT,ORG-CARB,Organic Carbon,Dissolved,,3.7,mg/l,True,0.5,,,5310-B,UHL001,Actual,SW,Water,,,Lee,07080107,River/Stream,,40.75340048,-91.2755898
6,10560002,Skunk River near Augusta,05/08/2017 11:30:00,AMBIENT,68583-22-2,Escherichia coli,Total,,200,MPN/100ml,True,10,,,9223-B,UHL001,Actual,SW,Water,,,Lee,07080107,River/Stream,,40.75340048,-91.2755898
6,10560002,Skunk River near Augusta,05/08/2017 11:30:00,AMBIENT,TSS,Total suspended solids,NonFilt,,340,mg/l,True,1,,,I3765,UHL001,Actual,SW,Water,,,Lee,07080107,River/Stream,,40.75340048,-91.2755898
6,10560002,Skunk River near Augusta,05/08/2017 11:30:00,AMBIENT,NIT-NO3-NO2,Inorganic nitrogen (nitrate and nitrite) (AS N),Total,,9.9,mg/l,True,0.1,,,LAC10-107-04-1J,UHL001,Actual,SW,Water,,,Lee,07080107,River/Stream,,40.75340048,-91.2755898
6,10560002,Skunk River near Augusta,05/08/2017 11:30:00,AMBIENT,NIT-AMM,Ammonia-nitrogen (AS N),Total,,0.05,mg/l,False,0.05,,,LAC10-107-06-1J,UHL001,Actual,SW,Water,,,Lee,07080107,River/Stream,,40.75340048,-91.2755898
6,10560002,Skunk River near Augusta,05/08/2017 11:30:00,AMBIENT,NIT-KJELD,Kjeldahl nitrogen (AS N),Total,,1.3,mg/l,True,0.1,,,LAC10-107-06-2E,UHL001,Actual,SW,Water,,,Lee,07080107,River/Stream,,40.75340048,-91.2755898
6,10560002,Skunk River near Augusta,05/08/2017 11:30:00,AMBIENT,14265-44-2,Orthophosphate (AS P),Dissolved,,0.12,mg/l,True,0.02,,,LAC10-115-01-1A,UHL001,Actual,SW,Water,,,Lee,07080107,River/Stream,,40.75340048,-91.2755898
6,10560002,Skunk River near Augusta,05/08/2017 11:30:00,AMBIENT,PHOSP-PHOSP,Phosphate-phosphorus (AS P),Total,,0.38,mg/l,True,0.1,,,LAC10-115-01-1C,UHL001,Actual,SW,Water,,,Lee,07080107,River/Stream,,40.75340048,-91.2755898
6,10560002,Skunk River near Augusta,05/08/2017 11:30:00,AMBFLOW,FLOW,Flow,Total,,6160,cfs,True,,,,USGS CA8,USGS-DG,Actual,SW,Water,,,Lee,07080107,River/Stream,,40.75340048,-91.2755898
6,10560002,Skunk River near Augusta,06/08/2017 09:45:00,AMBIENT,TEMP-WATER,"Temperature, water",Total,,23,deg C,True,,,,2550,,Actual,SW,Water,,,Lee,07080107,River/Stream,,40.75340048,-91.2755898
6,10560002,Skunk River near Augusta,06/08/2017 09:45:00,AMBIENT,PH,pH,Total,,8.3,None,True,,,,4500-H,,Actual,SW,Water,,,Lee,07080107,River/Stream,,40.75340048,-91.2755898
6,10560002,Skunk River near Augusta,06/08/2017 09:45:00,AMBIENT,7782-44-7,Dissolved oxygen (DO),Total,,8.2,mg/l,True,,,,D888(C),,Actual,SW,Water,,,Lee,07080107,River/Stream,,40.75340048,-91.2755898
6,10560002,Skunk River near Augusta,06/08/2017 09:45:00,AMBIENT,TVSS,Volatile Suspended Solids,NonFilt,,24,mg/l,True,1,,,160.4,UHL001,Actual,SW,Water,,,Lee,07080107,River/Stream,,40.75340048,-91.2755898
6,10560002,Skunk River near Augusta,06/08/2017 09:45:00,AMBIENT,7439-95-4,Magnesium,Total,,28,mg/l,True,0.5,,,200.7(W),UHL001,Actual,SW,Water,,,Lee,07080107,River/Stream,,40.75340048,-91.2755898
6,10560002,Skunk River near Augusta,06/08/2017 09:45:00,AMBIENT,7440-09-7,Potassium,Total,,1.9,mg/l,True,1,,,200.7(W),UHL001,Actual,SW,Water,,,Lee,07080107,River/Stream,,40.75340048,-91.2755898
6,10560002,Skunk River near Augusta,06/08/2017 09:45:00,AMBIENT,7440-23-5,Sodium,Total,,9.3,mg/l,True,0.5,,,200.7(W),UHL001,Actual,SW,Water,,,Lee,07080107,River/Stream,,40.75340048,-91.2755898
6,10560002,Skunk River near Augusta,06/08/2017 09:45:00,AMBIENT,7440-70-2,Calcium,Total,,85,mg/l,True,1,,,200.7(W),UHL001,Actual,SW,Water,,,Lee,07080107,River/Stream,,40.75340048,-91.2755898
6,10560002,Skunk River near Augusta,06/08/2017 09:45:00,AMBIENT,TURB,Turbidity,Total,,55,NTU,True,1,,,2130-B,UHL001,Actual,SW,Water,,,Lee,07080107,River/Stream,,40.75340048,-91.2755898
6,10560002,Skunk River near Augusta,06/08/2017 09:45:00,AMBIENT,ALK-TOT,"Alkalinity, total",Total,,250,mg/l CaCO3,True,1.0,,,2320-B,UHL001,Actual,SW,Water,,,Lee,07080107,River/Stream,,40.75340048,-91.2755898
6,10560002,Skunk River near Augusta,06/08/2017 09:45:00,AMBIENT,HARD-CARB,"Hardness, carbonate",Total,,320,mg/l,True,1,,,2340C,UHL001,Actual,SW,Water,,,Lee,07080107,River/Stream,,40.75340048,-91.2755898
6,10560002,Skunk River near Augusta,06/08/2017 09:45:00,AMBIENT,TDS,Total dissolved solids,Dissolved,,420,mg/l,True,1,,,2540-C,UHL001,Actual,SW,Water,,,Lee,07080107,River/Stream,,40.75340048,-91.2755898
6,10560002,Skunk River near Augusta,06/08/2017 09:45:00,AMBIENT,14808-79-8,Sulfate (AS SO4),Total,,23,mg/l,True,4,,,300.0,UHL001,Actual,SW,Water,,,Lee,07080107,River/Stream,,40.75340048,-91.2755898
6,10560002,Skunk River near Augusta,06/08/2017 09:45:00,AMBIENT,16887-00-6,Chloride,Total,,21,mg/l,True,2,,,300.0,UHL001,Actual,SW,Water,,,Lee,07080107,River/Stream,,40.75340048,-91.2755898
6,10560002,Skunk River near Augusta,06/08/2017 09:45:00,AMBIENT,CLR-A-FREE,"Chlorophyll a, free of pheophytin",NonFilt,,26,ug/l,True,1,,,445,UHL001,Actual,SW,Water,,,Lee,07080107,River/Stream,,40.75340048,-91.2755898
6,10560002,Skunk River near Augusta,06/08/2017 09:45:00,AMBIENT,CBOD-SC,"Carbonaceous biochemical oxygen demand, standard conditions",Total,,2,mg/l,False,2,,,5210-B,UHL001,Actual,SW,Water,,,Lee,07080107,River/Stream,,40.75340048,-91.2755898
6,10560002,Skunk River near Augusta,06/08/2017 09:45:00,AMBIENT,ORG-CARB,Organic Carbon,Dissolved,,2.2,mg/l,True,0.5,,,5310-B,UHL001,Actual,SW,Water,,,Lee,07080107,River/Stream,,40.75340048,-91.2755898
6,10560002,Skunk River near Augusta,06/08/2017 09:45:00,AMBIENT,68583-22-2,Escherichia coli,Total,,86,MPN/100ml,True,10,,,9223-B,UHL001,Actual,SW,Water,,Sample exceeded required temperature upon receipt.,Lee,07080107,River/Stream,,40.75340048,-91.2755898
6,10560002,Skunk River near Augusta,06/08/2017 09:45:00,AMBIENT,TSS,Total suspended solids,NonFilt,,160,mg/l,True,1,,,I3765,UHL001,Actual,SW,Water,,,Lee,07080107,River/Stream,,40.75340048,-91.2755898
6,10560002,Skunk River near Augusta,06/08/2017 09:45:00,AMBIENT,NIT-NO3-NO2,Inorganic nitrogen (nitrate and nitrite) (AS N),Total,,9.6,mg/l,True,0.1,,,LAC10-107-04-1J,UHL001,Actual,SW,Water,,,Lee,07080107,River/Stream,,40.75340048,-91.2755898
6,10560002,Skunk River near Augusta,06/08/2017 09:45:00,AMBIENT,NIT-AMM,Ammonia-nitrogen (AS N),Total,,0.05,mg/l,False,0.05,,,LAC10-107-06-1J,UHL001,Actual,SW,Water,,,Lee,07080107,River/Stream,,40.75340048,-91.2755898
6,10560002,Skunk River near Augusta,06/08/2017 09:45:00,AMBIENT,NIT-KJELD,Kjeldahl nitrogen (AS N),Total,,0.8,mg/l,True,0.1,,,LAC10-107-06-2E,UHL001,Actual,SW,Water,,,Lee,07080107,River/Stream,,40.75340048,-91.2755898
6,10560002,Skunk River near Augusta,06/08/2017 09:45:00,AMBIENT,14265-44-2,Orthophosphate (AS P),Dissolved,,0.14,mg/l,True,0.02,,,LAC10-115-01-1A,UHL001,Actual,SW,Water,,,Lee,07080107,River/Stream,,40.75340048,-91.2755898
6,10560002,Skunk River near Augusta,06/08/2017 09:45:00,AMBIENT,PHOSP-PHOSP,Phosphate-phosphorus (AS P),Total,,0.28,mg/l,True,0.1,,,LAC10-115-01-1C,UHL001,Actual,SW,Water,,,Lee,07080107,River/Stream,,40.75340048,-91.2755898
6,10560002,Skunk River near Augusta,06/08/2017 09:45:00,AMBFLOW,FLOW,Flow,Total,,3300,cfs,True,,,,USGS CA8,USGS-DG,Actual,SW,Water,,,Lee,07080107,River/Stream,,40.75340048,-91.2755898
6,10560002,Skunk River near Augusta,07/06/2017 10:10:00,AMBIENT,TEMP-WATER,"Temperature, water",Total,,27,deg C,True,,,,2550,,Actual,SW,Water,,,Lee,07080107,River/Stream,,40.75340048,-91.2755898
6,10560002,Skunk River near Augusta,07/06/2017 10:10:00,AMBIENT,PH,pH,Total,,8.5,None,True,,,,4500-H,,Actual,SW,Water,,,Lee,07080107,River/Stream,,40.75340048,-91.2755898
6,10560002,Skunk River near Augusta,07/06/2017 10:10:00,AMBIENT,7782-44-7,Dissolved oxygen (DO),Total,,8.2,mg/l,True,,,,D888(C),,Actual,SW,Water,,,Lee,07080107,River/Stream,,40.75340048,-91.2755898
6,10560002,Skunk River near Augusta,07/06/2017 10:10:00,AMBIENT,TVSS,Volatile Suspended Solids,NonFilt,,15,mg/l,True,1,,,160.4,UHL001,Actual,SW,Water,,,Lee,07080107,River/Stream,,40.75340048,-91.2755898
6,10560002,Skunk River near Augusta,07/06/2017 10:10:00,AMBIENT,7439-95-4,Magnesium,Total,,26,mg/l,True,0.5,,,200.7(W),UHL001,Actual,SW,Water,,,Lee,07080107,River/Stream,,40.75340048,-91.2755898
6,10560002,Skunk River near Augusta,07/06/2017 10:10:00,AMBIENT,7440-09-7,Potassium,Total,,2.1,mg/l,True,1,,,200.7(W),UHL001,Actual,SW,Water,,,Lee,07080107,River/Stream,,40.75340048,-91.2755898
6,10560002,Skunk River near Augusta,07/06/2017 10:10:00,AMBIENT,7440-23-5,Sodium,Total,,11,mg/l,True,0.5,,,200.7(W),UHL001,Actual,SW,Water,,,Lee,07080107,River/Stream,,40.75340048,-91.2755898
6,10560002,Skunk River near Augusta,07/06/2017 10:10:00,AMBIENT,7440-70-2,Calcium,Total,,78,mg/l,True,1,,,200.7(W),UHL001,Actual,SW,Water,,,Lee,07080107,River/Stream,,40.75340048,-91.2755898
6,10560002,Skunk River near Augusta,07/06/2017 10:10:00,AMBIENT,7429-90-5,Aluminum,Total,,1.4,mg/l,True,0.05,,,200.8(W),UHL001,Actual,SW,Water,,,Lee,07080107,River/Stream,,40.75340048,-91.2755898
6,10560002,Skunk River near Augusta,07/06/2017 10:10:00,AMBIENT,TURB,Turbidity,Total,,43,NTU,True,1,,,2130-B,UHL001,Actual,SW,Water,,,Lee,07080107,River/Stream,,40.75340048,-91.2755898
6,10560002,Skunk River near Augusta,07/06/2017 10:10:00,AMBIENT,ALK-TOT,"Alkalinity, total",Total,,240,mg/l CaCO3,True,1,,,2320-B,UHL001,Actual,SW,Water,,,Lee,07080107,River/Stream,,40.75340048,-91.2755898
6,10560002,Skunk River near Augusta,07/06/2017 10:10:00,AMBIENT,HARD-CARB,"Hardness, carbonate",Total,,300,mg/l,True,1,,,2340C,UHL001,Actual,SW,Water,,,Lee,07080107,River/Stream,,40.75340048,-91.2755898
6,10560002,Skunk River near Augusta,07/06/2017 10:10:00,AMBIENT,TDS,Total dissolved solids,Dissolved,,380,mg/l,True,1,,,2540-C,UHL001,Actual,SW,Water,,,Lee,07080107,River/Stream,,40.75340048,-91.2755898
6,10560002,Skunk River near Augusta,07/06/2017 10:10:00,AMBIENT,14808-79-8,Sulfate (AS SO4),Total,,32,mg/l,True,4,,,300.0,UHL001,Actual,SW,Water,,,Lee,07080107,River/Stream,,40.75340048,-91.2755898
6,10560002,Skunk River near Augusta,07/06/2017 10:10:00,AMBIENT,16887-00-6,Chloride,Total,,21,mg/l,True,2,,,300.0,UHL001,Actual,SW,Water,,,Lee,07080107,River/Stream,,40.75340048,-91.2755898
6,10560002,Skunk River near Augusta,07/06/2017 10:10:00,AMBIENT,CLR-A-FREE,"Chlorophyll a, free of pheophytin",NonFilt,,69,ug/l,True,1,,,445,UHL001,Actual,SW,Water,,,Lee,07080107,River/Stream,,40.75340048,-91.2755898
6,10560002,Skunk River near Augusta,07/06/2017 10:10:00,AMBIENT,CBOD-SC,"Carbonaceous biochemical oxygen demand, standard conditions",Total,,2,mg/l,False,2,,,5210-B,UHL001,Actual,SW,Water,,,Lee,07080107,River/Stream,,40.75340048,-91.2755898
6,10560002,Skunk River near Augusta,07/06/2017 10:10:00,AMBIENT,ORG-CARB,Organic Carbon,Dissolved,,2.5,mg/l,True,0.5,,,5310-B,UHL001,Actual,SW,Water,,,Lee,07080107,River/Stream,,40.75340048,-91.2755898
6,10560002,Skunk River near Augusta,07/06/2017 10:10:00,AMBIENT,68583-22-2,Escherichia coli,Total,,86,MPN/100ml,True,10,,,9223-B,UHL001,Actual,SW,Water,,,Lee,07080107,River/Stream,,40.75340048,-91.2755898
6,10560002,Skunk River near Augusta,07/06/2017 10:10:00,AMBIENT,TSS,Total suspended solids,NonFilt,,81,mg/l,True,1,,,I3765,UHL001,Actual,SW,Water,,,Lee,07080107,River/Stream,,40.75340048,-91.2755898
6,10560002,Skunk River near Augusta,07/06/2017 10:10:00,AMBIENT,NIT-NO3-NO2,Inorganic nitrogen (nitrate and nitrite) (AS N),Total,,5.5,mg/l,True,0.1,,,LAC10-107-04-1J,UHL001,Actual,SW,Water,,,Lee,07080107,River/Stream,,40.75340048,-91.2755898
6,10560002,Skunk River near Augusta,07/06/2017 10:10:00,AMBIENT,NIT-AMM,Ammonia-nitrogen (AS N),Total,,0.05,mg/l,False,0.05,,,LAC10-107-06-1J,UHL001,Actual,SW,Water,,,Lee,07080107,River/Stream,,40.75340048,-91.2755898
6,10560002,Skunk River near Augusta,07/06/2017 10:10:00,AMBIENT,NIT-KJELD,Kjeldahl nitrogen (AS N),Total,,0.7,mg/l,True,0.1,,,LAC10-107-06-2E,UHL001,Actual,SW,Water,,,Lee,07080107,River/Stream,,40.75340048,-91.2755898
6,10560002,Skunk River near Augusta,07/06/2017 10:10:00,AMBIENT,14265-44-2,Orthophosphate (AS P),Dissolved,,0.1,mg/l,True,0.02,,,LAC10-115-01-1A,UHL001,Actual,SW,Water,,,Lee,07080107,River/Stream,,40.75340048,-91.2755898
6,10560002,Skunk River near Augusta,07/06/2017 10:10:00,AMBIENT,PHOSP-PHOSP,Phosphate-phosphorus (AS P),Total,,0.29,mg/l,True,0.1,,,LAC10-115-01-1C,UHL001,Actual,SW,Water,,,Lee,07080107,River/Stream,,40.75340048,-91.2755898
6,10560002,Skunk River near Augusta,07/06/2017 10:15:00,AMBIENT,7782-49-2,Selenium,Dissolved,,1.6,ug/l,True,0.5,,,200.8(W),UHL001,Actual,SW,Water,,,Lee,07080107,River/Stream,,40.75340048,-91.2755898
6,10560002,Skunk River near Augusta,07/06/2017 10:15:00,AMBIENT,7440-43-9,Cadmium,Dissolved,,0.05,ug/l,False,0.05,,,200.8(W),UHL001,Actual,SW,Water,,,Lee,07080107,River/Stream,,40.75340048,-91.2755898
6,10560002,Skunk River near Augusta,07/06/2017 10:15:00,AMBIENT,7439-92-1,Lead,Dissolved,,0.05,ug/l,False,0.05,,,200.8(W),UHL001,Actual,SW,Water,,,Lee,07080107,River/Stream,,40.75340048,-91.2755898
6,10560002,Skunk River near Augusta,07/06/2017 10:15:00,AMBIENT,7440-02-0,Nickel,Dissolved,,2.1,ug/l,True,0.05,,,200.8(W),UHL001,Actual,SW,Water,,,Lee,07080107,River/Stream,,40.75340048,-91.2755898
6,10560002,Skunk River near Augusta,07/06/2017 10:15:00,AMBIENT,7440-22-4,Silver,Dissolved,,0.05,ug/l,False,0.05,,,200.8(W),UHL001,Actual,SW,Water,,,Lee,07080107,River/Stream,,40.75340048,-91.2755898
6,10560002,Skunk River near Augusta,07/06/2017 10:15:00,AMBIENT,7440-38-2,Arsenic,Dissolved,,2.5,ug/l,True,0.05,,,200.8(W),UHL001,Actual,SW,Water,,,Lee,07080107,River/Stream,,40.75340048,-91.2755898
6,10560002,Skunk River near Augusta,07/06/2017 10:15:00,AMBIENT,7440-47-3,Chromium,Dissolved,,0.72,ug/l,True,0.05,,,200.8(W),UHL001,Actual,SW,Water,,,Lee,07080107,River/Stream,,40.75340048,-91.2755898
6,10560002,Skunk River near Augusta,07/06/2017 10:15:00,AMBIENT,7440-50-8,Copper,Dissolved,,1.5,ug/l,True,0.05,,,200.8(W),UHL001,Actual,SW,Water,,,Lee,07080107,River/Stream,,40.75340048,-91.2755898
6,10560002,Skunk River near Augusta,07/06/2017 10:15:00,AMBIENT,7440-66-6,Zinc,Dissolved,,0.92,ug/l,True,0.05,,,200.8(W),UHL001,ACTUAL,SW,Water,B,Original result 0.92. Blank detect 0.11.,Lee,07080107,River/Stream,,40.75340048,-91.2755898
6,10560002,Skunk River near Augusta,07/06/2017 10:10:00,AMBFLOW,FLOW,Flow,Total,,1070,cfs,True,,,,USGS CA8,USGS-DG,Actual,SW,Water,,,Lee,07080107,River/Stream,,40.75340048,-91.2755898
6,10560002,Skunk River near Augusta,08/08/2017 10:00:00,AMBIENT,TEMP-WATER,"Temperature, water",Total,,22.6,deg C,True,,,,2550,,Actual,SW,Water,,,Lee,07080107,River/Stream,,40.75340048,-91.2755898
6,10560002,Skunk River near Augusta,08/08/2017 10:00:00,AMBIENT,PH,pH,Total,,8,None,True,,,,4500-H,,Actual,SW,Water,,,Lee,07080107,River/Stream,,40.75340048,-91.2755898
6,10560002,Skunk River near Augusta,08/08/2017 10:00:00,AMBIENT,7782-44-7,Dissolved oxygen (DO),Total,,8.8,mg/l,True,,,,D888(C),,Actual,SW,Water,,,Lee,07080107,River/Stream,,40.75340048,-91.2755898
6,10560002,Skunk River near Augusta,08/08/2017 10:00:00,AMBIENT,TVSS,Volatile Suspended Solids,NonFilt,,26,mg/l,True,1,,,160.4,UHL001,Actual,SW,Water,,,Lee,07080107,River/Stream,,40.75340048,-91.2755898
6,10560002,Skunk River near Augusta,08/08/2017 10:00:00,AMBIENT,TURB,Turbidity,Total,,38,NTU,True,1,,,2130-B,UHL001,Actual,SW,Water,,,Lee,07080107,River/Stream,,40.75340048,-91.2755898
6,10560002,Skunk River near Augusta,08/08/2017 10:00:00,AMBIENT,HARD-CARB,"Hardness, carbonate",Total,,260,mg/l,True,1,,,2340C,UHL001,Actual,SW,Water,,,Lee,07080107,River/Stream,,40.75340048,-91.2755898
6,10560002,Skunk River near Augusta,08/08/2017 10:00:00,AMBIENT,TDS,Total dissolved solids,Dissolved,,340,mg/l,True,1,,,2540-C,UHL001,Actual,SW,Water,,,Lee,07080107,River/Stream,,40.75340048,-91.2755898
6,10560002,Skunk River near Augusta,08/08/2017 10:00:00,AMBIENT,14808-79-8,Sulfate (AS SO4),Total,,49,mg/l,True,4,,,300.0,UHL001,Actual,SW,Water,,,Lee,07080107,River/Stream,,40.75340048,-91.2755898
6,10560002,Skunk River near Augusta,08/08/2017 10:00:00,AMBIENT,16887-00-6,Chloride,Total,,27,mg/l,True,2,,,300.0,UHL001,Actual,SW,Water,,,Lee,07080107,River/Stream,,40.75340048,-91.2755898
6,10560002,Skunk River near Augusta,08/08/2017 10:00:00,AMBIENT,CLR-A-FREE,"Chlorophyll a, free of pheophytin",NonFilt,,58,ug/l,True,1,,,445,UHL001,Actual,SW,Water,,,Lee,07080107,River/Stream,,40.75340048,-91.2755898
6,10560002,Skunk River near Augusta,08/08/2017 10:00:00,AMBIENT,CBOD-SC,"Carbonaceous biochemical oxygen demand, standard conditions",Total,,3,mg/l,True,2,,,5210-B,UHL001,Actual,SW,Water,,,Lee,07080107,River/Stream,,40.75340048,-91.2755898
6,10560002,Skunk River near Augusta,08/08/2017 10:00:00,AMBIENT,68583-22-2,Escherichia coli,Total,,130,MPN/100ml,True,10,,,9223-B,UHL001,Actual,SW,Water,,,Lee,07080107,River/Stream,,40.75340048,-91.2755898
6,10560002,Skunk River near Augusta,08/08/2017 10:00:00,AMBIENT,TSS,Total suspended solids,NonFilt,,62,mg/l,True,1,,,I3765,UHL001,Actual,SW,Water,,,Lee,07080107,River/Stream,,40.75340048,-91.2755898
6,10560002,Skunk River near Augusta,08/08/2017 10:00:00,AMBIENT,NIT-NO3-NO2,Inorganic nitrogen (nitrate and nitrite) (AS N),Total,,0.1,mg/l,False,0.1,,,LAC10-107-04-1J,UHL001,Actual,SW,Water,,,Lee,07080107,River/Stream,,40.75340048,-91.2755898
6,10560002,Skunk River near Augusta,08/08/2017 10:00:00,AMBIENT,NIT-AMM,Ammonia-nitrogen (AS N),Total,,0.05,mg/l,False,0.05,,,LAC10-107-06-1J,UHL001,Actual,SW,Water,,,Lee,07080107,River/Stream,,40.75340048,-91.2755898
6,10560002,Skunk River near Augusta,08/08/2017 10:00:00,AMBIENT,NIT-KJELD,Kjeldahl nitrogen (AS N),Total,,1,mg/l,True,0.1,,,LAC10-107-06-2E,UHL001,Actual,SW,Water,,,Lee,07080107,River/Stream,,40.75340048,-91.2755898
6,10560002,Skunk River near Augusta,08/08/2017 10:00:00,AMBIENT,14265-44-2,Orthophosphate (AS P),Dissolved,,0.07,mg/l,True,0.02,,,LAC10-115-01-1A,UHL001,Actual,SW,Water,,,Lee,07080107,River/Stream,,40.75340048,-91.2755898
6,10560002,Skunk River near Augusta,08/08/2017 10:00:00,AMBIENT,PHOSP-PHOSP,Phosphate-phosphorus (AS P),Total,,0.32,mg/l,True,0.1,,,LAC10-115-01-1C,UHL001,Actual,SW,Water,,,Lee,07080107,River/Stream,,40.75340048,-91.2755898
6,10560002,Skunk River near Augusta,08/08/2017 10:00:00,AMBFLOW,FLOW,Flow,Total,,256,cfs,True,,,,USGS CA8,USGS-DG,Actual,SW,Water,,,Lee,07080107,River/Stream,,40.75340048,-91.2755898
6,10560002,Skunk River near Augusta,10/05/2017 10:00:00,AMBIENT,TEMP-WATER,"Temperature, water",Total,,20,deg C,True,,,,2550,,Actual,SW,Water,,,Lee,07080107,River/Stream,,40.75340048,-91.2755898
6,10560002,Skunk River near Augusta,10/05/2017 10:00:00,AMBIENT,PH,pH,Total,,8.5,None,True,,,,4500-H,,Actual,SW,Water,,,Lee,07080107,River/Stream,,40.75340048,-91.2755898
6,10560002,Skunk River near Augusta,10/05/2017 10:00:00,AMBIENT,7782-44-7,Dissolved oxygen (DO),Total,,7.9,mg/l,True,,,,D888(C),,Actual,SW,Water,,,Lee,07080107,River/Stream,,40.75340048,-91.2755898
6,10560002,Skunk River near Augusta,10/05/2017 10:00:00,AMBIENT,TVSS,Volatile Suspended Solids,NonFilt,,17,mg/l,True,1,,,160.4,UHL001,Actual,SW,Water,,,Lee,07080107,River/Stream,,40.75340048,-91.2755898
6,10560002,Skunk River near Augusta,10/05/2017 10:00:00,AMBIENT,TURB,Turbidity,Total,,33,NTU,True,1,,,2130-B,UHL001,Actual,SW,Water,,,Lee,07080107,River/Stream,,40.75340048,-91.2755898
6,10560002,Skunk River near Augusta,10/05/2017 10:00:00,AMBIENT,HARD-CARB,"Hardness, carbonate",Total,,260,mg/l,True,1,,,2340C,UHL001,Actual,SW,Water,,,Lee,07080107,River/Stream,,40.75340048,-91.2755898
6,10560002,Skunk River near Augusta,10/05/2017 10:00:00,AMBIENT,TDS,Total dissolved solids,Dissolved,,350,mg/l,True,1,,,2540-C,UHL001,Actual,SW,Water,,,Lee,07080107,River/Stream,,40.75340048,-91.2755898
6,10560002,Skunk River near Augusta,10/05/2017 10:00:00,AMBIENT,14808-79-8,Sulfate (AS SO4),Total,,65,mg/l,True,4,,,300.0,UHL001,Actual,SW,Water,,,Lee,07080107,River/Stream,,40.75340048,-91.2755898
6,10560002,Skunk River near Augusta,10/05/2017 10:00:00,AMBIENT,16887-00-6,Chloride,Total,,29,mg/l,True,2,,,300.0,UHL001,Actual,SW,Water,,,Lee,07080107,River/Stream,,40.75340048,-91.2755898
6,10560002,Skunk River near Augusta,10/05/2017 10:00:00,AMBIENT,CLR-A-FREE,"Chlorophyll a, free of pheophytin",NonFilt,,56,ug/l,True,1,,,445,UHL001,Actual,SW,Water,,,Lee,07080107,River/Stream,,40.75340048,-91.2755898
6,10560002,Skunk River near Augusta,10/05/2017 10:00:00,AMBIENT,CBOD-SC,"Carbonaceous biochemical oxygen demand, standard conditions",Total,,3,mg/l,True,2,,,5210-B,UHL001,Actual,SW,Water,,,Lee,07080107,River/Stream,,40.75340048,-91.2755898
6,10560002,Skunk River near Augusta,10/05/2017 10:00:00,AMBIENT,68583-22-2,Escherichia coli,Total,,720,MPN/100ml,True,10,,,9223-B,UHL001,Actual,SW,Water,,,Lee,07080107,River/Stream,,40.75340048,-91.2755898
6,10560002,Skunk River near Augusta,10/05/2017 10:00:00,AMBIENT,TSS,Total suspended solids,NonFilt,,50,mg/l,True,1,,,I3765,UHL001,Actual,SW,Water,,,Lee,07080107,River/Stream,,40.75340048,-91.2755898
6,10560002,Skunk River near Augusta,10/05/2017 10:00:00,AMBIENT,NIT-NO3-NO2,Inorganic nitrogen (nitrate and nitrite) (AS N),Total,,0.1,mg/l,False,0.1,,,LAC10-107-04-1J,UHL001,Actual,SW,Water,,,Lee,07080107,River/Stream,,40.75340048,-91.2755898
6,10560002,Skunk River near Augusta,10/05/2017 10:00:00,AMBIENT,NIT-AMM,Ammonia-nitrogen (AS N),Total,,0.05,mg/l,False,0.05,,,LAC10-107-06-1J,UHL001,Actual,SW,Water,,,Lee,07080107,River/Stream,,40.75340048,-91.2755898
6,10560002,Skunk River near Augusta,10/05/2017 10:00:00,AMBIENT,NIT-KJELD,Kjeldahl nitrogen (AS N),Total,,0.8,mg/l,True,0.1,,,LAC10-107-06-2E,UHL001,Actual,SW,Water,,,Lee,07080107,River/Stream,,40.75340048,-91.2755898
6,10560002,Skunk River near Augusta,10/05/2017 10:00:00,AMBIENT,14265-44-2,Orthophosphate (AS P),Dissolved,,0.06,mg/l,True,0.02,,,LAC10-115-01-1A,UHL001,Actual,SW,Water,,,Lee,07080107,River/Stream,,40.75340048,-91.2755898
6,10560002,Skunk River near Augusta,10/05/2017 10:00:00,AMBIENT,PHOSP-PHOSP,Phosphate-phosphorus (AS P),Total,,0.23,mg/l,True,0.1,,,LAC10-115-01-1C,UHL001,Actual,SW,Water,,,Lee,07080107,River/Stream,,40.75340048,-91.2755898
6,10560002,Skunk River near Augusta,09/11/2017 11:20:00,AMBIENT,TEMP-WATER,"Temperature, water",Total,,19.9,deg C,True,,,,2550,,Actual,SW,Water,,,Lee,07080107,River/Stream,,40.75340048,-91.2755898
6,10560002,Skunk River near Augusta,09/11/2017 11:20:00,AMBIENT,PH,pH,Total,,8.5,None,True,,,,4500-H,,Actual,SW,Water,,,Lee,07080107,River/Stream,,40.75340048,-91.2755898
6,10560002,Skunk River near Augusta,09/11/2017 11:20:00,AMBIENT,7782-44-7,Dissolved oxygen (DO),Total,,8.3,mg/l,True,,,,D888(C),,Actual,SW,Water,,,Lee,07080107,River/Stream,,40.75340048,-91.2755898
6,10560002,Skunk River near Augusta,09/11/2017 11:20:00,AMBIENT,TVSS,Volatile Suspended Solids,NonFilt,,18,mg/l,True,1,,,160.4,UHL001,Actual,SW,Water,,,Lee,07080107,River/Stream,,40.75340048,-91.2755898
6,10560002,Skunk River near Augusta,09/11/2017 11:20:00,AMBIENT,7439-95-4,Magnesium,Total,,27,mg/l,True,0.5,,,200.7(W),UHL001,Actual,SW,Water,,,Lee,07080107,River/Stream,,40.75340048,-91.2755898
6,10560002,Skunk River near Augusta,09/11/2017 11:20:00,AMBIENT,7440-09-7,Potassium,Total,,4.2,mg/l,True,1,,,200.7(W),UHL001,Actual,SW,Water,,,Lee,07080107,River/Stream,,40.75340048,-91.2755898
6,10560002,Skunk River near Augusta,09/11/2017 11:20:00,AMBIENT,7440-23-5,Sodium,Total,,21,mg/l,True,0.5,,,200.7(W),UHL001,Actual,SW,Water,,,Lee,07080107,River/Stream,,40.75340048,-91.2755898
6,10560002,Skunk River near Augusta,09/11/2017 11:20:00,AMBIENT,7440-70-2,Calcium,Total,,68,mg/l,True,1,,,200.7(W),UHL001,Actual,SW,Water,,,Lee,07080107,River/Stream,,40.75340048,-91.2755898
6,10560002,Skunk River near Augusta,09/11/2017 11:20:00,AMBIENT,7429-90-5,Aluminum,Total,,1.5,mg/l,True,0.05,,,200.8(W),UHL001,Actual,SW,Water,,,Lee,07080107,River/Stream,,40.75340048,-91.2755898
6,10560002,Skunk River near Augusta,09/11/2017 11:20:00,AMBIENT,TURB,Turbidity,Total,,42,NTU,True,1,,,2130-B,UHL001,Actual,SW,Water,,,Lee,07080107,River/Stream,,40.75340048,-91.2755898
6,10560002,Skunk River near Augusta,09/11/2017 11:20:00,AMBIENT,ALK-TOT,"Alkalinity, total",Total,,220,mg/l CaCO3,True,1,,,2320-B,UHL001,Actual,SW,Water,,,Lee,07080107,River/Stream,,40.75340048,-91.2755898
6,10560002,Skunk River near Augusta,09/11/2017 11:20:00,AMBIENT,HARD-CARB,"Hardness, carbonate",Total,,270,mg/l,True,1,,,2340C,UHL001,Actual,SW,Water,,,Lee,07080107,River/Stream,,40.75340048,-91.2755898
6,10560002,Skunk River near Augusta,09/11/2017 11:20:00,AMBIENT,TDS,Total dissolved solids,Dissolved,,360,mg/l,True,1,,,2540-C,UHL001,Actual,SW,Water,,,Lee,07080107,River/Stream,,40.75340048,-91.2755898
6,10560002,Skunk River near Augusta,09/11/2017 11:20:00,AMBIENT,14808-79-8,Sulfate (AS SO4),Total,,49,mg/l,True,10,,,300.0,UHL001,Actual,SW,Water,,,Lee,07080107,River/Stream,,40.75340048,-91.2755898
6,10560002,Skunk River near Augusta,09/11/2017 11:20:00,AMBIENT,16887-00-6,Chloride,Total,,29,mg/l,True,5,,,300.0,UHL001,Actual,SW,Water,,,Lee,07080107,River/Stream,,40.75340048,-91.2755898
6,10560002,Skunk River near Augusta,09/11/2017 11:20:00,AMBIENT,CLR-A-FREE,"Chlorophyll a, free of pheophytin",NonFilt,,41,ug/l,True,1,,,445,UHL001,Actual,SW,Water,,,Lee,07080107,River/Stream,,40.75340048,-91.2755898
6,10560002,Skunk River near Augusta,09/11/2017 11:20:00,AMBIENT,CBOD-SC,"Carbonaceous biochemical oxygen demand, standard conditions",Total,,3,mg/l,True,2,,,5210-B,UHL001,Actual,SW,Water,,,Lee,07080107,River/Stream,,40.75340048,-91.2755898
6,10560002,Skunk River near Augusta,09/11/2017 11:20:00,AMBIENT,ORG-CARB,Organic Carbon,Dissolved,,3.6,mg/l,True,0.5,,,5310-B,UHL001,Actual,SW,Water,,,Lee,07080107,River/Stream,,40.75340048,-91.2755898
6,10560002,Skunk River near Augusta,09/11/2017 11:20:00,AMBIENT,68583-22-2,Escherichia coli,Total,,200,MPN/100ml,True,10,,,9223-B,UHL001,Actual,SW,Water,,,Lee,07080107,River/Stream,,40.75340048,-91.2755898
6,10560002,Skunk River near Augusta,09/11/2017 11:20:00,AMBIENT,TSS,Total suspended solids,NonFilt,,66,mg/l,True,1,,,I3765,UHL001,Actual,SW,Water,,,Lee,07080107,River/Stream,,40.75340048,-91.2755898
6,10560002,Skunk River near Augusta,09/11/2017 11:20:00,AMBIENT,NIT-NO3-NO2,Inorganic nitrogen (nitrate and nitrite) (AS N),Total,,0.1,mg/l,False,0.1,,,LAC10-107-04-1J,UHL001,Actual,SW,Water,,,Lee,07080107,River/Stream,,40.75340048,-91.2755898
6,10560002,Skunk River near Augusta,09/11/2017 11:20:00,AMBIENT,NIT-AMM,Ammonia-nitrogen (AS N),Total,,0.05,mg/l,False,0.05,,,LAC10-107-06-1J,UHL001,Actual,SW,Water,,,Lee,07080107,River/Stream,,40.75340048,-91.2755898
6,10560002,Skunk River near Augusta,09/11/2017 11:20:00,AMBIENT,NIT-KJELD,Kjeldahl nitrogen (AS N),Total,,0.9,mg/l,True,0.1,,,LAC10-107-06-2E,UHL001,Actual,SW,Water,,,Lee,07080107,River/Stream,,40.75340048,-91.2755898
6,10560002,Skunk River near Augusta,09/11/2017 11:20:00,AMBIENT,14265-44-2,Orthophosphate (AS P),Dissolved,,0.07,mg/l,True,0.02,,,LAC10-115-01-1A,UHL001,Actual,SW,Water,,,Lee,07080107,River/Stream,,40.75340048,-91.2755898
6,10560002,Skunk River near Augusta,09/11/2017 11:20:00,AMBIENT,PHOSP-PHOSP,Phosphate-phosphorus (AS P),Total,,0.31,mg/l,True,0.1,,,LAC10-115-01-1C,UHL001,Actual,SW,Water,,,Lee,07080107,River/Stream,,40.75340048,-91.2755898
6,10560002,Skunk River near Augusta,09/11/2017 11:30:00,AMBIENT,7439-92-1,Lead,Dissolved,,0.05,ug/l,False,0.05,,,200.8(W),UHL001,Actual,SW,Water,,,Lee,07080107,River/Stream,,40.75340048,-91.2755898
6,10560002,Skunk River near Augusta,09/11/2017 11:30:00,AMBIENT,7440-02-0,Nickel,Dissolved,,3.3,ug/l,True,0.05,,,200.8(W),UHL001,Actual,SW,Water,,,Lee,07080107,River/Stream,,40.75340048,-91.2755898
6,10560002,Skunk River near Augusta,09/11/2017 11:30:00,AMBIENT,7440-22-4,Silver,Dissolved,,0.05,ug/l,False,0.05,,,200.8(W),UHL001,Actual,SW,Water,,,Lee,07080107,River/Stream,,40.75340048,-91.2755898
6,10560002,Skunk River near Augusta,09/11/2017 11:30:00,AMBIENT,7440-43-9,Cadmium,Dissolved,,0.05,ug/l,False,0.05,,,200.8(W),UHL001,Actual,SW,Water,,,Lee,07080107,River/Stream,,40.75340048,-91.2755898
6,10560002,Skunk River near Augusta,09/11/2017 11:30:00,AMBIENT,7440-47-3,Chromium,Dissolved,,0.53,ug/l,True,0.05,,,200.8(W),UHL001,Actual,SW,Water,,,Lee,07080107,River/Stream,,40.75340048,-91.2755898
6,10560002,Skunk River near Augusta,09/11/2017 11:30:00,AMBIENT,7440-50-8,Copper,Dissolved,,2.9,ug/l,True,0.05,,,200.8(W),UHL001,Actual,SW,Water,,,Lee,07080107,River/Stream,,40.75340048,-91.2755898
6,10560002,Skunk River near Augusta,09/11/2017 11:30:00,AMBIENT,7440-38-2,Arsenic,Dissolved,,2.4,ug/l,True,0.05,,,200.8(W),UHL001,Actual,SW,Water,,,Lee,07080107,River/Stream,,40.75340048,-91.2755898
6,10560002,Skunk River near Augusta,09/11/2017 11:30:00,AMBIENT,7440-66-6,Zinc,Dissolved,,3.8,ug/l,True,0.05,,,200.8(W),UHL001,Actual,SW,Water,,,Lee,07080107,River/Stream,,40.75340048,-91.2755898
6,10560002,Skunk River near Augusta,09/11/2017 11:30:00,AMBIENT,7782-49-2,Selenium,Dissolved,,2.3,ug/l,True,0.5,,,200.8(W),UHL001,Actual,SW,Water,,,Lee,07080107,River/Stream,,40.75340048,-91.2755898
6,10560002,Skunk River near Augusta,09/11/2017 11:20:00,AMBFLOW,FLOW,Flow,Total,,123,cfs,True,,,,USGS CA8,USGS-DG,Actual,SW,Water,,,Lee,07080107,River/Stream,,40.75340048,-91.2755898
6,10560002,Skunk River near Augusta,10/05/2017 10:00:00,AMBFLOW,FLOW,Flow,Total,,127,cfs,True,,,,USGS CA8,USGS-DG,Actual,SW,Water,,,Lee,07080107,River/Stream,,40.75340048,-91.2755898
6,10560002,Skunk River near Augusta,12/05/2017 10:20:00,AMBIENT,TEMP-WATER,"Temperature, water",Total,,5.2,deg C,True,,,,2550,,Actual,SW,Water,,,Lee,07080107,River/Stream,,40.75340048,-91.2755898
6,10560002,Skunk River near Augusta,12/05/2017 10:20:00,AMBIENT,PH,pH,Total,,8.8,None,True,,,,4500-H,,Actual,SW,Water,,,Lee,07080107,River/Stream,,40.75340048,-91.2755898
6,10560002,Skunk River near Augusta,12/05/2017 10:20:00,AMBIENT,7782-44-7,Dissolved oxygen (DO),Total,,12.2,mg/l,True,,,,D888(C),,Actual,SW,Water,,,Lee,07080107,River/Stream,,40.75340048,-91.2755898
6,10560002,Skunk River near Augusta,12/05/2017 10:20:00,AMBIENT,TVSS,Volatile Suspended Solids,NonFilt,,8,mg/l,True,1,,,160.4,UHL001,Actual,SW,Water,,,Lee,07080107,River/Stream,,40.75340048,-91.2755898
6,10560002,Skunk River near Augusta,12/05/2017 10:20:00,AMBIENT,TURB,Turbidity,Total,,5.7,NTU,True,1,,,2130-B,UHL001,Actual,SW,Water,,,Lee,07080107,River/Stream,,40.75340048,-91.2755898
6,10560002,Skunk River near Augusta,12/05/2017 10:20:00,AMBIENT,HARD-CARB,"Hardness, carbonate",Total,,270,mg/l,True,1,,,2340C,UHL001,Actual,SW,Water,,,Lee,07080107,River/Stream,,40.75340048,-91.2755898
6,10560002,Skunk River near Augusta,12/05/2017 10:20:00,AMBIENT,TDS,Total dissolved solids,Dissolved,,340,mg/l,True,1,,,2540-C,UHL001,Actual,SW,Water,,,Lee,07080107,River/Stream,,40.75340048,-91.2755898
6,10560002,Skunk River near Augusta,12/05/2017 10:20:00,AMBIENT,14808-79-8,Sulfate (AS SO4),Total,,62,mg/l,True,8,,,300.0,UHL001,Actual,SW,Water,,,Lee,07080107,River/Stream,,40.75340048,-91.2755898
6,10560002,Skunk River near Augusta,12/05/2017 10:20:00,AMBIENT,16887-00-6,Chloride,Total,,38,mg/l,True,2,,,300.0,UHL001,Actual,SW,Water,,,Lee,07080107,River/Stream,,40.75340048,-91.2755898
6,10560002,Skunk River near Augusta,12/05/2017 10:20:00,AMBIENT,CLR-A-FREE,"Chlorophyll a, free of pheophytin",NonFilt,,68,ug/l,True,1,,,445,UHL001,Actual,SW,Water,,,Lee,07080107,River/Stream,,40.75340048,-91.2755898
6,10560002,Skunk River near Augusta,12/05/2017 10:20:00,AMBIENT,CBOD-SC,"Carbonaceous biochemical oxygen demand, standard conditions",Total,,4,mg/l,True,2,,,5210-B,UHL001,Actual,SW,Water,,,Lee,07080107,River/Stream,,40.75340048,-91.2755898
6,10560002,Skunk River near Augusta,12/05/2017 10:20:00,AMBIENT,68583-22-2,Escherichia coli,Total,,52,MPN/100ml,True,10,,,9223-B,UHL001,Actual,SW,Water,,,Lee,07080107,River/Stream,,40.75340048,-91.2755898
6,10560002,Skunk River near Augusta,12/05/2017 10:20:00,AMBIENT,TSS,Total suspended solids,NonFilt,,19,mg/l,True,1,,,I3765,UHL001,Actual,SW,Water,,,Lee,07080107,River/Stream,,40.75340048,-91.2755898
6,10560002,Skunk River near Augusta,12/05/2017 10:20:00,AMBIENT,NIT-NO3-NO2,Inorganic nitrogen (nitrate and nitrite) (AS N),Total,,0.1,mg/l,False,0.1,,,LAC10-107-04-1J,UHL001,Actual,SW,Water,,,Lee,07080107,River/Stream,,40.75340048,-91.2755898
6,10560002,Skunk River near Augusta,12/05/2017 10:20:00,AMBIENT,NIT-AMM,Ammonia-nitrogen (AS N),Total,,0.05,mg/l,False,0.05,,,LAC10-107-06-1J,UHL001,Actual,SW,Water,,,Lee,07080107,River/Stream,,40.75340048,-91.2755898
6,10560002,Skunk River near Augusta,12/05/2017 10:20:00,AMBIENT,NIT-KJELD,Kjeldahl nitrogen (AS N),Total,,0.8,mg/l,True,0.1,,,LAC10-107-06-2E,UHL001,Actual,SW,Water,,,Lee,07080107,River/Stream,,40.75340048,-91.2755898
6,10560002,Skunk River near Augusta,12/05/2017 10:20:00,AMBIENT,14265-44-2,Orthophosphate (AS P),Dissolved,,0.02,mg/l,False,0.02,,,LAC10-115-01-1A,UHL001,Actual,SW,Water,,,Lee,07080107,River/Stream,,40.75340048,-91.2755898
6,10560002,Skunk River near Augusta,12/05/2017 10:20:00,AMBIENT,PHOSP-PHOSP,Phosphate-phosphorus (AS P),Total,,0.13,mg/l,True,0.1,,,LAC10-115-01-1C,UHL001,Actual,SW,Water,,,Lee,07080107,River/Stream,,40.75340048,-91.2755898
6,10560002,Skunk River near Augusta,11/07/2017 10:50:00,AMBIENT,TEMP-WATER,"Temperature, water",Total,,6.6,deg C,True,,,,2550,,Actual,SW,Water,,,Lee,07080107,River/Stream,,40.75340048,-91.2755898
6,10560002,Skunk River near Augusta,11/07/2017 10:50:00,AMBIENT,PH,pH,Total,,8.4,None,True,,,,4500-H,,Actual,SW,Water,,,Lee,07080107,River/Stream,,40.75340048,-91.2755898
6,10560002,Skunk River near Augusta,11/07/2017 10:50:00,AMBIENT,7782-44-7,Dissolved oxygen (DO),Total,,11.9,mg/l,True,,,,D888(C),,Actual,SW,Water,,,Lee,07080107,River/Stream,,40.75340048,-91.2755898
6,10560002,Skunk River near Augusta,11/07/2017 10:50:00,AMBIENT,TVSS,Volatile Suspended Solids,NonFilt,,7,mg/l,True,1,,,160.4,UHL001,Actual,SW,Water,,,Lee,07080107,River/Stream,,40.75340048,-91.2755898
6,10560002,Skunk River near Augusta,11/07/2017 10:50:00,AMBIENT,7439-95-4,Magnesium,Total,,24,mg/l,True,0.5,,,200.7(W),UHL001,Actual,SW,Water,,,Lee,07080107,River/Stream,,40.75340048,-91.2755898
6,10560002,Skunk River near Augusta,11/07/2017 10:50:00,AMBIENT,7440-09-7,Potassium,Total,,4.7,mg/l,True,1,,,200.7(W),UHL001,Actual,SW,Water,,,Lee,07080107,River/Stream,,40.75340048,-91.2755898
6,10560002,Skunk River near Augusta,11/07/2017 10:50:00,AMBIENT,7440-23-5,Sodium,Total,,17,mg/l,True,0.5,,,200.7(W),UHL001,Actual,SW,Water,,,Lee,07080107,River/Stream,,40.75340048,-91.2755898
6,10560002,Skunk River near Augusta,11/07/2017 10:50:00,AMBIENT,7440-70-2,Calcium,Total,,69,mg/l,True,1,,,200.7(W),UHL001,Actual,SW,Water,,,Lee,07080107,River/Stream,,40.75340048,-91.2755898
6,10560002,Skunk River near Augusta,11/07/2017 10:50:00,AMBIENT,7429-90-5,Aluminum,Total,,0.53,mg/l,True,0.05,,,200.8(W),UHL001,Actual,SW,Water,,,Lee,07080107,River/Stream,,40.75340048,-91.2755898
6,10560002,Skunk River near Augusta,11/07/2017 10:50:00,AMBIENT,TURB,Turbidity,Total,,15,NTU,True,1,,,2130-B,UHL001,Actual,SW,Water,,,Lee,07080107,River/Stream,,40.75340048,-91.2755898
6,10560002,Skunk River near Augusta,11/07/2017 10:50:00,AMBIENT,ALK-TOT,"Alkalinity, total",Total,,210,mg/l CaCO3,True,1,,,2320-B,UHL001,Actual,SW,Water,,,Lee,07080107,River/Stream,,40.75340048,-91.2755898
6,10560002,Skunk River near Augusta,11/07/2017 10:50:00,AMBIENT,HARD-CARB,"Hardness, carbonate",Total,,270,mg/l,True,1,,,2340C,UHL001,Actual,SW,Water,,,Lee,07080107,River/Stream,,40.75340048,-91.2755898
6,10560002,Skunk River near Augusta,11/07/2017 10:50:00,AMBIENT,TDS,Total dissolved solids,Dissolved,,330,mg/l,True,1,,,2540-C,UHL001,Actual,SW,Water,,,Lee,07080107,River/Stream,,40.75340048,-91.2755898
6,10560002,Skunk River near Augusta,11/07/2017 10:50:00,AMBIENT,14808-79-8,Sulfate (AS SO4),Total,,40,mg/l,True,8,,,300.0,UHL001,Actual,SW,Water,,,Lee,07080107,River/Stream,,40.75340048,-91.2755898
6,10560002,Skunk River near Augusta,11/07/2017 10:50:00,AMBIENT,16887-00-6,Chloride,Total,,32,mg/l,True,2,,,300.0,UHL001,Actual,SW,Water,,,Lee,07080107,River/Stream,,40.75340048,-91.2755898
6,10560002,Skunk River near Augusta,11/07/2017 10:50:00,AMBIENT,CLR-A-FREE,"Chlorophyll a, free of pheophytin",NonFilt,,54,ug/l,True,1,,,445,UHL001,Actual,SW,Water,,,Lee,07080107,River/Stream,,40.75340048,-91.2755898
6,10560002,Skunk River near Augusta,11/07/2017 10:50:00,AMBIENT,CBOD-SC,"Carbonaceous biochemical oxygen demand, standard conditions",Total,,2,mg/l,False,2,,,5210-B,UHL001,Actual,SW,Water,,,Lee,07080107,River/Stream,,40.75340048,-91.2755898
6,10560002,Skunk River near Augusta,11/07/2017 10:50:00,AMBIENT,ORG-CARB,Organic Carbon,Dissolved,,3.8,mg/l,True,0.5,,,5310-B,UHL001,Actual,SW,Water,,,Lee,07080107,River/Stream,,40.75340048,-91.2755898
6,10560002,Skunk River near Augusta,11/07/2017 10:50:00,AMBIENT,68583-22-2,Escherichia coli,Total,,86,MPN/100ml,True,10,,,9223-B,UHL001,Actual,SW,Water,,,Lee,07080107,River/Stream,,40.75340048,-91.2755898
6,10560002,Skunk River near Augusta,11/07/2017 10:50:00,AMBIENT,TSS,Total suspended solids,NonFilt,,19,mg/l,True,1,,,I3765,UHL001,Actual,SW,Water,,,Lee,07080107,River/Stream,,40.75340048,-91.2755898
6,10560002,Skunk River near Augusta,11/07/2017 10:50:00,AMBIENT,NIT-NO3-NO2,Inorganic nitrogen (nitrate and nitrite) (AS N),Total,,1.5,mg/l,True,0.1,,,LAC10-107-04-1J,UHL001,Actual,SW,Water,,,Lee,07080107,River/Stream,,40.75340048,-91.2755898
6,10560002,Skunk River near Augusta,11/07/2017 10:50:00,AMBIENT,NIT-AMM,Ammonia-nitrogen (AS N),Total,,0.1,mg/l,True,0.05,,,LAC10-107-06-1J,UHL001,Actual,SW,Water,,,Lee,07080107,River/Stream,,40.75340048,-91.2755898
6,10560002,Skunk River near Augusta,11/07/2017 10:50:00,AMBIENT,NIT-KJELD,Kjeldahl nitrogen (AS N),Total,,0.9,mg/l,True,0.1,,,LAC10-107-06-2E,UHL001,Actual,SW,Water,,,Lee,07080107,River/Stream,,40.75340048,-91.2755898
6,10560002,Skunk River near Augusta,11/07/2017 10:50:00,AMBIENT,14265-44-2,Orthophosphate (AS P),Dissolved,,0.09,mg/l,True,0.02,,,LAC10-115-01-1A,UHL001,Actual,SW,Water,,,Lee,07080107,River/Stream,,40.75340048,-91.2755898
6,10560002,Skunk River near Augusta,11/07/2017 10:50:00,AMBIENT,PHOSP-PHOSP,Phosphate-phosphorus (AS P),Total,,0.21,mg/l,True,0.1,,,LAC10-115-01-1C,UHL001,Actual,SW,Water,,,Lee,07080107,River/Stream,,40.75340048,-91.2755898
6,10560002,Skunk River near Augusta,11/07/2017 11:00:00,AMBIENT,7439-92-1,Lead,Dissolved,,0.05,ug/l,True,0.05,,,200.8(W),UHL001,Actual,SW,Water,,,Lee,07080107,River/Stream,,40.75340048,-91.2755898
6,10560002,Skunk River near Augusta,11/07/2017 11:00:00,AMBIENT,7440-02-0,Nickel,Dissolved,,2.7,ug/l,True,0.05,,,200.8(W),UHL001,Actual,SW,Water,,,Lee,07080107,River/Stream,,40.75340048,-91.2755898
6,10560002,Skunk River near Augusta,11/07/2017 11:00:00,AMBIENT,7440-22-4,Silver,Dissolved,,0.05,ug/l,False,0.05,,,200.8(W),UHL001,Actual,SW,Water,,,Lee,07080107,River/Stream,,40.75340048,-91.2755898
6,10560002,Skunk River near Augusta,11/07/2017 11:00:00,AMBIENT,7440-38-2,Arsenic,Dissolved,,1.8,ug/l,True,0.05,,,200.8(W),UHL001,Actual,SW,Water,,,Lee,07080107,River/Stream,,40.75340048,-91.2755898
6,10560002,Skunk River near Augusta,11/07/2017 11:00:00,AMBIENT,7440-43-9,Cadmium,Dissolved,,0.05,ug/l,False,0.05,,,200.8(W),UHL001,Actual,SW,Water,,,Lee,07080107,River/Stream,,40.75340048,-91.2755898
6,10560002,Skunk River near Augusta,11/07/2017 11:00:00,AMBIENT,7440-47-3,Chromium,Dissolved,,1.1,ug/l,True,0.05,,,200.8(W),UHL001,Actual,SW,Water,,,Lee,07080107,River/Stream,,40.75340048,-91.2755898
6,10560002,Skunk River near Augusta,11/07/2017 11:00:00,AMBIENT,7440-50-8,Copper,Dissolved,,1.1,ug/l,True,0.05,,,200.8(W),UHL001,Actual,SW,Water,,,Lee,07080107,River/Stream,,40.75340048,-91.2755898
6,10560002,Skunk River near Augusta,11/07/2017 11:00:00,AMBIENT,7440-66-6,Zinc,Dissolved,,1.1,ug/l,True,0.05,,,200.8(W),UHL001,Actual,SW,Water,,,Lee,07080107,River/Stream,,40.75340048,-91.2755898
6,10560002,Skunk River near Augusta,11/07/2017 11:00:00,AMBIENT,7782-49-2,Selenium,Dissolved,,0.86,ug/l,True,0.5,,,200.8(W),UHL001,Actual,SW,Water,,,Lee,07080107,River/Stream,,40.75340048,-91.2755898
6,10560002,Skunk River near Augusta,12/05/2017 10:20:00,AMBFLOW,FLOW,Flow,Total,,232,cfs,True,,,,USGS CA8,USGS-DG,Actual,SW,Water,,,Lee,07080107,River/Stream,,40.75340048,-91.2755898
6,10560002,Skunk River near Augusta,11/07/2017 10:50:00,AMBFLOW,FLOW,Flow,Total,,315,cfs,True,,,,USGS CA8,USGS-DG,Actual,SW,Water,,,Lee,07080107,River/Stream,,40.75340048,-91.2755898
6,10560002,Skunk River near Augusta,01/02/2018 09:30:00,AMBIENT,TEMP-WATER,"Temperature, water",Total,,0,deg C,True,,,,2550,,Actual,SW,Water,,,Lee,07080107,River/Stream,,40.75340048,-91.2755898
6,10560002,Skunk River near Augusta,01/02/2018 09:30:00,AMBIENT,PH,pH,Total,,8.5,None,True,,,,4500-H,,Actual,SW,Water,,,Lee,07080107,River/Stream,,40.75340048,-91.2755898
6,10560002,Skunk River near Augusta,01/02/2018 09:30:00,AMBIENT,7782-44-7,Dissolved oxygen (DO),Total,,16.3,mg/l,True,,,,D888(C),,Actual,SW,Water,,,Lee,07080107,River/Stream,,40.75340048,-91.2755898
6,10560002,Skunk River near Augusta,01/02/2018 09:30:00,AMBIENT,TVSS,Volatile Suspended Solids,NonFilt,,5,mg/l,True,1,,,160.4,UHL001,Actual,SW,Water,,,Lee,07080107,River/Stream,,40.75340048,-91.2755898
6,10560002,Skunk River near Augusta,01/02/2018 09:30:00,AMBIENT,TURB,Turbidity,Total,,3.6,NTU,True,1,,,2130-B,UHL001,Actual,SW,Water,,,Lee,07080107,River/Stream,,40.75340048,-91.2755898
6,10560002,Skunk River near Augusta,01/02/2018 09:30:00,AMBIENT,ALK-TOT,"Alkalinity, total",Total,,280,mg/l CaCO3,True,1,,,2320-B,UHL001,Actual,SW,Water,,,Lee,07080107,River/Stream,,40.75340048,-91.2755898
6,10560002,Skunk River near Augusta,01/02/2018 09:30:00,AMBIENT,HARD-CARB,"Hardness, carbonate",Total,,370,mg/l,True,1,,,2340C,UHL001,Actual,SW,Water,,,Lee,07080107,River/Stream,,40.75340048,-91.2755898
6,10560002,Skunk River near Augusta,01/02/2018 09:30:00,AMBIENT,TDS,Total dissolved solids,Dissolved,,490,mg/l,True,1,,,2540-C,UHL001,Actual,SW,Water,,,Lee,07080107,River/Stream,,40.75340048,-91.2755898
6,10560002,Skunk River near Augusta,01/02/2018 09:30:00,AMBIENT,14808-79-8,Sulfate (AS SO4),Total,,85,mg/l,True,10,,,300.0,UHL001,Actual,SW,Water,,,Lee,07080107,River/Stream,,40.75340048,-91.2755898
6,10560002,Skunk River near Augusta,01/02/2018 09:30:00,AMBIENT,16887-00-6,Chloride,Total,,48,mg/l,True,5,,,300.0,UHL001,Actual,SW,Water,,,Lee,07080107,River/Stream,,40.75340048,-91.2755898
6,10560002,Skunk River near Augusta,01/02/2018 09:30:00,AMBIENT,CLR-A-FREE,"Chlorophyll a, free of pheophytin",NonFilt,,69,ug/l,True,1,,,445,UHL001,Actual,SW,Water,,,Lee,07080107,River/Stream,,40.75340048,-91.2755898
6,10560002,Skunk River near Augusta,01/02/2018 09:30:00,AMBIENT,CBOD-SC,"Carbonaceous biochemical oxygen demand, standard conditions",Total,,2,mg/l,False,2,,,5210-B,UHL001,Actual,SW,Water,,,Lee,07080107,River/Stream,,40.75340048,-91.2755898
6,10560002,Skunk River near Augusta,01/02/2018 09:30:00,AMBIENT,ORG-CARB,Organic Carbon,Dissolved,,3.4,mg/l,True,0.5,,,5310-B,UHL001,Actual,SW,Water,,,Lee,07080107,River/Stream,,40.75340048,-91.2755898
6,10560002,Skunk River near Augusta,01/02/2018 09:30:00,AMBIENT,68583-22-2,Escherichia coli,Total,,31,MPN/100ml,True,10,,,9223-B,UHL001,Actual,SW,Water,,,Lee,07080107,River/Stream,,40.75340048,-91.2755898
6,10560002,Skunk River near Augusta,01/02/2018 09:30:00,AMBIENT,TSS,Total suspended solids,NonFilt,,6,mg/l,True,1,,,I3765,UHL001,Actual,SW,Water,,,Lee,07080107,River/Stream,,40.75340048,-91.2755898
6,10560002,Skunk River near Augusta,01/02/2018 09:30:00,AMBIENT,NIT-NO3-NO2,Inorganic nitrogen (nitrate and nitrite) (AS N),Total,,1.3,mg/l,True,0.1,,,LAC10-107-04-1J,UHL001,Actual,SW,Water,,,Lee,07080107,River/Stream,,40.75340048,-91.2755898
6,10560002,Skunk River near Augusta,01/02/2018 09:30:00,AMBIENT,NIT-AMM,Ammonia-nitrogen (AS N),Total,,0.05,mg/l,False,0.05,,,LAC10-107-06-1J,UHL001,Actual,SW,Water,,,Lee,07080107,River/Stream,,40.75340048,-91.2755898
6,10560002,Skunk River near Augusta,01/02/2018 09:30:00,AMBIENT,NIT-KJELD,Kjeldahl nitrogen (AS N),Total,,0.8,mg/l,True,0.1,,,LAC10-107-06-2E,UHL001,Actual,SW,Water,,,Lee,07080107,River/Stream,,40.75340048,-91.2755898
6,10560002,Skunk River near Augusta,01/02/2018 09:30:00,AMBIENT,14265-44-2,Orthophosphate (AS P),Dissolved,,0.03,mg/l,True,0.02,,,LAC10-115-01-1A,UHL001,Actual,SW,Water,,,Lee,07080107,River/Stream,,40.75340048,-91.2755898
6,10560002,Skunk River near Augusta,01/02/2018 09:30:00,AMBIENT,PHOSP-PHOSP,Phosphate-phosphorus (AS P),Total,,0.16,mg/l,True,0.1,,,LAC10-115-01-1C,UHL001,Actual,SW,Water,,,Lee,07080107,River/Stream,,40.75340048,-91.2755898
6,10560002,Skunk River near Augusta,02/01/2018 08:15:00,AMBIENT,TEMP-WATER,"Temperature, water",Total,,0.4,deg C,True,,,,2550,,Actual,SW,Water,,,Lee,07080107,River/Stream,,40.75340048,-91.2755898
6,10560002,Skunk River near Augusta,02/01/2018 08:15:00,AMBIENT,PH,pH,Total,,7.9,None,True,,,,4500-H,,Actual,SW,Water,,,Lee,07080107,River/Stream,,40.75340048,-91.2755898
6,10560002,Skunk River near Augusta,02/01/2018 08:15:00,AMBIENT,7782-44-7,Dissolved oxygen (DO),Total,,11.8,mg/l,True,,,,D888(C),,Actual,SW,Water,,,Lee,07080107,River/Stream,,40.75340048,-91.2755898
6,10560002,Skunk River near Augusta,02/01/2018 08:15:00,AMBIENT,TVSS,Volatile Suspended Solids,NonFilt,,6,mg/l,True,1,,,160.4,UHL001,Actual,SW,Water,,,Lee,07080107,River/Stream,,40.75340048,-91.2755898
6,10560002,Skunk River near Augusta,02/01/2018 08:15:00,AMBIENT,TURB,Turbidity,Total,,35,NTU,True,1,,,2130-B,UHL001,Actual,SW,Water,,,Lee,07080107,River/Stream,,40.75340048,-91.2755898
6,10560002,Skunk River near Augusta,02/01/2018 08:15:00,AMBIENT,HARD-CARB,"Hardness, carbonate",Total,,180,mg/l,True,1,,,2340C,UHL001,Actual,SW,Water,,,Lee,07080107,River/Stream,,40.75340048,-91.2755898
6,10560002,Skunk River near Augusta,02/01/2018 08:15:00,AMBIENT,TDS,Total dissolved solids,Dissolved,,320,mg/l,True,1,,,2540-C,UHL001,Actual,SW,Water,,,Lee,07080107,River/Stream,,40.75340048,-91.2755898
6,10560002,Skunk River near Augusta,02/01/2018 08:15:00,AMBIENT,14808-79-8,Sulfate (AS SO4),Total,,35,mg/l,True,4,,,300.0,UHL001,Actual,SW,Water,,,Lee,07080107,River/Stream,,40.75340048,-91.2755898
6,10560002,Skunk River near Augusta,02/01/2018 08:15:00,AMBIENT,16887-00-6,Chloride,Total,,41,mg/l,True,5,,,300.0,UHL001,Actual,SW,Water,,,Lee,07080107,River/Stream,,40.75340048,-91.2755898
6,10560002,Skunk River near Augusta,02/01/2018 08:15:00,AMBIENT,CLR-A-FREE,"Chlorophyll a, free of pheophytin",NonFilt,,8,ug/l,True,1,,,445,UHL001,Actual,SW,Water,,,Lee,07080107,River/Stream,,40.75340048,-91.2755898
6,10560002,Skunk River near Augusta,02/01/2018 08:15:00,AMBIENT,CBOD-SC,"Carbonaceous biochemical oxygen demand, standard conditions",Total,,7,mg/l,True,2,,,5210-B,UHL001,Actual,SW,Water,,,Lee,07080107,River/Stream,,40.75340048,-91.2755898
6,10560002,Skunk River near Augusta,02/01/2018 08:15:00,AMBIENT,68583-22-2,Escherichia coli,Total,,20,MPN/100ml,True,10,,,9223-B,UHL001,Actual,SW,Water,,,Lee,07080107,River/Stream,,40.75340048,-91.2755898
6,10560002,Skunk River near Augusta,02/01/2018 08:15:00,AMBIENT,TSS,Total suspended solids,NonFilt,,16,mg/l,True,1,,,I3765,UHL001,Actual,SW,Water,,,Lee,07080107,River/Stream,,40.75340048,-91.2755898
6,10560002,Skunk River near Augusta,02/01/2018 08:15:00,AMBIENT,NIT-NO3-NO2,Inorganic nitrogen (nitrate and nitrite) (AS N),Total,,5.3,mg/l,True,0.1,,,LAC10-107-04-1J,UHL001,Actual,SW,Water,,,Lee,07080107,River/Stream,,40.75340048,-91.2755898
6,10560002,Skunk River near Augusta,02/01/2018 08:15:00,AMBIENT,NIT-AMM,Ammonia-nitrogen (AS N),Total,,1.2,mg/l,True,0.05,,,LAC10-107-06-1J,UHL001,Actual,SW,Water,,,Lee,07080107,River/Stream,,40.75340048,-91.2755898
6,10560002,Skunk River near Augusta,02/01/2018 08:15:00,AMBIENT,NIT-KJELD,Kjeldahl nitrogen (AS N),Total,,3.8,mg/l,True,0.1,,,LAC10-107-06-2E,UHL001,Actual,SW,Water,,,Lee,07080107,River/Stream,,40.75340048,-91.2755898
6,10560002,Skunk River near Augusta,02/01/2018 08:15:00,AMBIENT,14265-44-2,Orthophosphate (AS P),Dissolved,,0.59,mg/l,True,0.02,,,LAC10-115-01-1A,UHL001,Actual,SW,Water,,,Lee,07080107,River/Stream,,40.75340048,-91.2755898
6,10560002,Skunk River near Augusta,02/01/2018 08:15:00,AMBIENT,PHOSP-PHOSP,Phosphate-phosphorus (AS P),Total,,0.86,mg/l,True,0.1,,,LAC10-115-01-1C,UHL001,Actual,SW,Water,,,Lee,07080107,River/Stream,,40.75340048,-91.2755898
6,10560002,Skunk River near Augusta,01/02/2018 09:30:00,AMBIENT,7439-95-4,Magnesium,Total,,35,mg/l,True,0.5,,,200.7(W),UHL001,Actual,SW,Water,,,Lee,07080107,River/Stream,,40.75340048,-91.2755898
6,10560002,Skunk River near Augusta,01/02/2018 09:30:00,AMBIENT,7440-09-7,Potassium,Total,,4.8,mg/l,True,1,,,200.7(W),UHL001,Actual,SW,Water,,,Lee,07080107,River/Stream,,40.75340048,-91.2755898
6,10560002,Skunk River near Augusta,01/02/2018 09:30:00,AMBIENT,7440-23-5,Sodium,Total,,39,mg/l,True,0.5,,,200.7(W),UHL001,Actual,SW,Water,,,Lee,07080107,River/Stream,,40.75340048,-91.2755898
6,10560002,Skunk River near Augusta,01/02/2018 09:30:00,AMBIENT,7440-70-2,Calcium,Total,,95,mg/l,True,1,,,200.7(W),UHL001,Actual,SW,Water,,,Lee,07080107,River/Stream,,40.75340048,-91.2755898
6,10560002,Skunk River near Augusta,01/02/2018 09:30:00,AMBIENT,7429-90-5,Aluminum,Total,,0.05,mg/l,False,0.05,,,200.8(W),UHL001,Actual,SW,Water,,,Lee,07080107,River/Stream,,40.75340048,-91.2755898
6,10560002,Skunk River near Augusta,01/02/2018 09:30:00,AMBIENT,7440-22-4,Silver,Dissolved,,0.05,ug/l,False,0.05,,,200.8(W),UHL001,Actual,SW,Water,,,Lee,07080107,River/Stream,,40.75340048,-91.2755898
6,10560002,Skunk River near Augusta,01/02/2018 09:30:00,AMBIENT,7440-38-2,Arsenic,Dissolved,,1.1,ug/l,True,0.05,,,200.8(W),UHL001,Actual,SW,Water,,,Lee,07080107,River/Stream,,40.75340048,-91.2755898
6,10560002,Skunk River near Augusta,01/02/2018 09:30:00,AMBIENT,7440-50-8,Copper,Dissolved,,1.6,ug/l,True,0.05,,,200.8(W),UHL001,ACTUAL,SW,Water,B,Original result 1.6. Blank detect 0.11.,Lee,07080107,River/Stream,,40.75340048,-91.2755898
6,10560002,Skunk River near Augusta,01/02/2018 09:30:00,AMBIENT,7440-66-6,Zinc,Dissolved,,1.1,ug/l,True,0.05,,,200.8(W),UHL001,ACTUAL,SW,Water,B,Original result 1.1. Blank detect 0.42.,Lee,07080107,River/Stream,,40.75340048,-91.2755898
6,10560002,Skunk River near Augusta,01/02/2018 09:30:00,AMBIENT,7782-49-2,Selenium,Dissolved,,0.85,ug/l,True,0.5,,,200.8(W),UHL001,Actual,SW,Water,,,Lee,07080107,River/Stream,,40.75340048,-91.2755898
6,10560002,Skunk River near Augusta,01/02/2018 09:30:00,AMBIENT,7439-92-1,Lead,Dissolved,,0.09,ug/l,True,0.05,,,200.8(W),UHL001,Actual,SW,Water,,,Lee,07080107,River/Stream,,40.75340048,-91.2755898
6,10560002,Skunk River near Augusta,01/02/2018 09:30:00,AMBIENT,7440-02-0,Nickel,Dissolved,,3.1,ug/l,True,0.05,,,200.8(W),UHL001,Actual,SW,Water,,,Lee,07080107,River/Stream,,40.75340048,-91.2755898
6,10560002,Skunk River near Augusta,01/02/2018 09:30:00,AMBIENT,7440-47-3,Chromium,Dissolved,,0.23,ug/l,True,0.05,,,200.8(W),UHL001,Actual,SW,Water,,,Lee,07080107,River/Stream,,40.75340048,-91.2755898
6,10560002,Skunk River near Augusta,01/02/2018 09:30:00,AMBIENT,7440-43-9,Cadmium,Dissolved,,0.05,ug/l,False,0.05,,,200.8(W),UHL001,Actual,SW,Water,,,Lee,07080107,River/Stream,,40.75340048,-91.2755898
6,10560002,Skunk River near Augusta,03/01/2018 11:35:00,AMBIENT,7440-02-0,Nickel,Dissolved,,5.5,ug/l,True,0.05,,,200.8(W),UHL001,Actual,SW,Water,,,Lee,07080107,River/Stream,,40.75340048,-91.2755898
6,10560002,Skunk River near Augusta,03/01/2018 11:35:00,AMBIENT,7440-22-4,Silver,Dissolved,,0.05,ug/l,False,0.05,,,200.8(W),UHL001,Actual,SW,Water,,,Lee,07080107,River/Stream,,40.75340048,-91.2755898
6,10560002,Skunk River near Augusta,03/01/2018 11:35:00,AMBIENT,7440-38-2,Arsenic,Dissolved,,2,ug/l,True,0.05,,,200.8(W),UHL001,Actual,SW,Water,,,Lee,07080107,River/Stream,,40.75340048,-91.2755898
6,10560002,Skunk River near Augusta,03/01/2018 11:35:00,AMBIENT,7440-43-9,Cadmium,Dissolved,,0.05,ug/l,False,0.05,,,200.8(W),UHL001,Actual,SW,Water,,,Lee,07080107,River/Stream,,40.75340048,-91.2755898
6,10560002,Skunk River near Augusta,03/01/2018 11:35:00,AMBIENT,7440-47-3,Chromium,Dissolved,,0.84,ug/l,True,0.05,,,200.8(W),UHL001,Actual,SW,Water,,,Lee,07080107,River/Stream,,40.75340048,-91.2755898
6,10560002,Skunk River near Augusta,03/01/2018 11:35:00,AMBIENT,7440-50-8,Copper,Dissolved,,4.6,ug/l,True,0.05,,,200.8(W),UHL001,Actual,SW,Water,,,Lee,07080107,River/Stream,,40.75340048,-91.2755898
6,10560002,Skunk River near Augusta,03/01/2018 11:35:00,AMBIENT,7440-66-6,Zinc,Dissolved,,2,ug/l,True,0.05,,,200.8(W),UHL001,Actual,SW,Water,,,Lee,07080107,River/Stream,,40.75340048,-91.2755898
6,10560002,Skunk River near Augusta,03/01/2018 11:35:00,AMBIENT,7782-49-2,Selenium,Dissolved,,1.2,ug/l,True,0.5,,,200.8(W),UHL001,Actual,SW,Water,,,Lee,07080107,River/Stream,,40.75340048,-91.2755898
6,10560002,Skunk River near Augusta,03/01/2018 11:35:00,AMBIENT,7439-92-1,Lead,Dissolved,,0.15,ug/l,True,0.05,,,200.8(W),UHL001,Actual,SW,Water,,,Lee,07080107,River/Stream,,40.75340048,-91.2755898
6,10560002,Skunk River near Augusta,03/01/2018 11:25:00,AMBIENT,TEMP-WATER,"Temperature, water",Total,,5.3,deg C,True,,,,2550,,Actual,SW,Water,,,Lee,07080107,River/Stream,,40.75340048,-91.2755898
6,10560002,Skunk River near Augusta,03/01/2018 11:25:00,AMBIENT,PH,pH,Total,,7.8,None,True,,,,4500-H,,Actual,SW,Water,,,Lee,07080107,River/Stream,,40.75340048,-91.2755898
6,10560002,Skunk River near Augusta,03/01/2018 11:25:00,AMBIENT,7782-44-7,Dissolved oxygen (DO),Total,,11.1,mg/l,True,,,,D888(C),,Actual,SW,Water,,,Lee,07080107,River/Stream,,40.75340048,-91.2755898
6,10560002,Skunk River near Augusta,03/01/2018 11:25:00,AMBIENT,TVSS,Volatile Suspended Solids,NonFilt,,32,mg/l,True,1,,,160.4,UHL001,Actual,SW,Water,,,Lee,07080107,River/Stream,,40.75340048,-91.2755898
6,10560002,Skunk River near Augusta,03/01/2018 11:25:00,AMBIENT,7439-95-4,Magnesium,Total,,14,mg/l,True,0.5,,,200.7(W),UHL001,Actual,SW,Water,,,Lee,07080107,River/Stream,,40.75340048,-91.2755898
6,10560002,Skunk River near Augusta,03/01/2018 11:25:00,AMBIENT,7440-09-7,Potassium,Total,,13,mg/l,True,1,,,200.7(W),UHL001,Actual,SW,Water,,,Lee,07080107,River/Stream,,40.75340048,-91.2755898
6,10560002,Skunk River near Augusta,03/01/2018 11:25:00,AMBIENT,7440-23-5,Sodium,Total,,14,mg/l,True,0.5,,,200.7(W),UHL001,Actual,SW,Water,,,Lee,07080107,River/Stream,,40.75340048,-91.2755898
6,10560002,Skunk River near Augusta,03/01/2018 11:25:00,AMBIENT,7440-70-2,Calcium,Total,,43,mg/l,True,1,,,200.7(W),UHL001,Actual,SW,Water,,,Lee,07080107,River/Stream,,40.75340048,-91.2755898
6,10560002,Skunk River near Augusta,03/01/2018 11:25:00,AMBIENT,7429-90-5,Aluminum,Total,,4.5,mg/l,True,0.05,,,200.8(W),UHL001,Actual,SW,Water,,,Lee,07080107,River/Stream,,40.75340048,-91.2755898
6,10560002,Skunk River near Augusta,03/01/2018 11:25:00,AMBIENT,TURB,Turbidity,Total,,130,NTU,True,1,,,2130-B,UHL001,Actual,SW,Water,,,Lee,07080107,River/Stream,,40.75340048,-91.2755898
6,10560002,Skunk River near Augusta,03/01/2018 11:25:00,AMBIENT,ALK-TOT,"Alkalinity, total",Total,,100,mg/l CaCO3,True,1,,,2320-B,UHL001,Actual,SW,Water,,,Lee,07080107,River/Stream,,40.75340048,-91.2755898
6,10560002,Skunk River near Augusta,03/01/2018 11:25:00,AMBIENT,HARD-CARB,"Hardness, carbonate",Total,,160,mg/l,True,1,,,2340C,UHL001,Actual,SW,Water,,,Lee,07080107,River/Stream,,40.75340048,-91.2755898
6,10560002,Skunk River near Augusta,03/01/2018 11:25:00,AMBIENT,TDS,Total dissolved solids,Dissolved,,320,mg/l,True,1,,,2540-C,UHL001,Actual,SW,Water,,,Lee,07080107,River/Stream,,40.75340048,-91.2755898
6,10560002,Skunk River near Augusta,03/01/2018 11:25:00,AMBIENT,14808-79-8,Sulfate (AS SO4),Total,,23,mg/l,True,20,,,300.0,UHL001,Actual,SW,Water,,,Lee,07080107,River/Stream,,40.75340048,-91.2755898
6,10560002,Skunk River near Augusta,03/01/2018 11:25:00,AMBIENT,16887-00-6,Chloride,Total,,33,mg/l,True,10,,,300.0,UHL001,Actual,SW,Water,,,Lee,07080107,River/Stream,,40.75340048,-91.2755898
6,10560002,Skunk River near Augusta,03/01/2018 11:25:00,AMBIENT,CLR-A-FREE,"Chlorophyll a, free of pheophytin",NonFilt,,13,ug/l,True,1,,,445,UHL001,Actual,SW,Water,,,Lee,07080107,River/Stream,,40.75340048,-91.2755898
6,10560002,Skunk River near Augusta,03/01/2018 11:25:00,AMBIENT,CBOD-SC,"Carbonaceous biochemical oxygen demand, standard conditions",Total,,8,mg/l,True,2,,,5210-B,UHL001,Actual,SW,Water,,,Lee,07080107,River/Stream,,40.75340048,-91.2755898
6,10560002,Skunk River near Augusta,03/01/2018 11:25:00,AMBIENT,ORG-CARB,Organic Carbon,Dissolved,,12,mg/l,True,0.5,,,5310-B,UHL001,Actual,SW,Water,,,Lee,07080107,River/Stream,,40.75340048,-91.2755898
6,10560002,Skunk River near Augusta,03/01/2018 11:25:00,AMBIENT,68583-22-2,Escherichia coli,Total,,110,MPN/100ml,True,10,,,9223-B,UHL001,Actual,SW,Water,,,Lee,07080107,River/Stream,,40.75340048,-91.2755898
6,10560002,Skunk River near Augusta,03/01/2018 11:25:00,AMBIENT,TSS,Total suspended solids,NonFilt,,210,mg/l,True,1,,,I3765,UHL001,Actual,SW,Water,,,Lee,07080107,River/Stream,,40.75340048,-91.2755898
6,10560002,Skunk River near Augusta,03/01/2018 11:25:00,AMBIENT,NIT-NO3-NO2,Inorganic nitrogen (nitrate and nitrite) (AS N),Total,,3.6,mg/l,True,0.1,,,LAC10-107-04-1J,UHL001,Actual,SW,Water,,,Lee,07080107,River/Stream,,40.75340048,-91.2755898
6,10560002,Skunk River near Augusta,03/01/2018 11:25:00,AMBIENT,NIT-AMM,Ammonia-nitrogen (AS N),Total,,0.77,mg/l,True,0.05,,,LAC10-107-06-1J,UHL001,Actual,SW,Water,,,Lee,07080107,River/Stream,,40.75340048,-91.2755898
6,10560002,Skunk River near Augusta,03/01/2018 11:25:00,AMBIENT,NIT-KJELD,Kjeldahl nitrogen (AS N),Total,,3.6,mg/l,True,0.1,,,LAC10-107-06-2E,UHL001,Actual,SW,Water,,,Lee,07080107,River/Stream,,40.75340048,-91.2755898
6,10560002,Skunk River near Augusta,03/01/2018 11:25:00,AMBIENT,14265-44-2,Orthophosphate (AS P),Dissolved,,0.49,mg/l,True,0.02,,,LAC10-115-01-1A,UHL001,Actual,SW,Water,,,Lee,07080107,River/Stream,,40.75340048,-91.2755898
6,10560002,Skunk River near Augusta,03/01/2018 11:25:00,AMBIENT,PHOSP-PHOSP,Phosphate-phosphorus (AS P),Total,,0.95,mg/l,True,0.1,,,LAC10-115-01-1C,UHL001,Actual,SW,Water,,,Lee,07080107,River/Stream,,40.75340048,-91.2755898
6,10560002,Skunk River near Augusta,04/02/2018 11:00:00,AMBIENT,TEMP-WATER,"Temperature, water",Total,,5.5,deg C,True,,,,2550,,Actual,SW,Water,,,Lee,07080107,River/Stream,,40.75340048,-91.2755898
6,10560002,Skunk River near Augusta,04/02/2018 11:00:00,AMBIENT,PH,pH,Total,,8.2,None,True,,,,4500-H,,Actual,SW,Water,,,Lee,07080107,River/Stream,,40.75340048,-91.2755898
6,10560002,Skunk River near Augusta,04/02/2018 11:00:00,AMBIENT,7782-44-7,Dissolved oxygen (DO),Total,,12,mg/l,True,,,,D888(C),,Actual,SW,Water,,,Lee,07080107,River/Stream,,40.75340048,-91.2755898
6,10560002,Skunk River near Augusta,04/02/2018 11:00:00,AMBIENT,TVSS,Volatile Suspended Solids,NonFilt,,23,mg/l,True,1,,,160.4,UHL001,Actual,SW,Water,,,Lee,07080107,River/Stream,,40.75340048,-91.2755898
6,10560002,Skunk River near Augusta,04/02/2018 11:00:00,AMBIENT,TURB,Turbidity,Total,,87,NTU,True,1,,,2130-B,UHL001,Actual,SW,Water,,,Lee,07080107,River/Stream,,40.75340048,-91.2755898
6,10560002,Skunk River near Augusta,04/02/2018 11:00:00,AMBIENT,HARD-CARB,"Hardness, carbonate",Total,,300,mg/l,True,1,,,2340C,UHL001,Actual,SW,Water,,,Lee,07080107,River/Stream,,40.75340048,-91.2755898
6,10560002,Skunk River near Augusta,04/02/2018 11:00:00,AMBIENT,TDS,Total dissolved solids,Dissolved,,380,mg/l,True,1,,,2540-C,UHL001,Actual,SW,Water,,,Lee,07080107,River/Stream,,40.75340048,-91.2755898
6,10560002,Skunk River near Augusta,04/02/2018 11:00:00,AMBIENT,14808-79-8,Sulfate (AS SO4),Total,,33,mg/l,True,10,,,300.0,UHL001,Actual,SW,Water,,,Lee,07080107,River/Stream,,40.75340048,-91.2755898
6,10560002,Skunk River near Augusta,04/02/2018 11:00:00,AMBIENT,16887-00-6,Chloride,Total,,32,mg/l,True,5,,,300.0,UHL001,Actual,SW,Water,,,Lee,07080107,River/Stream,,40.75340048,-91.2755898
6,10560002,Skunk River near Augusta,04/02/2018 11:00:00,AMBIENT,CLR-A-FREE,"Chlorophyll a, free of pheophytin",NonFilt,,29,ug/l,True,1,,,445,UHL001,Actual,SW,Water,,,Lee,07080107,River/Stream,,40.75340048,-91.2755898
6,10560002,Skunk River near Augusta,04/02/2018 11:00:00,AMBIENT,CBOD-SC,"Carbonaceous biochemical oxygen demand, standard conditions",Total,,2,mg/l,False,2,,,5210-B,UHL001,Actual,SW,Water,,,Lee,07080107,River/Stream,,40.75340048,-91.2755898
6,10560002,Skunk River near Augusta,04/02/2018 11:00:00,AMBIENT,68583-22-2,Escherichia coli,Total,,20,MPN/100ml,True,10,,,9223-B,UHL001,Actual,SW,Water,,,Lee,07080107,River/Stream,,40.75340048,-91.2755898
6,10560002,Skunk River near Augusta,04/02/2018 11:00:00,AMBIENT,TSS,Total suspended solids,NonFilt,,140,mg/l,True,1,,,I3765,UHL001,Actual,SW,Water,,,Lee,07080107,River/Stream,,40.75340048,-91.2755898
6,10560002,Skunk River near Augusta,04/02/2018 11:00:00,AMBIENT,NIT-NO3-NO2,Inorganic nitrogen (nitrate and nitrite) (AS N),Total,,7.3,mg/l,True,0.1,,,LAC10-107-04-1J,UHL001,Actual,SW,Water,,,Lee,07080107,River/Stream,,40.75340048,-91.2755898
6,10560002,Skunk River near Augusta,04/02/2018 11:00:00,AMBIENT,NIT-AMM,Ammonia-nitrogen (AS N),Total,,0.05,mg/l,False,0.05,,,LAC10-107-06-1J,UHL001,Actual,SW,Water,,,Lee,07080107,River/Stream,,40.75340048,-91.2755898
6,10560002,Skunk River near Augusta,04/02/2018 11:00:00,AMBIENT,NIT-KJELD,Kjeldahl nitrogen (AS N),Total,,1.3,mg/l,True,0.1,,,LAC10-107-06-2E,UHL001,Actual,SW,Water,,,Lee,07080107,River/Stream,,40.75340048,-91.2755898
6,10560002,Skunk River near Augusta,04/02/2018 11:00:00,AMBIENT,14265-44-2,Orthophosphate (AS P),Dissolved,,0.13,mg/l,True,0.02,,,LAC10-115-01-1A,UHL001,Actual,SW,Water,,,Lee,07080107,River/Stream,,40.75340048,-91.2755898
6,10560002,Skunk River near Augusta,04/02/2018 11:00:00,AMBIENT,PHOSP-PHOSP,Phosphate-phosphorus (AS P),Total,,0.37,mg/l,True,0.1,,,LAC10-115-01-1C,UHL001,Actual,SW,Water,,,Lee,07080107,River/Stream,,40.75340048,-91.2755898
6,10560002,Skunk River near Augusta,01/02/2018 09:30:00,AMBFLOW,FLOW,Flow,Total,,76.3,cfs,True,,,,USGS CA8,USGS-DG,Estimated,SW,Water,,,Lee,07080107,River/Stream,,40.75340048,-91.2755898
6,10560002,Skunk River near Augusta,02/01/2018 08:15:00,AMBFLOW,FLOW,Flow,Total,,356,cfs,True,,,,USGS CA8,USGS-DG,Estimated,SW,Water,,,Lee,07080107,River/Stream,,40.75340048,-91.2755898
6,10560002,Skunk River near Augusta,03/01/2018 11:35:00,AMBFLOW,FLOW,Flow,Total,,2930,cfs,True,,,,USGS CA8,USGS-DG,Actual,SW,Water,,,Lee,07080107,River/Stream,,40.75340048,-91.2755898
6,10560002,Skunk River near Augusta,04/02/2018 11:00:00,AMBFLOW,FLOW,Flow,Total,,2960,cfs,True,,,,USGS CA8,USGS-DG,Actual,SW,Water,,,Lee,07080107,River/Stream,,40.75340048,-91.2755898
6,10560002,Skunk River near Augusta,05/01/2018 10:20:00,AMBIENT,7439-92-1,Lead,Dissolved,,0.1,ug/l,True,0.05,,,200.8(W),UHL001,Actual,SW,Water,,,Lee,07080107,River/Stream,,40.75340048,-91.2755898
6,10560002,Skunk River near Augusta,05/01/2018 10:20:00,AMBIENT,7440-02-0,Nickel,Dissolved,,2.7,ug/l,True,0.05,,,200.8(W),UHL001,Actual,SW,Water,,,Lee,07080107,River/Stream,,40.75340048,-91.2755898
6,10560002,Skunk River near Augusta,05/01/2018 10:20:00,AMBIENT,7440-22-4,Silver,Dissolved,,0.05,ug/l,False,0.05,,,200.8(W),UHL001,Actual,SW,Water,,,Lee,07080107,River/Stream,,40.75340048,-91.2755898
6,10560002,Skunk River near Augusta,05/01/2018 10:20:00,AMBIENT,7440-38-2,Arsenic,Dissolved,,1.2,ug/l,True,0.05,,,200.8(W),UHL001,Actual,SW,Water,,,Lee,07080107,River/Stream,,40.75340048,-91.2755898
6,10560002,Skunk River near Augusta,05/01/2018 10:20:00,AMBIENT,7440-43-9,Cadmium,Dissolved,,0.06,ug/l,True,0.05,,,200.8(W),UHL001,Actual,SW,Water,,,Lee,07080107,River/Stream,,40.75340048,-91.2755898
6,10560002,Skunk River near Augusta,05/01/2018 10:20:00,AMBIENT,7440-47-3,Chromium,Dissolved,,0.85,ug/l,True,0.05,,,200.8(W),UHL001,Actual,SW,Water,,,Lee,07080107,River/Stream,,40.75340048,-91.2755898
6,10560002,Skunk River near Augusta,05/01/2018 10:20:00,AMBIENT,7440-50-8,Copper,Dissolved,,0.87,ug/l,True,0.05,,,200.8(W),UHL001,Actual,SW,Water,,,Lee,07080107,River/Stream,,40.75340048,-91.2755898
6,10560002,Skunk River near Augusta,05/01/2018 10:20:00,AMBIENT,7440-66-6,Zinc,Dissolved,,0.32,ug/l,True,0.05,,,200.8(W),UHL001,Actual,SW,Water,,,Lee,07080107,River/Stream,,40.75340048,-91.2755898
6,10560002,Skunk River near Augusta,05/01/2018 10:20:00,AMBIENT,7782-49-2,Selenium,Dissolved,,2.7,ug/l,True,0.5,,,200.8(W),UHL001,Actual,SW,Water,,,Lee,07080107,River/Stream,,40.75340048,-91.2755898
6,10560002,Skunk River near Augusta,05/01/2018 10:15:00,AMBIENT,TEMP-WATER,"Temperature, water",Total,,17.9,deg C,True,,,,2550,,Actual,SW,Water,,,Lee,07080107,River/Stream,,40.75340048,-91.2755898
6,10560002,Skunk River near Augusta,05/01/2018 10:15:00,AMBIENT,PH,pH,Total,,8.6,None,True,,,,4500-H,,Actual,SW,Water,,,Lee,07080107,River/Stream,,40.75340048,-91.2755898
6,10560002,Skunk River near Augusta,05/01/2018 10:15:00,AMBIENT,7782-44-7,Dissolved oxygen (DO),Total,,13.9,mg/l,True,,,,D888(C),,Actual,SW,Water,,,Lee,07080107,River/Stream,,40.75340048,-91.2755898
6,10560002,Skunk River near Augusta,05/01/2018 10:15:00,AMBIENT,TVSS,Volatile Suspended Solids,NonFilt,,23,mg/l,True,1,,,160.4,UHL001,Actual,SW,Water,,,Lee,07080107,River/Stream,,40.75340048,-91.2755898
6,10560002,Skunk River near Augusta,05/01/2018 10:15:00,AMBIENT,7439-95-4,Magnesium,Total,,27,mg/l,True,0.5,,,200.7(W),UHL001,Actual,SW,Water,,,Lee,07080107,River/Stream,,40.75340048,-91.2755898
6,10560002,Skunk River near Augusta,05/01/2018 10:15:00,AMBIENT,7440-09-7,Potassium,Total,,2.8,mg/l,True,1,,,200.7(W),UHL001,Actual,SW,Water,,,Lee,07080107,River/Stream,,40.75340048,-91.2755898
6,10560002,Skunk River near Augusta,05/01/2018 10:15:00,AMBIENT,7440-23-5,Sodium,Total,,14,mg/l,True,0.5,,,200.7(W),UHL001,Actual,SW,Water,,,Lee,07080107,River/Stream,,40.75340048,-91.2755898
6,10560002,Skunk River near Augusta,05/01/2018 10:15:00,AMBIENT,7440-70-2,Calcium,Total,,70,mg/l,True,1,,,200.7(W),UHL001,Actual,SW,Water,,,Lee,07080107,River/Stream,,40.75340048,-91.2755898
6,10560002,Skunk River near Augusta,05/01/2018 10:15:00,AMBIENT,7429-90-5,Aluminum,Total,,0.89,mg/l,True,0.1,,,200.8(W),UHL001,Actual,SW,Water,,,Lee,07080107,River/Stream,,40.75340048,-91.2755898
6,10560002,Skunk River near Augusta,05/01/2018 10:15:00,AMBIENT,TURB,Turbidity,Total,,40,NTU,True,1,,,2130-B,UHL001,Actual,SW,Water,,,Lee,07080107,River/Stream,,40.75340048,-91.2755898
6,10560002,Skunk River near Augusta,05/01/2018 10:15:00,AMBIENT,ALK-TOT,"Alkalinity, total",Total,,180,mg/l CaCO3,True,1,,,2320-B,UHL001,Actual,SW,Water,,,Lee,07080107,River/Stream,,40.75340048,-91.2755898
6,10560002,Skunk River near Augusta,05/01/2018 10:15:00,AMBIENT,HARD-CARB,"Hardness, carbonate",Total,,290,mg/l,True,1,,,2340C,UHL001,Actual,SW,Water,,,Lee,07080107,River/Stream,,40.75340048,-91.2755898
6,10560002,Skunk River near Augusta,05/01/2018 10:15:00,AMBIENT,TDS,Total dissolved solids,Dissolved,,330,mg/l,True,1,,,2540-C,UHL001,Actual,SW,Water,,,Lee,07080107,River/Stream,,40.75340048,-91.2755898
6,10560002,Skunk River near Augusta,05/01/2018 10:15:00,AMBIENT,14808-79-8,Sulfate (AS SO4),Total,,36,mg/l,True,10,,,300.0,UHL001,Actual,SW,Water,,,Lee,07080107,River/Stream,,40.75340048,-91.2755898
6,10560002,Skunk River near Augusta,05/01/2018 10:15:00,AMBIENT,16887-00-6,Chloride,Total,,27,mg/l,True,5,,,300.0,UHL001,Actual,SW,Water,,,Lee,07080107,River/Stream,,40.75340048,-91.2755898
6,10560002,Skunk River near Augusta,05/01/2018 10:15:00,AMBIENT,CLR-A-FREE,"Chlorophyll a, free of pheophytin",NonFilt,,240,ug/l,True,1,,,445,UHL001,Actual,SW,Water,,,Lee,07080107,River/Stream,,40.75340048,-91.2755898
6,10560002,Skunk River near Augusta,05/01/2018 10:15:00,AMBIENT,CBOD-SC,"Carbonaceous biochemical oxygen demand, standard conditions",Total,,10,mg/l,True,2,,,5210-B,UHL001,Actual,SW,Water,,"As concentration of sample increased there was sufficient decrease in BOD/CBOD to indicate a possible inhibitory interference with biochemical activity.  The result from the dilution containing the least volume of sample, not an average of all dilutions m",Lee,07080107,River/Stream,,40.75340048,-91.2755898
6,10560002,Skunk River near Augusta,05/01/2018 10:15:00,AMBIENT,ORG-CARB,Organic Carbon,Dissolved,,3.4,mg/l,True,0.5,,,5310-B,UHL001,Actual,SW,Water,,,Lee,07080107,River/Stream,,40.75340048,-91.2755898
6,10560002,Skunk River near Augusta,05/01/2018 10:15:00,AMBIENT,68583-22-2,Escherichia coli,Total,,10,MPN/100ml,False,10,,,9223-B,UHL001,Actual,SW,Water,,,Lee,07080107,River/Stream,,40.75340048,-91.2755898
6,10560002,Skunk River near Augusta,05/01/2018 10:15:00,AMBIENT,TSS,Total suspended solids,NonFilt,,84,mg/l,True,1,,,I3765,UHL001,Actual,SW,Water,,,Lee,07080107,River/Stream,,40.75340048,-91.2755898
6,10560002,Skunk River near Augusta,05/01/2018 10:15:00,AMBIENT,NIT-NO3-NO2,Inorganic nitrogen (nitrate and nitrite) (AS N),Total,,5.8,mg/l,True,0.1,,,LAC10-107-04-1J,UHL001,Actual,SW,Water,,,Lee,07080107,River/Stream,,40.75340048,-91.2755898
6,10560002,Skunk River near Augusta,05/01/2018 10:15:00,AMBIENT,NIT-AMM,Ammonia-nitrogen (AS N),Total,,0.05,mg/l,False,0.05,,,LAC10-107-06-1J,UHL001,Actual,SW,Water,,,Lee,07080107,River/Stream,,40.75340048,-91.2755898
6,10560002,Skunk River near Augusta,05/01/2018 10:15:00,AMBIENT,NIT-KJELD,Kjeldahl nitrogen (AS N),Total,,1.8,mg/l,True,0.1,,,LAC10-107-06-2E,UHL001,Actual,SW,Water,,,Lee,07080107,River/Stream,,40.75340048,-91.2755898
6,10560002,Skunk River near Augusta,05/01/2018 10:15:00,AMBIENT,14265-44-2,Orthophosphate (AS P),Dissolved,,0.02,mg/l,False,0.02,,,LAC10-115-01-1A,UHL001,Actual,SW,Water,,,Lee,07080107,River/Stream,,40.75340048,-91.2755898
6,10560002,Skunk River near Augusta,05/01/2018 10:15:00,AMBIENT,PHOSP-PHOSP,Phosphate-phosphorus (AS P),Total,,0.28,mg/l,True,0.10,,,LAC10-115-01-1C,UHL001,Actual,SW,Water,,,Lee,07080107,River/Stream,,40.75340048,-91.2755898
6,10560002,Skunk River near Augusta,06/04/2018 11:25:00,AMBIENT,TEMP-WATER,"Temperature, water",Total,,24.3,deg C,True,,,,2550,,Actual,SW,Water,,,Lee,07080107,River/Stream,,40.75340048,-91.2755898
6,10560002,Skunk River near Augusta,06/04/2018 11:25:00,AMBIENT,PH,pH,Total,,8.8,None,True,,,,4500-H,,Actual,SW,Water,,,Lee,07080107,River/Stream,,40.75340048,-91.2755898
6,10560002,Skunk River near Augusta,06/04/2018 11:25:00,AMBIENT,7782-44-7,Dissolved oxygen (DO),Total,,11,mg/l,True,,,,D888(C),,Actual,SW,Water,,,Lee,07080107,River/Stream,,40.75340048,-91.2755898
6,10560002,Skunk River near Augusta,06/04/2018 11:25:00,AMBIENT,TVSS,Volatile Suspended Solids,NonFilt,,26,mg/l,True,1,,,160.4,UHL001,Actual,SW,Water,,,Lee,07080107,River/Stream,,40.75340048,-91.2755898
6,10560002,Skunk River near Augusta,06/04/2018 11:25:00,AMBIENT,TURB,Turbidity,Total,,52,NTU,True,1,,,2130-B,UHL001,Actual,SW,Water,,,Lee,07080107,River/Stream,,40.75340048,-91.2755898
6,10560002,Skunk River near Augusta,06/04/2018 11:25:00,AMBIENT,HARD-CARB,"Hardness, carbonate",Total,,300,mg/l,True,1,,,2340C,UHL001,Actual,SW,Water,,,Lee,07080107,River/Stream,,40.75340048,-91.2755898
6,10560002,Skunk River near Augusta,06/04/2018 11:25:00,AMBIENT,TDS,Total dissolved solids,Dissolved,,370,mg/l,True,1,,,2540-C,UHL001,Actual,SW,Water,,,Lee,07080107,River/Stream,,40.75340048,-91.2755898
6,10560002,Skunk River near Augusta,06/04/2018 11:25:00,AMBIENT,14808-79-8,Sulfate (AS SO4),Total,,31,mg/l,True,10,,,300.0,UHL001,Actual,SW,Water,,,Lee,07080107,River/Stream,,40.75340048,-91.2755898
6,10560002,Skunk River near Augusta,06/04/2018 11:25:00,AMBIENT,16887-00-6,Chloride,Total,,26,mg/l,True,5,,,300.0,UHL001,Actual,SW,Water,,,Lee,07080107,River/Stream,,40.75340048,-91.2755898
6,10560002,Skunk River near Augusta,06/04/2018 11:25:00,AMBIENT,CLR-A-FREE,"Chlorophyll a, free of pheophytin",NonFilt,,120,ug/l,True,1,,,445,UHL001,Actual,SW,Water,,,Lee,07080107,River/Stream,,40.75340048,-91.2755898
6,10560002,Skunk River near Augusta,06/04/2018 11:25:00,AMBIENT,CBOD-SC,"Carbonaceous biochemical oxygen demand, standard conditions",Total,,3,mg/l,True,2,,,5210-B,UHL001,Actual,SW,Water,,,Lee,07080107,River/Stream,,40.75340048,-91.2755898
6,10560002,Skunk River near Augusta,06/04/2018 11:25:00,AMBIENT,68583-22-2,Escherichia coli,Total,,86,MPN/100ml,True,10,,,9223-B,UHL001,Actual,SW,Water,,,Lee,07080107,River/Stream,,40.75340048,-91.2755898
6,10560002,Skunk River near Augusta,06/04/2018 11:25:00,AMBIENT,TSS,Total suspended solids,NonFilt,,110,mg/l,True,1,,,I3765,UHL001,Actual,SW,Water,,,Lee,07080107,River/Stream,,40.75340048,-91.2755898
6,10560002,Skunk River near Augusta,06/04/2018 11:25:00,AMBIENT,NIT-NO3-NO2,Inorganic nitrogen (nitrate and nitrite) (AS N),Total,,5.3,mg/l,True,0.1,,,LAC10-107-04-1J,UHL001,Actual,SW,Water,,,Lee,07080107,River/Stream,,40.75340048,-91.2755898
6,10560002,Skunk River near Augusta,06/04/2018 11:25:00,AMBIENT,NIT-AMM,Ammonia-nitrogen (AS N),Total,,0.05,mg/l,False,0.05,,,LAC10-107-06-1J,UHL001,Actual,SW,Water,,,Lee,07080107,River/Stream,,40.75340048,-91.2755898
6,10560002,Skunk River near Augusta,06/04/2018 11:25:00,AMBIENT,NIT-KJELD,Kjeldahl nitrogen (AS N),Total,,1.6,mg/l,True,0.1,,,LAC10-107-06-2E,UHL001,Actual,SW,Water,,,Lee,07080107,River/Stream,,40.75340048,-91.2755898
6,10560002,Skunk River near Augusta,06/04/2018 11:25:00,AMBIENT,14265-44-2,Orthophosphate (AS P),Dissolved,,0.09,mg/l,True,0.02,,,LAC10-115-01-1A,UHL001,Actual,SW,Water,,,Lee,07080107,River/Stream,,40.75340048,-91.2755898
6,10560002,Skunk River near Augusta,06/04/2018 11:25:00,AMBIENT,PHOSP-PHOSP,Phosphate-phosphorus (AS P),Total,,0.32,mg/l,True,0.1,,,LAC10-115-01-1C,UHL001,Actual,SW,Water,,,Lee,07080107,River/Stream,,40.75340048,-91.2755898
6,10560002,Skunk River near Augusta,07/11/2018 11:30:00,AMBIENT,7439-92-1,Lead,Dissolved,,0.18,ug/l,True,0.05,,,200.8(W),UHL001,Actual,SW,Water,,,Lee,07080107,River/Stream,,40.75340048,-91.2755898
6,10560002,Skunk River near Augusta,07/11/2018 11:30:00,AMBIENT,7440-02-0,Nickel,Dissolved,,2.9,ug/l,True,0.05,,,200.8(W),UHL001,Actual,SW,Water,,,Lee,07080107,River/Stream,,40.75340048,-91.2755898
6,10560002,Skunk River near Augusta,07/11/2018 11:30:00,AMBIENT,7440-22-4,Silver,Dissolved,,0.05,ug/l,False,0.05,,,200.8(W),UHL001,Actual,SW,Water,,,Lee,07080107,River/Stream,,40.75340048,-91.2755898
6,10560002,Skunk River near Augusta,07/11/2018 11:30:00,AMBIENT,7440-38-2,Arsenic,Dissolved,,3,ug/l,True,0.05,,,200.8(W),UHL001,Actual,SW,Water,,,Lee,07080107,River/Stream,,40.75340048,-91.2755898
6,10560002,Skunk River near Augusta,07/11/2018 11:30:00,AMBIENT,7440-43-9,Cadmium,Dissolved,,0.05,ug/l,False,0.05,,,200.8(W),UHL001,Actual,SW,Water,,,Lee,07080107,River/Stream,,40.75340048,-91.2755898
6,10560002,Skunk River near Augusta,07/11/2018 11:30:00,AMBIENT,7440-47-3,Chromium,Dissolved,,0.82,ug/l,True,0.05,,,200.8(W),UHL001,Actual,SW,Water,,,Lee,07080107,River/Stream,,40.75340048,-91.2755898
6,10560002,Skunk River near Augusta,07/11/2018 11:30:00,AMBIENT,7440-50-8,Copper,Dissolved,,1.4,ug/l,True,0.05,,,200.8(W),UHL001,Actual,SW,Water,,,Lee,07080107,River/Stream,,40.75340048,-91.2755898
6,10560002,Skunk River near Augusta,07/11/2018 11:30:00,AMBIENT,7440-66-6,Zinc,Dissolved,,0.42,ug/l,True,0.05,,,200.8(W),UHL001,Actual,SW,Water,,,Lee,07080107,River/Stream,,40.75340048,-91.2755898
6,10560002,Skunk River near Augusta,07/11/2018 11:30:00,AMBIENT,7782-49-2,Selenium,Dissolved,,1.3,ug/l,True,0.5,,,200.8(W),UHL001,Actual,SW,Water,,,Lee,07080107,River/Stream,,40.75340048,-91.2755898
6,10560002,Skunk River near Augusta,07/11/2018 11:20:00,AMBIENT,TEMP-WATER,"Temperature, water",Total,,26.8,deg C,True,,,,2550,,Actual,SW,Water,,,Lee,07080107,River/Stream,,40.75340048,-91.2755898
6,10560002,Skunk River near Augusta,07/11/2018 11:20:00,AMBIENT,PH,pH,Total,,7.9,None,True,,,,4500-H,,Actual,SW,Water,,,Lee,07080107,River/Stream,,40.75340048,-91.2755898
6,10560002,Skunk River near Augusta,07/11/2018 11:20:00,AMBIENT,7782-44-7,Dissolved oxygen (DO),Total,,6.9,mg/l,True,,,,D888(C),,Actual,SW,Water,,,Lee,07080107,River/Stream,,40.75340048,-91.2755898
6,10560002,Skunk River near Augusta,07/11/2018 11:20:00,AMBIENT,TVSS,Volatile Suspended Solids,NonFilt,,26,mg/l,True,1,,,160.4,UHL001,Actual,SW,Water,,,Lee,07080107,River/Stream,,40.75340048,-91.2755898
6,10560002,Skunk River near Augusta,07/11/2018 11:20:00,AMBIENT,7439-95-4,Magnesium,Total,,19,mg/l,True,0.5,,,200.7(W),UHL001,Actual,SW,Water,,,Lee,07080107,River/Stream,,40.75340048,-91.2755898
6,10560002,Skunk River near Augusta,07/11/2018 11:20:00,AMBIENT,7440-09-7,Potassium,Total,,4.5,mg/l,True,1,,,200.7(W),UHL001,Actual,SW,Water,,,Lee,07080107,River/Stream,,40.75340048,-91.2755898
6,10560002,Skunk River near Augusta,07/11/2018 11:20:00,AMBIENT,7440-23-5,Sodium,Total,,5.3,mg/l,True,0.5,,,200.7(W),UHL001,Actual,SW,Water,,,Lee,07080107,River/Stream,,40.75340048,-91.2755898
6,10560002,Skunk River near Augusta,07/11/2018 11:20:00,AMBIENT,7440-70-2,Calcium,Total,,67,mg/l,True,1,,,200.7(W),UHL001,Actual,SW,Water,,,Lee,07080107,River/Stream,,40.75340048,-91.2755898
6,10560002,Skunk River near Augusta,07/11/2018 11:20:00,AMBIENT,7429-90-5,Aluminum,Total,,1.9,mg/l,True,0.05,,,200.8(W),UHL001,Actual,SW,Water,,,Lee,07080107,River/Stream,,40.75340048,-91.2755898
6,10560002,Skunk River near Augusta,07/11/2018 11:20:00,AMBIENT,TURB,Turbidity,Total,,99,NTU,True,1,,,2130-B,UHL001,Actual,SW,Water,,,Lee,07080107,River/Stream,,40.75340048,-91.2755898
6,10560002,Skunk River near Augusta,07/11/2018 11:20:00,AMBIENT,ALK-TOT,"Alkalinity, total",Total,,190,mg/l CaCO3,True,1,,,2320-B,UHL001,Actual,SW,Water,,,Lee,07080107,River/Stream,,40.75340048,-91.2755898
6,10560002,Skunk River near Augusta,07/11/2018 11:20:00,AMBIENT,HARD-CARB,"Hardness, carbonate",Total,,230,mg/l,True,1,,,2340C,UHL001,Actual,SW,Water,,,Lee,07080107,River/Stream,,40.75340048,-91.2755898
6,10560002,Skunk River near Augusta,07/11/2018 11:20:00,AMBIENT,TDS,Total dissolved solids,Dissolved,,300,mg/l,True,1,,,2540-C,UHL001,Actual,SW,Water,,,Lee,07080107,River/Stream,,40.75340048,-91.2755898
6,10560002,Skunk River near Augusta,07/11/2018 11:20:00,AMBIENT,14808-79-8,Sulfate (AS SO4),Total,,13,mg/l,True,8,,,300.0,UHL001,Actual,SW,Water,,,Lee,07080107,River/Stream,,40.75340048,-91.2755898
6,10560002,Skunk River near Augusta,07/11/2018 11:20:00,AMBIENT,16887-00-6,Chloride,Total,,13,mg/l,True,2,,,300.0,UHL001,Actual,SW,Water,,,Lee,07080107,River/Stream,,40.75340048,-91.2755898
6,10560002,Skunk River near Augusta,07/11/2018 11:20:00,AMBIENT,CLR-A-FREE,"Chlorophyll a, free of pheophytin",NonFilt,,13,ug/l,True,1,,,445,UHL001,Actual,SW,Water,,,Lee,07080107,River/Stream,,40.75340048,-91.2755898
6,10560002,Skunk River near Augusta,07/11/2018 11:20:00,AMBIENT,CBOD-SC,"Carbonaceous biochemical oxygen demand, standard conditions",Total,,2,mg/l,False,2,,,5210-B,UHL001,Actual,SW,Water,,,Lee,07080107,River/Stream,,40.75340048,-91.2755898
6,10560002,Skunk River near Augusta,07/11/2018 11:20:00,AMBIENT,ORG-CARB,Organic Carbon,Dissolved,,4.1,mg/l,True,0.5,,,5310-B,UHL001,Actual,SW,Water,,,Lee,07080107,River/Stream,,40.75340048,-91.2755898
6,10560002,Skunk River near Augusta,07/11/2018 11:20:00,AMBIENT,1007-28-9,2-Choro-6-ethylamino-4-amino-s-triazine,Total,,0.1,ug/l,False,0.1,,,8270B(W),UHL001,Actual,SW,Water,,,Lee,07080107,River/Stream,,40.75340048,-91.2755898
6,10560002,Skunk River near Augusta,07/11/2018 11:20:00,AMBIENT,122-34-9,Simazine,Total,,0.1,ug/l,False,0.1,,,8270B(W),UHL001,Actual,SW,Water,,,Lee,07080107,River/Stream,,40.75340048,-91.2755898
6,10560002,Skunk River near Augusta,07/11/2018 11:20:00,AMBIENT,139-40-2,Propazine,Total,,0.1,ug/l,False,0.1,,,8270B(W),UHL001,Actual,SW,Water,,,Lee,07080107,River/Stream,,40.75340048,-91.2755898
6,10560002,Skunk River near Augusta,07/11/2018 11:20:00,AMBIENT,1582-09-8,Trifluralin,Total,,0.1,ug/l,False,0.1,,,8270B(W),UHL001,Actual,SW,Water,,,Lee,07080107,River/Stream,,40.75340048,-91.2755898
6,10560002,Skunk River near Augusta,07/11/2018 11:20:00,AMBIENT,15972-60-8,Alachlor,Total,,0.1,ug/l,False,0.1,,,8270B(W),UHL001,Actual,SW,Water,,,Lee,07080107,River/Stream,,40.75340048,-91.2755898
6,10560002,Skunk River near Augusta,07/11/2018 11:20:00,AMBIENT,1610-18-0,Prometon,Total,,0.1,ug/l,False,0.1,,,8270B(W),UHL001,Actual,SW,Water,,,Lee,07080107,River/Stream,,40.75340048,-91.2755898
6,10560002,Skunk River near Augusta,07/11/2018 11:20:00,AMBIENT,1912-24-9,Atrazine,Total,,0.2,ug/l,True,0.1,,,8270B(W),UHL001,Actual,SW,Water,,,Lee,07080107,River/Stream,,40.75340048,-91.2755898
6,10560002,Skunk River near Augusta,07/11/2018 11:20:00,AMBIENT,1918-16-7,Propachlor,Total,,0.1,ug/l,False,0.1,,,8270B(W),UHL001,Actual,SW,Water,,,Lee,07080107,River/Stream,,40.75340048,-91.2755898
6,10560002,Skunk River near Augusta,07/11/2018 11:20:00,AMBIENT,2008-41-5,Butylate,Total,,0.1,ug/l,False,0.1,,,8270B(W),UHL001,Actual,SW,Water,,,Lee,07080107,River/Stream,,40.75340048,-91.2755898
6,10560002,Skunk River near Augusta,07/11/2018 11:20:00,AMBIENT,21087-64-9,Metribuzin,Total,,0.1,ug/l,False,0.1,,,8270B(W),UHL001,Actual,SW,Water,,,Lee,07080107,River/Stream,,40.75340048,-91.2755898
6,10560002,Skunk River near Augusta,07/11/2018 11:20:00,AMBIENT,21725-46-2,Cyanazine,Total,,0.1,ug/l,False,0.1,,,8270B(W),UHL001,Actual,SW,Water,,,Lee,07080107,River/Stream,,40.75340048,-91.2755898
6,10560002,Skunk River near Augusta,07/11/2018 11:20:00,AMBIENT,23184-66-9,Butachlor,Total,,0.1,ug/l,False,0.1,,,8270B(W),UHL001,Actual,SW,Water,,,Lee,07080107,River/Stream,,40.75340048,-91.2755898
6,10560002,Skunk River near Augusta,07/11/2018 11:20:00,AMBIENT,34256-82-1,Acetochlor,Total,,0.1,ug/l,False,0.1,,,8270B(W),UHL001,Actual,SW,Water,,,Lee,07080107,River/Stream,,40.75340048,-91.2755898
6,10560002,Skunk River near Augusta,07/11/2018 11:20:00,AMBIENT,51218-45-2,Metolachlor,Total,,0.7,ug/l,True,0.1,,,8270B(W),UHL001,Actual,SW,Water,,,Lee,07080107,River/Stream,,40.75340048,-91.2755898
6,10560002,Skunk River near Augusta,07/11/2018 11:20:00,AMBIENT,6190-65-4,2-Chloro-4-isopropylamino-6-amino-s-triazine,Total,,0.1,ug/l,True,0.1,,,8270B(W),UHL001,Actual,SW,Water,,,Lee,07080107,River/Stream,,40.75340048,-91.2755898
6,10560002,Skunk River near Augusta,07/11/2018 11:20:00,AMBIENT,759-94-4,S-Ethyl dipropylthiocarbamate,Total,,0.1,ug/l,False,0.1,,,8270B(W),UHL001,Actual,SW,Water,,,Lee,07080107,River/Stream,,40.75340048,-91.2755898
6,10560002,Skunk River near Augusta,07/11/2018 11:20:00,AMBIENT,834-12-8,Ametryn,Total,,0.1,ug/l,False,0.1,,,8270B(W),UHL001,Actual,SW,Water,,,Lee,07080107,River/Stream,,40.75340048,-91.2755898
6,10560002,Skunk River near Augusta,07/11/2018 11:20:00,AMBIENT,87674-68-8,Dimethenamid,Total,,0.1,ug/l,False,0.1,,,8270B(W),UHL001,Actual,SW,Water,,,Lee,07080107,River/Stream,,40.75340048,-91.2755898
6,10560002,Skunk River near Augusta,07/11/2018 11:20:00,AMBIENT,68583-22-2,Escherichia coli,Total,,63,MPN/100ml,True,10,,,9223-B,UHL001,Actual,SW,Water,,,Lee,07080107,River/Stream,,40.75340048,-91.2755898
6,10560002,Skunk River near Augusta,07/11/2018 11:20:00,AMBIENT,TSS,Total suspended solids,NonFilt,,260,mg/l,True,1,,,I3765,UHL001,Actual,SW,Water,,,Lee,07080107,River/Stream,,40.75340048,-91.2755898
6,10560002,Skunk River near Augusta,07/11/2018 11:20:00,AMBIENT,NIT-NO3-NO2,Inorganic nitrogen (nitrate and nitrite) (AS N),Total,,3.8,mg/l,True,0.1,,,LAC10-107-04-1J,UHL001,Actual,SW,Water,,,Lee,07080107,River/Stream,,40.75340048,-91.2755898
6,10560002,Skunk River near Augusta,07/11/2018 11:20:00,AMBIENT,NIT-AMM,Ammonia-nitrogen (AS N),Total,,0.05,mg/l,False,0.05,,,LAC10-107-06-1J,UHL001,Actual,SW,Water,,,Lee,07080107,River/Stream,,40.75340048,-91.2755898
6,10560002,Skunk River near Augusta,07/11/2018 11:20:00,AMBIENT,NIT-KJELD,Kjeldahl nitrogen (AS N),Total,,1.2,mg/l,True,0.1,,,LAC10-107-06-2E,UHL001,Actual,SW,Water,,,Lee,07080107,River/Stream,,40.75340048,-91.2755898
6,10560002,Skunk River near Augusta,07/11/2018 11:20:00,AMBIENT,14265-44-2,Orthophosphate (AS P),Dissolved,,0.21,mg/l,True,0.02,,,LAC10-115-01-1A,UHL001,Actual,SW,Water,,,Lee,07080107,River/Stream,,40.75340048,-91.2755898
6,10560002,Skunk River near Augusta,07/11/2018 11:20:00,AMBIENT,PHOSP-PHOSP,Phosphate-phosphorus (AS P),Total,,0.51,mg/l,True,0.1,,,LAC10-115-01-1C,UHL001,Actual,SW,Water,,,Lee,07080107,River/Stream,,40.75340048,-91.2755898
6,10560002,Skunk River near Augusta,08/01/2018 10:30:00,AMBIENT,TEMP-WATER,"Temperature, water",Total,,24.9,deg C,True,,,,2550,,Actual,SW,Water,,,Lee,07080107,River/Stream,,40.75340048,-91.2755898
6,10560002,Skunk River near Augusta,08/01/2018 10:30:00,AMBIENT,PH,pH,Total,,9,None,True,,,,4500-H,,Actual,SW,Water,,,Lee,07080107,River/Stream,,40.75340048,-91.2755898
6,10560002,Skunk River near Augusta,08/01/2018 10:30:00,AMBIENT,7782-44-7,Dissolved oxygen (DO),Total,,11.8,mg/l,True,,,,D888(C),,Actual,SW,Water,,,Lee,07080107,River/Stream,,40.75340048,-91.2755898
6,10560002,Skunk River near Augusta,08/01/2018 10:30:00,AMBIENT,TVSS,Volatile Suspended Solids,NonFilt,,48,mg/l,True,1,,,160.4,UHL001,Actual,SW,Water,,,Lee,07080107,River/Stream,,40.75340048,-91.2755898
6,10560002,Skunk River near Augusta,08/01/2018 10:30:00,AMBIENT,TURB,Turbidity,Total,,75,NTU,True,1,,,2130-B,UHL001,Actual,SW,Water,,,Lee,07080107,River/Stream,,40.75340048,-91.2755898
6,10560002,Skunk River near Augusta,08/01/2018 10:30:00,AMBIENT,HARD-CARB,"Hardness, carbonate",Total,,180,mg/l,True,1,,,2340C,UHL001,Actual,SW,Water,,,Lee,07080107,River/Stream,,40.75340048,-91.2755898
6,10560002,Skunk River near Augusta,08/01/2018 10:30:00,AMBIENT,TDS,Total dissolved solids,Dissolved,,220,mg/l,True,1,,,2540-C,UHL001,Actual,SW,Water,,,Lee,07080107,River/Stream,,40.75340048,-91.2755898
6,10560002,Skunk River near Augusta,08/01/2018 10:30:00,AMBIENT,14808-79-8,Sulfate (AS SO4),Total,,34,mg/l,True,8,,,300.0,UHL001,Actual,SW,Water,,,Lee,07080107,River/Stream,,40.75340048,-91.2755898
6,10560002,Skunk River near Augusta,08/01/2018 10:30:00,AMBIENT,16887-00-6,Chloride,Total,,22,mg/l,True,10,,,300.0,UHL001,Actual,SW,Water,,,Lee,07080107,River/Stream,,40.75340048,-91.2755898
6,10560002,Skunk River near Augusta,08/01/2018 10:30:00,AMBIENT,CLR-A-FREE,"Chlorophyll a, free of pheophytin",NonFilt,,320,ug/l,True,1,,,445,UHL001,Actual,SW,Water,,,Lee,07080107,River/Stream,,40.75340048,-91.2755898
6,10560002,Skunk River near Augusta,08/01/2018 10:30:00,AMBIENT,CBOD-SC,"Carbonaceous biochemical oxygen demand, standard conditions",Total,,10,mg/l,True,2,,,5210-B,UHL001,Actual,SW,Water,,"As concentration of sample increased there was sufficient decrease in BOD/CBOD to indicate a possible inhibitory interference with biochemical activity.  The result from the dilution containing the least volume of sample, not an average of all dilutions m",Lee,07080107,River/Stream,,40.75340048,-91.2755898
6,10560002,Skunk River near Augusta,08/01/2018 10:30:00,AMBIENT,1007-28-9,2-Choro-6-ethylamino-4-amino-s-triazine,Total,,0.1,ug/l,False,0.1,,,8270B(W),UHL001,Actual,SW,Water,,,Lee,07080107,River/Stream,,40.75340048,-91.2755898
6,10560002,Skunk River near Augusta,08/01/2018 10:30:00,AMBIENT,122-34-9,Simazine,Total,,0.1,ug/l,False,0.1,,,8270B(W),UHL001,Actual,SW,Water,,,Lee,07080107,River/Stream,,40.75340048,-91.2755898
6,10560002,Skunk River near Augusta,08/01/2018 10:30:00,AMBIENT,139-40-2,Propazine,Total,,0.1,ug/l,False,0.1,,,8270B(W),UHL001,Actual,SW,Water,,,Lee,07080107,River/Stream,,40.75340048,-91.2755898
6,10560002,Skunk River near Augusta,08/01/2018 10:30:00,AMBIENT,1582-09-8,Trifluralin,Total,,0.1,ug/l,False,0.1,,,8270B(W),UHL001,Actual,SW,Water,,,Lee,07080107,River/Stream,,40.75340048,-91.2755898
6,10560002,Skunk River near Augusta,08/01/2018 10:30:00,AMBIENT,15972-60-8,Alachlor,Total,,0.1,ug/l,False,0.1,,,8270B(W),UHL001,Actual,SW,Water,,,Lee,07080107,River/Stream,,40.75340048,-91.2755898
6,10560002,Skunk River near Augusta,08/01/2018 10:30:00,AMBIENT,1610-18-0,Prometon,Total,,0.1,ug/l,False,0.1,,,8270B(W),UHL001,Actual,SW,Water,,,Lee,07080107,River/Stream,,40.75340048,-91.2755898
6,10560002,Skunk River near Augusta,08/01/2018 10:30:00,AMBIENT,1912-24-9,Atrazine,Total,,0.1,ug/l,False,0.1,,,8270B(W),UHL001,Actual,SW,Water,,,Lee,07080107,River/Stream,,40.75340048,-91.2755898
6,10560002,Skunk River near Augusta,08/01/2018 10:30:00,AMBIENT,1918-16-7,Propachlor,Total,,0.1,ug/l,False,0.1,,,8270B(W),UHL001,Actual,SW,Water,,,Lee,07080107,River/Stream,,40.75340048,-91.2755898
6,10560002,Skunk River near Augusta,08/01/2018 10:30:00,AMBIENT,2008-41-5,Butylate,Total,,0.1,ug/l,False,0.1,,,8270B(W),UHL001,Actual,SW,Water,,,Lee,07080107,River/Stream,,40.75340048,-91.2755898
6,10560002,Skunk River near Augusta,08/01/2018 10:30:00,AMBIENT,21087-64-9,Metribuzin,Total,,0.1,ug/l,False,0.1,,,8270B(W),UHL001,Actual,SW,Water,,,Lee,07080107,River/Stream,,40.75340048,-91.2755898
6,10560002,Skunk River near Augusta,08/01/2018 10:30:00,AMBIENT,21725-46-2,Cyanazine,Total,,0.1,ug/l,False,0.1,,,8270B(W),UHL001,Actual,SW,Water,,,Lee,07080107,River/Stream,,40.75340048,-91.2755898
6,10560002,Skunk River near Augusta,08/01/2018 10:30:00,AMBIENT,23184-66-9,Butachlor,Total,,0.1,ug/l,False,0.1,,,8270B(W),UHL001,Actual,SW,Water,,,Lee,07080107,River/Stream,,40.75340048,-91.2755898
6,10560002,Skunk River near Augusta,08/01/2018 10:30:00,AMBIENT,34256-82-1,Acetochlor,Total,,0.1,ug/l,False,0.1,,,8270B(W),UHL001,Actual,SW,Water,,,Lee,07080107,River/Stream,,40.75340048,-91.2755898
6,10560002,Skunk River near Augusta,08/01/2018 10:30:00,AMBIENT,51218-45-2,Metolachlor,Total,,0.1,ug/l,False,0.1,,,8270B(W),UHL001,Actual,SW,Water,,,Lee,07080107,River/Stream,,40.75340048,-91.2755898
6,10560002,Skunk River near Augusta,08/01/2018 10:30:00,AMBIENT,6190-65-4,2-Chloro-4-isopropylamino-6-amino-s-triazine,Total,,0.1,ug/l,False,0.1,,,8270B(W),UHL001,Actual,SW,Water,,,Lee,07080107,River/Stream,,40.75340048,-91.2755898
6,10560002,Skunk River near Augusta,08/01/2018 10:30:00,AMBIENT,759-94-4,S-Ethyl dipropylthiocarbamate,Total,,0.1,ug/l,False,0.1,,,8270B(W),UHL001,Actual,SW,Water,,,Lee,07080107,River/Stream,,40.75340048,-91.2755898
6,10560002,Skunk River near Augusta,08/01/2018 10:30:00,AMBIENT,834-12-8,Ametryn,Total,,0.1,ug/l,False,0.1,,,8270B(W),UHL001,Actual,SW,Water,,,Lee,07080107,River/Stream,,40.75340048,-91.2755898
6,10560002,Skunk River near Augusta,08/01/2018 10:30:00,AMBIENT,87674-68-8,Dimethenamid,Total,,0.1,ug/l,False,0.1,,,8270B(W),UHL001,Actual,SW,Water,,,Lee,07080107,River/Stream,,40.75340048,-91.2755898
6,10560002,Skunk River near Augusta,08/01/2018 10:30:00,AMBIENT,68583-22-2,Escherichia coli,Total,,41,MPN/100ml,True,10,,,9223-B,UHL001,Actual,SW,Water,,,Lee,07080107,River/Stream,,40.75340048,-91.2755898
6,10560002,Skunk River near Augusta,08/01/2018 10:30:00,AMBIENT,TSS,Total suspended solids,NonFilt,,190,mg/l,True,1,,,I3765,UHL001,Actual,SW,Water,,,Lee,07080107,River/Stream,,40.75340048,-91.2755898
6,10560002,Skunk River near Augusta,08/01/2018 10:30:00,AMBIENT,NIT-NO3-NO2,Inorganic nitrogen (nitrate and nitrite) (AS N),Total,,0.1,mg/l,False,0.1,,,LAC10-107-04-1J,UHL001,Actual,SW,Water,,,Lee,07080107,River/Stream,,40.75340048,-91.2755898
6,10560002,Skunk River near Augusta,08/01/2018 10:30:00,AMBIENT,NIT-AMM,Ammonia-nitrogen (AS N),Total,,0.05,mg/l,False,0.05,,,LAC10-107-06-1J,UHL001,Actual,SW,Water,,,Lee,07080107,River/Stream,,40.75340048,-91.2755898
6,10560002,Skunk River near Augusta,08/01/2018 10:30:00,AMBIENT,NIT-KJELD,Kjeldahl nitrogen (AS N),Total,,2.2,mg/l,True,0.1,,,LAC10-107-06-2E,UHL001,Actual,SW,Water,,,Lee,07080107,River/Stream,,40.75340048,-91.2755898
6,10560002,Skunk River near Augusta,08/01/2018 10:30:00,AMBIENT,14265-44-2,Orthophosphate (AS P),Dissolved,,0.02,mg/l,False,0.02,,,LAC10-115-01-1A,UHL001,Actual,SW,Water,,,Lee,07080107,River/Stream,,40.75340048,-91.2755898
6,10560002,Skunk River near Augusta,08/01/2018 10:30:00,AMBIENT,PHOSP-PHOSP,Phosphate-phosphorus (AS P),Total,,0.36,mg/l,True,0.1,,,LAC10-115-01-1C,UHL001,Actual,SW,Water,,,Lee,07080107,River/Stream,,40.75340048,-91.2755898
6,10560002,Skunk River near Augusta,09/04/2018 10:40:00,AMBIENT,7439-92-1,Lead,Dissolved,,0.15,ug/l,True,0.05,,,200.8(W),UHL001,Actual,SW,Water,,,Lee,07080107,River/Stream,,40.75340048,-91.2755898
6,10560002,Skunk River near Augusta,09/04/2018 10:40:00,AMBIENT,7440-02-0,Nickel,Dissolved,,3.1,ug/l,True,0.05,,,200.8(W),UHL001,Actual,SW,Water,,,Lee,07080107,River/Stream,,40.75340048,-91.2755898
6,10560002,Skunk River near Augusta,09/04/2018 10:40:00,AMBIENT,7440-22-4,Silver,Dissolved,,0.05,ug/l,False,0.05,,,200.8(W),UHL001,Actual,SW,Water,,,Lee,07080107,River/Stream,,40.75340048,-91.2755898
6,10560002,Skunk River near Augusta,09/04/2018 10:40:00,AMBIENT,7440-38-2,Arsenic,Dissolved,,2,ug/l,True,0.05,,,200.8(W),UHL001,Actual,SW,Water,,,Lee,07080107,River/Stream,,40.75340048,-91.2755898
6,10560002,Skunk River near Augusta,09/04/2018 10:40:00,AMBIENT,7440-43-9,Cadmium,Dissolved,,0.05,ug/l,False,0.05,,,200.8(W),UHL001,Actual,SW,Water,,,Lee,07080107,River/Stream,,40.75340048,-91.2755898
6,10560002,Skunk River near Augusta,09/04/2018 10:40:00,AMBIENT,7440-47-3,Chromium,Dissolved,,0.68,ug/l,True,0.05,,,200.8(W),UHL001,Actual,SW,Water,,,Lee,07080107,River/Stream,,40.75340048,-91.2755898
6,10560002,Skunk River near Augusta,09/04/2018 10:40:00,AMBIENT,7440-50-8,Copper,Dissolved,,2.3,ug/l,True,0.05,,,200.8(W),UHL001,Actual,SW,Water,,,Lee,07080107,River/Stream,,40.75340048,-91.2755898
6,10560002,Skunk River near Augusta,09/04/2018 10:40:00,AMBIENT,7440-66-6,Zinc,Dissolved,,2.1,ug/l,True,0.05,,,200.8(W),UHL001,Actual,SW,Water,,,Lee,07080107,River/Stream,,40.75340048,-91.2755898
6,10560002,Skunk River near Augusta,09/04/2018 10:40:00,AMBIENT,7782-49-2,Selenium,Dissolved,,0.64,ug/l,True,0.5,,,200.8(W),UHL001,Actual,SW,Water,,,Lee,07080107,River/Stream,,40.75340048,-91.2755898
6,10560002,Skunk River near Augusta,09/04/2018 10:30:00,AMBIENT,TURB,Turbidity,None,,700,NTU,True,,,,2130-B,,Actual,SW,Water,,,Lee,07080107,River/Stream,,40.75340048,-91.2755898
6,10560002,Skunk River near Augusta,09/04/2018 10:30:00,AMBIENT,TEMP-WATER,"Temperature, water",Total,,24,deg C,True,,,,2550,,Actual,SW,Water,,,Lee,07080107,River/Stream,,40.75340048,-91.2755898
6,10560002,Skunk River near Augusta,09/04/2018 10:30:00,AMBIENT,PH,pH,Total,,7.4,None,True,,,,4500-H,,Actual,SW,Water,,,Lee,07080107,River/Stream,,40.75340048,-91.2755898
6,10560002,Skunk River near Augusta,09/04/2018 10:30:00,AMBIENT,7782-44-7,Dissolved oxygen (DO),Total,,5.9,mg/l,True,,,,D888(C),,Actual,SW,Water,,,Lee,07080107,River/Stream,,40.75340048,-91.2755898
6,10560002,Skunk River near Augusta,09/04/2018 10:30:00,AMBIENT,TVSS,Volatile Suspended Solids,NonFilt,,140,mg/l,True,1,,,160.4,UHL001,Actual,SW,Water,,,Lee,07080107,River/Stream,,40.75340048,-91.2755898
6,10560002,Skunk River near Augusta,09/04/2018 10:30:00,AMBIENT,7439-95-4,Magnesium,Total,,14,mg/l,True,0.5,,,200.7(W),UHL001,Actual,SW,Water,,,Lee,07080107,River/Stream,,40.75340048,-91.2755898
6,10560002,Skunk River near Augusta,09/04/2018 10:30:00,AMBIENT,7440-09-7,Potassium,Total,,8.7,mg/l,True,1,,,200.7(W),UHL001,Actual,SW,Water,,,Lee,07080107,River/Stream,,40.75340048,-91.2755898
6,10560002,Skunk River near Augusta,09/04/2018 10:30:00,AMBIENT,7440-23-5,Sodium,Total,,3.7,mg/l,True,0.5,,,200.7(W),UHL001,Actual,SW,Water,,,Lee,07080107,River/Stream,,40.75340048,-91.2755898
6,10560002,Skunk River near Augusta,09/04/2018 10:30:00,AMBIENT,7440-70-2,Calcium,Total,,47,mg/l,True,1,,,200.7(W),UHL001,Actual,SW,Water,,,Lee,07080107,River/Stream,,40.75340048,-91.2755898
6,10560002,Skunk River near Augusta,09/04/2018 10:30:00,AMBIENT,7429-90-5,Aluminum,Total,,19,mg/l,True,0.05,,,200.8(W),UHL001,Actual,SW,Water,,,Lee,07080107,River/Stream,,40.75340048,-91.2755898
6,10560002,Skunk River near Augusta,09/04/2018 10:30:00,AMBIENT,ALK-TOT,"Alkalinity, total",Total,,96,mg/l CaCO3,True,1,,,2320-B,UHL001,Actual,SW,Water,,,Lee,07080107,River/Stream,,40.75340048,-91.2755898
6,10560002,Skunk River near Augusta,09/04/2018 10:30:00,AMBIENT,HARD-CARB,"Hardness, carbonate",Total,,120,mg/l,True,1,,,2340C,UHL001,Actual,SW,Water,,,Lee,07080107,River/Stream,,40.75340048,-91.2755898
6,10560002,Skunk River near Augusta,09/04/2018 10:30:00,AMBIENT,TDS,Total dissolved solids,Dissolved,,220,mg/l,True,1,,,2540-C,UHL001,Actual,SW,Water,,,Lee,07080107,River/Stream,,40.75340048,-91.2755898
6,10560002,Skunk River near Augusta,09/04/2018 10:30:00,AMBIENT,14808-79-8,Sulfate (AS SO4),Total,,9.6,mg/l,True,8,,,300.0,UHL001,Actual,SW,Water,,,Lee,07080107,River/Stream,,40.75340048,-91.2755898
6,10560002,Skunk River near Augusta,09/04/2018 10:30:00,AMBIENT,16887-00-6,Chloride,Total,,7.8,mg/l,True,4,,,300.0,UHL001,Actual,SW,Water,,,Lee,07080107,River/Stream,,40.75340048,-91.2755898
6,10560002,Skunk River near Augusta,09/04/2018 10:30:00,AMBIENT,CLR-A-FREE,"Chlorophyll a, free of pheophytin",NonFilt,,19,ug/l,True,1,,,445,UHL001,Actual,SW,Water,,,Lee,07080107,River/Stream,,40.75340048,-91.2755898
6,10560002,Skunk River near Augusta,09/04/2018 10:30:00,AMBIENT,CBOD-SC,"Carbonaceous biochemical oxygen demand, standard conditions",Total,,2,mg/l,False,2,,,5210-B,UHL001,Actual,SW,Water,,,Lee,07080107,River/Stream,,40.75340048,-91.2755898
6,10560002,Skunk River near Augusta,09/04/2018 10:30:00,AMBIENT,ORG-CARB,Organic Carbon,Dissolved,,4.5,mg/l,True,0.5,,,5310-B,UHL001,Actual,SW,Water,,,Lee,07080107,River/Stream,,40.75340048,-91.2755898
6,10560002,Skunk River near Augusta,09/04/2018 10:30:00,AMBIENT,1007-28-9,2-Choro-6-ethylamino-4-amino-s-triazine,Total,,0.1,ug/l,False,0.1,,,8270B(W),UHL001,Actual,SW,Water,,,Lee,07080107,River/Stream,,40.75340048,-91.2755898
6,10560002,Skunk River near Augusta,09/04/2018 10:30:00,AMBIENT,122-34-9,Simazine,Total,,0.1,ug/l,False,0.1,,,8270B(W),UHL001,Actual,SW,Water,,,Lee,07080107,River/Stream,,40.75340048,-91.2755898
6,10560002,Skunk River near Augusta,09/04/2018 10:30:00,AMBIENT,139-40-2,Propazine,Total,,0.1,ug/l,False,0.1,,,8270B(W),UHL001,Actual,SW,Water,,,Lee,07080107,River/Stream,,40.75340048,-91.2755898
6,10560002,Skunk River near Augusta,09/04/2018 10:30:00,AMBIENT,1582-09-8,Trifluralin,Total,,0.1,ug/l,False,0.1,,,8270B(W),UHL001,Actual,SW,Water,,,Lee,07080107,River/Stream,,40.75340048,-91.2755898
6,10560002,Skunk River near Augusta,09/04/2018 10:30:00,AMBIENT,15972-60-8,Alachlor,Total,,0.1,ug/l,False,0.1,,,8270B(W),UHL001,Actual,SW,Water,,,Lee,07080107,River/Stream,,40.75340048,-91.2755898
6,10560002,Skunk River near Augusta,09/04/2018 10:30:00,AMBIENT,1610-18-0,Prometon,Total,,0.1,ug/l,False,0.1,,,8270B(W),UHL001,Actual,SW,Water,,,Lee,07080107,River/Stream,,40.75340048,-91.2755898
6,10560002,Skunk River near Augusta,09/04/2018 10:30:00,AMBIENT,1912-24-9,Atrazine,Total,,0.2,ug/l,True,0.1,,,8270B(W),UHL001,Actual,SW,Water,,,Lee,07080107,River/Stream,,40.75340048,-91.2755898
6,10560002,Skunk River near Augusta,09/04/2018 10:30:00,AMBIENT,1918-16-7,Propachlor,Total,,0.1,ug/l,False,0.1,,,8270B(W),UHL001,Actual,SW,Water,,,Lee,07080107,River/Stream,,40.75340048,-91.2755898
6,10560002,Skunk River near Augusta,09/04/2018 10:30:00,AMBIENT,2008-41-5,Butylate,Total,,0.1,ug/l,False,0.1,,,8270B(W),UHL001,Actual,SW,Water,,,Lee,07080107,River/Stream,,40.75340048,-91.2755898
6,10560002,Skunk River near Augusta,09/04/2018 10:30:00,AMBIENT,21087-64-9,Metribuzin,Total,,0.1,ug/l,False,0.1,,,8270B(W),UHL001,Actual,SW,Water,,,Lee,07080107,River/Stream,,40.75340048,-91.2755898
6,10560002,Skunk River near Augusta,09/04/2018 10:30:00,AMBIENT,21725-46-2,Cyanazine,Total,,0.1,ug/l,False,0.1,,,8270B(W),UHL001,Actual,SW,Water,,,Lee,07080107,River/Stream,,40.75340048,-91.2755898
6,10560002,Skunk River near Augusta,09/04/2018 10:30:00,AMBIENT,23184-66-9,Butachlor,Total,,0.1,ug/l,False,0.1,,,8270B(W),UHL001,Actual,SW,Water,,,Lee,07080107,River/Stream,,40.75340048,-91.2755898
6,10560002,Skunk River near Augusta,09/04/2018 10:30:00,AMBIENT,34256-82-1,Acetochlor,Total,,0.1,ug/l,False,0.1,,,8270B(W),UHL001,Actual,SW,Water,,,Lee,07080107,River/Stream,,40.75340048,-91.2755898
6,10560002,Skunk River near Augusta,09/04/2018 10:30:00,AMBIENT,51218-45-2,Metolachlor,Total,,0.2,ug/l,True,0.1,,,8270B(W),UHL001,Actual,SW,Water,,,Lee,07080107,River/Stream,,40.75340048,-91.2755898
6,10560002,Skunk River near Augusta,09/04/2018 10:30:00,AMBIENT,6190-65-4,2-Chloro-4-isopropylamino-6-amino-s-triazine,Total,,0.1,ug/l,False,0.1,,,8270B(W),UHL001,Actual,SW,Water,,,Lee,07080107,River/Stream,,40.75340048,-91.2755898
6,10560002,Skunk River near Augusta,09/04/2018 10:30:00,AMBIENT,759-94-4,S-Ethyl dipropylthiocarbamate,Total,,0.1,ug/l,False,0.1,,,8270B(W),UHL001,Actual,SW,Water,,,Lee,07080107,River/Stream,,40.75340048,-91.2755898
6,10560002,Skunk River near Augusta,09/04/2018 10:30:00,AMBIENT,834-12-8,Ametryn,Total,,0.1,ug/l,False,0.1,,,8270B(W),UHL001,Actual,SW,Water,,,Lee,07080107,River/Stream,,40.75340048,-91.2755898
6,10560002,Skunk River near Augusta,09/04/2018 10:30:00,AMBIENT,87674-68-8,Dimethenamid,Total,,0.1,ug/l,False,0.1,,,8270B(W),UHL001,Actual,SW,Water,,,Lee,07080107,River/Stream,,40.75340048,-91.2755898
6,10560002,Skunk River near Augusta,09/04/2018 10:30:00,AMBIENT,68583-22-2,Escherichia coli,Total,,12000,MPN/100ml,True,10,,,9223-B,UHL001,Actual,SW,Water,,,Lee,07080107,River/Stream,,40.75340048,-91.2755898
6,10560002,Skunk River near Augusta,09/04/2018 10:30:00,AMBIENT,TSS,Total suspended solids,NonFilt,,1270,mg/l,True,1,,,I3765,UHL001,Actual,SW,Water,,,Lee,07080107,River/Stream,,40.75340048,-91.2755898
6,10560002,Skunk River near Augusta,09/04/2018 10:30:00,AMBIENT,NIT-NO3-NO2,Inorganic nitrogen (nitrate and nitrite) (AS N),Total,,1.7,mg/l,True,0.1,,,LAC10-107-04-1J,UHL001,Actual,SW,Water,,,Lee,07080107,River/Stream,,40.75340048,-91.2755898
6,10560002,Skunk River near Augusta,09/04/2018 10:30:00,AMBIENT,NIT-AMM,Ammonia-nitrogen (AS N),Total,,0.05,mg/l,False,0.05,,,LAC10-107-06-1J,UHL001,Actual,SW,Water,,,Lee,07080107,River/Stream,,40.75340048,-91.2755898
6,10560002,Skunk River near Augusta,09/04/2018 10:30:00,AMBIENT,NIT-KJELD,Kjeldahl nitrogen (AS N),Total,,3.4,mg/l,True,0.1,,,LAC10-107-06-2E,UHL001,Actual,SW,Water,,,Lee,07080107,River/Stream,,40.75340048,-91.2755898
6,10560002,Skunk River near Augusta,09/04/2018 10:30:00,AMBIENT,14265-44-2,Orthophosphate (AS P),Dissolved,,0.16,mg/l,True,0.02,,,LAC10-115-01-1A,UHL001,Actual,SW,Water,,,Lee,07080107,River/Stream,,40.75340048,-91.2755898
6,10560002,Skunk River near Augusta,09/04/2018 10:30:00,AMBIENT,PHOSP-PHOSP,Phosphate-phosphorus (AS P),Total,,1.5,mg/l,True,0.1,,,LAC10-115-01-1C,UHL001,Actual,SW,Water,,,Lee,07080107,River/Stream,,40.75340048,-91.2755898
6,10560002,Skunk River near Augusta,10/01/2018 09:45:00,AMBIENT,TURB,Turbidity,None,,130,NTU,True,,,,2130-B,,Actual,SW,Water,,,Lee,07080107,River/Stream,,40.75340048,-91.2755898
6,10560002,Skunk River near Augusta,10/01/2018 09:45:00,AMBIENT,TEMP-WATER,"Temperature, water",Total,,15.2,deg C,True,,,,2550,,Actual,SW,Water,,,Lee,07080107,River/Stream,,40.75340048,-91.2755898
6,10560002,Skunk River near Augusta,10/01/2018 09:45:00,AMBIENT,PH,pH,Total,,7.5,None,True,,,,4500-H,,Actual,SW,Water,,,Lee,07080107,River/Stream,,40.75340048,-91.2755898
6,10560002,Skunk River near Augusta,10/01/2018 09:45:00,AMBIENT,7782-44-7,Dissolved oxygen (DO),Total,,9.6,mg/l,True,,,,D888(C),,Actual,SW,Water,,,Lee,07080107,River/Stream,,40.75340048,-91.2755898
6,10560002,Skunk River near Augusta,10/01/2018 09:45:00,AMBIENT,TVSS,Volatile Suspended Solids,NonFilt,,35,mg/l,True,1,,,160.4,UHL001,Actual,SW,Water,,,Lee,07080107,River/Stream,,40.75340048,-91.2755898
6,10560002,Skunk River near Augusta,10/01/2018 09:45:00,AMBIENT,HARD-CARB,"Hardness, carbonate",Total,,310,mg/l,True,1,,,2340C,UHL001,Actual,SW,Water,,,Lee,07080107,River/Stream,,40.75340048,-91.2755898
6,10560002,Skunk River near Augusta,10/01/2018 09:45:00,AMBIENT,TDS,Total dissolved solids,Dissolved,,400,mg/l,True,1,,,2540-C,UHL001,Actual,SW,Water,,,Lee,07080107,River/Stream,,40.75340048,-91.2755898
6,10560002,Skunk River near Augusta,10/01/2018 09:45:00,AMBIENT,14808-79-8,Sulfate (AS SO4),Total,,19,mg/l,True,4,,,300.0,UHL001,Actual,SW,Water,,,Lee,07080107,River/Stream,,40.75340048,-91.2755898
6,10560002,Skunk River near Augusta,10/01/2018 09:45:00,AMBIENT,16887-00-6,Chloride,Total,,16,mg/l,True,2,,,300.0,UHL001,Actual,SW,Water,,,Lee,07080107,River/Stream,,40.75340048,-91.2755898
6,10560002,Skunk River near Augusta,10/01/2018 09:45:00,AMBIENT,CLR-A-FREE,"Chlorophyll a, free of pheophytin",NonFilt,,2,ug/l,True,1,,,445,UHL001,Actual,SW,Water,,,Lee,07080107,River/Stream,,40.75340048,-91.2755898
6,10560002,Skunk River near Augusta,10/01/2018 09:45:00,AMBIENT,CBOD-SC,"Carbonaceous biochemical oxygen demand, standard conditions",Total,,2,mg/l,False,2,,,5210-B,UHL001,Actual,SW,Water,,,Lee,07080107,River/Stream,,40.75340048,-91.2755898
6,10560002,Skunk River near Augusta,10/01/2018 09:45:00,AMBIENT,68583-22-2,Escherichia coli,Total,,1100,MPN/100ml,True,10,,,9223-B,UHL001,Actual,SW,Water,,,Lee,07080107,River/Stream,,40.75340048,-91.2755898
6,10560002,Skunk River near Augusta,10/01/2018 09:45:00,AMBIENT,TSS,Total suspended solids,NonFilt,,240,mg/l,True,1,,,I3765,UHL001,Actual,SW,Water,,,Lee,07080107,River/Stream,,40.75340048,-91.2755898
6,10560002,Skunk River near Augusta,10/01/2018 09:45:00,AMBIENT,NIT-NO3-NO2,Inorganic nitrogen (nitrate and nitrite) (AS N),Total,,5.5,mg/l,True,0.1,,,LAC10-107-04-1J,UHL001,Actual,SW,Water,,,Lee,07080107,River/Stream,,40.75340048,-91.2755898
6,10560002,Skunk River near Augusta,10/01/2018 09:45:00,AMBIENT,NIT-AMM,Ammonia-nitrogen (AS N),Total,,0.05,mg/l,False,0.05,,,LAC10-107-06-1J,UHL001,Actual,SW,Water,,,Lee,07080107,River/Stream,,40.75340048,-91.2755898
6,10560002,Skunk River near Augusta,10/01/2018 09:45:00,AMBIENT,NIT-KJELD,Kjeldahl nitrogen (AS N),Total,,1.1,mg/l,True,0.1,,,LAC10-107-06-2E,UHL001,Actual,SW,Water,,,Lee,07080107,River/Stream,,40.75340048,-91.2755898
6,10560002,Skunk River near Augusta,10/01/2018 09:45:00,AMBIENT,14265-44-2,Orthophosphate (AS P),Dissolved,,0.18,mg/l,True,0.02,,,LAC10-115-01-1A,UHL001,Actual,SW,Water,,,Lee,07080107,River/Stream,,40.75340048,-91.2755898
6,10560002,Skunk River near Augusta,10/01/2018 09:45:00,AMBIENT,PHOSP-PHOSP,Phosphate-phosphorus (AS P),Total,,0.45,mg/l,True,0.1,,,LAC10-115-01-1C,UHL001,Actual,SW,Water,,,Lee,07080107,River/Stream,,40.75340048,-91.2755898
6,10560002,Skunk River near Augusta,11/01/2018 10:35:00,AMBIENT,7439-92-1,Lead,Dissolved,,0.15,ug/l,True,0.05,,,200.8(W),UHL001,Actual,SW,Water,,,Lee,07080107,River/Stream,,40.75340048,-91.2755898
6,10560002,Skunk River near Augusta,11/01/2018 10:35:00,AMBIENT,7440-02-0,Nickel,Dissolved,,2.2,ug/l,True,0.05,,,200.8(W),UHL001,Actual,SW,Water,,,Lee,07080107,River/Stream,,40.75340048,-91.2755898
6,10560002,Skunk River near Augusta,11/01/2018 10:35:00,AMBIENT,7440-22-4,Silver,Dissolved,,0.05,ug/l,False,0.05,,,200.8(W),UHL001,Actual,SW,Water,,,Lee,07080107,River/Stream,,40.75340048,-91.2755898
6,10560002,Skunk River near Augusta,11/01/2018 10:35:00,AMBIENT,7440-38-2,Arsenic,Dissolved,,1.4,ug/l,True,0.05,,,200.8(W),UHL001,Actual,SW,Water,,,Lee,07080107,River/Stream,,40.75340048,-91.2755898
6,10560002,Skunk River near Augusta,11/01/2018 10:35:00,AMBIENT,7440-43-9,Cadmium,Dissolved,,0.05,ug/l,False,0.05,,,200.8(W),UHL001,Actual,SW,Water,,,Lee,07080107,River/Stream,,40.75340048,-91.2755898
6,10560002,Skunk River near Augusta,11/01/2018 10:35:00,AMBIENT,7440-47-3,Chromium,Dissolved,,0.53,ug/l,True,0.05,,,200.8(W),UHL001,Actual,SW,Water,,,Lee,07080107,River/Stream,,40.75340048,-91.2755898
6,10560002,Skunk River near Augusta,11/01/2018 10:35:00,AMBIENT,7440-50-8,Copper,Dissolved,,0.77,ug/l,True,0.05,,,200.8(W),UHL001,Actual,SW,Water,,,Lee,07080107,River/Stream,,40.75340048,-91.2755898
6,10560002,Skunk River near Augusta,11/01/2018 10:35:00,AMBIENT,7440-66-6,Zinc,Dissolved,,1.1,ug/l,True,0.05,,,200.8(W),UHL001,Actual,SW,Water,B,Blank detect 0.35,Lee,07080107,River/Stream,,40.75340048,-91.2755898
6,10560002,Skunk River near Augusta,11/01/2018 10:35:00,AMBIENT,7782-49-2,Selenium,Dissolved,,0.72,ug/l,True,0.5,,,200.8(W),UHL001,Actual,SW,Water,,,Lee,07080107,River/Stream,,40.75340048,-91.2755898
6,10560002,Skunk River near Augusta,11/01/2018 10:25:00,AMBIENT,TURB,Turbidity,None,,21,NTU,True,,,,2130-B,,Actual,SW,Water,,,Lee,07080107,River/Stream,,40.75340048,-91.2755898
6,10560002,Skunk River near Augusta,11/01/2018 10:25:00,AMBIENT,TEMP-WATER,"Temperature, water",Total,,11.1,deg C,True,,,,2550,,Actual,SW,Water,,,Lee,07080107,River/Stream,,40.75340048,-91.2755898
6,10560002,Skunk River near Augusta,11/01/2018 10:25:00,AMBIENT,PH,pH,Total,,7.7,None,True,,,,4500-H,,Actual,SW,Water,,,Lee,07080107,River/Stream,,40.75340048,-91.2755898
6,10560002,Skunk River near Augusta,11/01/2018 10:25:00,AMBIENT,7782-44-7,Dissolved oxygen (DO),Total,,10.3,mg/l,True,,,,D888(C),,Actual,SW,Water,,,Lee,07080107,River/Stream,,40.75340048,-91.2755898
6,10560002,Skunk River near Augusta,11/01/2018 10:25:00,AMBIENT,TVSS,Volatile Suspended Solids,NonFilt,,6,mg/l,True,1,,,160.4,UHL001,Actual,SW,Water,,,Lee,07080107,River/Stream,,40.75340048,-91.2755898
6,10560002,Skunk River near Augusta,11/01/2018 10:25:00,AMBIENT,7439-95-4,Magnesium,Total,,28,mg/l,True,0.5,,,200.7(W),UHL001,Actual,SW,Water,,,Lee,07080107,River/Stream,,40.75340048,-91.2755898
6,10560002,Skunk River near Augusta,11/01/2018 10:25:00,AMBIENT,7440-09-7,Potassium,Total,,2.6,mg/l,True,1,,,200.7(W),UHL001,Actual,SW,Water,,,Lee,07080107,River/Stream,,40.75340048,-91.2755898
6,10560002,Skunk River near Augusta,11/01/2018 10:25:00,AMBIENT,7440-23-5,Sodium,Total,,9.8,mg/l,True,0.5,,,200.7(W),UHL001,Actual,SW,Water,,,Lee,07080107,River/Stream,,40.75340048,-91.2755898
6,10560002,Skunk River near Augusta,11/01/2018 10:25:00,AMBIENT,7440-70-2,Calcium,Total,,93,mg/l,True,1,,,200.7(W),UHL001,Actual,SW,Water,,,Lee,07080107,River/Stream,,40.75340048,-91.2755898
6,10560002,Skunk River near Augusta,11/01/2018 10:25:00,AMBIENT,7429-90-5,Aluminum,Total,,0.77,mg/l,True,0.05,,,200.8(W),UHL001,Actual,SW,Water,,,Lee,07080107,River/Stream,,40.75340048,-91.2755898
6,10560002,Skunk River near Augusta,11/01/2018 10:25:00,AMBIENT,ALK-TOT,"Alkalinity, total",Total,,270,mg/l CaCO3,True,1,,,2320-B,UHL001,Actual,SW,Water,,,Lee,07080107,River/Stream,,40.75340048,-91.2755898
6,10560002,Skunk River near Augusta,11/01/2018 10:25:00,AMBIENT,HARD-CARB,"Hardness, carbonate",Total,,330,mg/l,True,1,,,2340C,UHL001,Actual,SW,Water,,,Lee,07080107,River/Stream,,40.75340048,-91.2755898
6,10560002,Skunk River near Augusta,11/01/2018 10:25:00,AMBIENT,TDS,Total dissolved solids,Dissolved,,410,mg/l,True,1,,,2540-C,UHL001,Actual,SW,Water,,,Lee,07080107,River/Stream,,40.75340048,-91.2755898
6,10560002,Skunk River near Augusta,11/01/2018 10:25:00,AMBIENT,14808-79-8,Sulfate (AS SO4),Total,,25,mg/l,True,4,,,300.0,UHL001,Actual,SW,Water,,,Lee,07080107,River/Stream,,40.75340048,-91.2755898
6,10560002,Skunk River near Augusta,11/01/2018 10:25:00,AMBIENT,16887-00-6,Chloride,Total,,19,mg/l,True,2,,,300.0,UHL001,Actual,SW,Water,,,Lee,07080107,River/Stream,,40.75340048,-91.2755898
6,10560002,Skunk River near Augusta,11/01/2018 10:25:00,AMBIENT,CLR-A-FREE,"Chlorophyll a, free of pheophytin",NonFilt,,6,ug/l,True,1,,,445,UHL001,Actual,SW,Water,,,Lee,07080107,River/Stream,,40.75340048,-91.2755898
6,10560002,Skunk River near Augusta,11/01/2018 10:25:00,AMBIENT,CBOD-SC,"Carbonaceous biochemical oxygen demand, standard conditions",Total,,2,mg/l,False,2,,,5210-B,UHL001,Actual,SW,Water,,,Lee,07080107,River/Stream,,40.75340048,-91.2755898
6,10560002,Skunk River near Augusta,11/01/2018 10:25:00,AMBIENT,ORG-CARB,Organic Carbon,Dissolved,,1.7,mg/l,True,0.5,,,5310-B,UHL001,Actual,SW,Water,,,Lee,07080107,River/Stream,,40.75340048,-91.2755898
6,10560002,Skunk River near Augusta,11/01/2018 10:25:00,AMBIENT,68583-22-2,Escherichia coli,Total,,20,MPN/100ml,True,10,,,9223-B,UHL001,Actual,SW,Water,,,Lee,07080107,River/Stream,,40.75340048,-91.2755898
6,10560002,Skunk River near Augusta,11/01/2018 10:25:00,AMBIENT,TSS,Total suspended solids,NonFilt,,40,mg/l,True,1,,,I3765,UHL001,Actual,SW,Water,,,Lee,07080107,River/Stream,,40.75340048,-91.2755898
6,10560002,Skunk River near Augusta,11/01/2018 10:25:00,AMBIENT,NIT-NO3-NO2,Inorganic nitrogen (nitrate and nitrite) (AS N),Total,,4.6,mg/l,True,0.1,,,LAC10-107-04-1J,UHL001,Actual,SW,Water,,,Lee,07080107,River/Stream,,40.75340048,-91.2755898
6,10560002,Skunk River near Augusta,11/01/2018 10:25:00,AMBIENT,NIT-AMM,Ammonia-nitrogen (AS N),Total,,0.05,mg/l,False,0.05,,,LAC10-107-06-1J,UHL001,Actual,SW,Water,,,Lee,07080107,River/Stream,,40.75340048,-91.2755898
6,10560002,Skunk River near Augusta,11/01/2018 10:25:00,AMBIENT,NIT-KJELD,Kjeldahl nitrogen (AS N),Total,,0.3,mg/l,True,0.1,,,LAC10-107-06-2E,UHL001,Actual,SW,Water,,"Corrected, view Note 1",Lee,07080107,River/Stream,,40.75340048,-91.2755898
6,10560002,Skunk River near Augusta,11/01/2018 10:25:00,AMBIENT,14265-44-2,Orthophosphate (AS P),Dissolved,,0.12,mg/l,True,0.02,,,LAC10-115-01-1A,UHL001,Actual,SW,Water,,,Lee,07080107,River/Stream,,40.75340048,-91.2755898
6,10560002,Skunk River near Augusta,11/01/2018 10:25:00,AMBIENT,PHOSP-PHOSP,Phosphate-phosphorus (AS P),Total,,0.22,mg/l,True,0.1,,,LAC10-115-01-1C,UHL001,Actual,SW,Water,,,Lee,07080107,River/Stream,,40.75340048,-91.2755898
6,10560002,Skunk River near Augusta,12/03/2018 08:55:00,AMBIENT,TURB,Turbidity,None,,250,NTU,True,,,,2130-B,,Actual,SW,Water,,,Lee,07080107,River/Stream,,40.75340048,-91.2755898
6,10560002,Skunk River near Augusta,12/03/2018 08:55:00,AMBIENT,TEMP-WATER,"Temperature, water",Total,,3,deg C,True,,,,2550,,Actual,SW,Water,,,Lee,07080107,River/Stream,,40.75340048,-91.2755898
6,10560002,Skunk River near Augusta,12/03/2018 08:55:00,AMBIENT,PH,pH,Total,,7.8,None,True,,,,4500-H,,Actual,SW,Water,,,Lee,07080107,River/Stream,,40.75340048,-91.2755898
6,10560002,Skunk River near Augusta,12/03/2018 08:55:00,AMBIENT,7782-44-7,Dissolved oxygen (DO),Total,,11.8,mg/l,True,,,,D888(C),,Actual,SW,Water,,,Lee,07080107,River/Stream,,40.75340048,-91.2755898
6,10560002,Skunk River near Augusta,12/03/2018 08:55:00,AMBIENT,TVSS,Volatile Suspended Solids,NonFilt,,60,mg/l,True,1,,,160.4,UHL001,Actual,SW,Water,,,Lee,07080107,River/Stream,,40.75340048,-91.2755898
6,10560002,Skunk River near Augusta,12/03/2018 08:55:00,AMBIENT,HARD-CARB,"Hardness, carbonate",Total,,150,mg/l,True,1,,,2340C,UHL001,Actual,SW,Water,,,Lee,07080107,River/Stream,,40.75340048,-91.2755898
6,10560002,Skunk River near Augusta,12/03/2018 08:55:00,AMBIENT,TDS,Total dissolved solids,Dissolved,,250,mg/l,True,1,,,2540-C,UHL001,Actual,SW,Water,,,Lee,07080107,River/Stream,,40.75340048,-91.2755898
6,10560002,Skunk River near Augusta,12/03/2018 08:55:00,AMBIENT,14808-79-8,Sulfate (AS SO4),Total,,14,mg/l,True,8,,,300.0,UHL001,Actual,SW,Water,,,Lee,07080107,River/Stream,,40.75340048,-91.2755898
6,10560002,Skunk River near Augusta,12/03/2018 08:55:00,AMBIENT,16887-00-6,Chloride,Total,,18,mg/l,True,2,,,300.0,UHL001,Actual,SW,Water,,,Lee,07080107,River/Stream,,40.75340048,-91.2755898
6,10560002,Skunk River near Augusta,12/03/2018 08:55:00,AMBIENT,CLR-A-FREE,"Chlorophyll a, free of pheophytin",NonFilt,,10,ug/l,True,1,,,445,UHL001,Actual,SW,Water,,,Lee,07080107,River/Stream,,40.75340048,-91.2755898
6,10560002,Skunk River near Augusta,12/03/2018 08:55:00,AMBIENT,CBOD-SC,"Carbonaceous biochemical oxygen demand, standard conditions",Total,,2,mg/l,True,2,,,5210-B,UHL001,Actual,SW,Water,,The Glucose Glutamic Acid Standard recovery was low out of control. Reported result may be slightly lower than the true value due to under seeding. If reported to IDNR results must be qualified as an estimate.,Lee,07080107,River/Stream,,40.75340048,-91.2755898
6,10560002,Skunk River near Augusta,12/03/2018 08:55:00,AMBIENT,68583-22-2,Escherichia coli,Total,,3000,MPN/100ml,True,10,,,9223-B,UHL001,Actual,SW,Water,,,Lee,07080107,River/Stream,,40.75340048,-91.2755898
6,10560002,Skunk River near Augusta,12/03/2018 08:55:00,AMBIENT,TSS,Total suspended solids,NonFilt,,560,mg/l,True,1,,,I3765,UHL001,Actual,SW,Water,,,Lee,07080107,River/Stream,,40.75340048,-91.2755898
6,10560002,Skunk River near Augusta,12/03/2018 08:55:00,AMBIENT,NIT-NO3-NO2,Inorganic nitrogen (nitrate and nitrite) (AS N),Total,,3.5,mg/l,True,0.1,,,LAC10-107-04-1J,UHL001,Actual,SW,Water,,,Lee,07080107,River/Stream,,40.75340048,-91.2755898
6,10560002,Skunk River near Augusta,12/03/2018 08:55:00,AMBIENT,NIT-AMM,Ammonia-nitrogen (AS N),Total,,0.23,mg/l,True,0.05,,,LAC10-107-06-1J,UHL001,Actual,SW,Water,,,Lee,07080107,River/Stream,,40.75340048,-91.2755898
6,10560002,Skunk River near Augusta,12/03/2018 08:55:00,AMBIENT,NIT-KJELD,Kjeldahl nitrogen (AS N),Total,,2.9,mg/l,True,0.1,,,LAC10-107-06-2E,UHL001,Actual,SW,Water,,"Corrected, view Note 1",Lee,07080107,River/Stream,,40.75340048,-91.2755898
6,10560002,Skunk River near Augusta,12/03/2018 08:55:00,AMBIENT,14265-44-2,Orthophosphate (AS P),Dissolved,,0.3,mg/l,True,0.02,,,LAC10-115-01-1A,UHL001,Actual,SW,Water,,,Lee,07080107,River/Stream,,40.75340048,-91.2755898
6,10560002,Skunk River near Augusta,12/03/2018 08:55:00,AMBIENT,PHOSP-PHOSP,Phosphate-phosphorus (AS P),Total,,0.84,mg/l,True,0.1,,,LAC10-115-01-1C,UHL001,Actual,SW,Water,,,Lee,07080107,River/Stream,,40.75340048,-91.2755898
6,10560002,Skunk River near Augusta,01/03/2019 10:15:00,AMBIENT,7439-92-1,Lead,Dissolved,,0.17,ug/l,True,0.05,,,200.8(W),UHL001,Actual,SW,Water,,,Lee,07080107,River/Stream,,40.75340048,-91.2755898
6,10560002,Skunk River near Augusta,01/03/2019 10:15:00,AMBIENT,7440-02-0,Nickel,Dissolved,,2.9,ug/l,True,0.05,,,200.8(W),UHL001,Actual,SW,Water,,,Lee,07080107,River/Stream,,40.75340048,-91.2755898
6,10560002,Skunk River near Augusta,01/03/2019 10:15:00,AMBIENT,7440-22-4,Silver,Dissolved,,0.05,ug/l,False,0.05,,,200.8(W),UHL001,Actual,SW,Water,,,Lee,07080107,River/Stream,,40.75340048,-91.2755898
6,10560002,Skunk River near Augusta,01/03/2019 10:15:00,AMBIENT,7440-38-2,Arsenic,Dissolved,,1.3,ug/l,True,0.05,,,200.8(W),UHL001,Actual,SW,Water,,,Lee,07080107,River/Stream,,40.75340048,-91.2755898
6,10560002,Skunk River near Augusta,01/03/2019 10:15:00,AMBIENT,7440-43-9,Cadmium,Dissolved,,0.05,ug/l,False,0.05,,,200.8(W),UHL001,Actual,SW,Water,,,Lee,07080107,River/Stream,,40.75340048,-91.2755898
6,10560002,Skunk River near Augusta,01/03/2019 10:15:00,AMBIENT,7440-66-6,Zinc,Dissolved,,1.1,ug/l,True,0.05,,,200.8(W),UHL001,Actual,SW,Water,,,Lee,07080107,River/Stream,,40.75340048,-91.2755898
6,10560002,Skunk River near Augusta,01/03/2019 10:15:00,AMBIENT,7440-47-3,Chromium,Dissolved,,0.24,ug/l,True,0.05,,,200.8(W),UHL001,Actual,SW,Water,,,Lee,07080107,River/Stream,,40.75340048,-91.2755898
6,10560002,Skunk River near Augusta,01/03/2019 10:15:00,AMBIENT,7440-50-8,Copper,Dissolved,,1.2,ug/l,True,0.05,,,200.8(W),UHL001,Actual,SW,Water,,,Lee,07080107,River/Stream,,40.75340048,-91.2755898
6,10560002,Skunk River near Augusta,01/03/2019 10:15:00,AMBIENT,7782-49-2,Selenium,Dissolved,,1.1,ug/l,True,0.5,,,200.8(W),UHL001,Actual,SW,Water,,,Lee,07080107,River/Stream,,40.75340048,-91.2755898
6,10560002,Skunk River near Augusta,01/03/2019 10:10:00,AMBIENT,TURB,Turbidity,None,,130,NTU,True,,,,2130-B,,Actual,SW,Water,,,Lee,07080107,River/Stream,,40.75340048,-91.2755898
6,10560002,Skunk River near Augusta,01/03/2019 10:10:00,AMBIENT,TEMP-WATER,"Temperature, water",Total,,0.5,deg C,True,,,,2550,,Actual,SW,Water,,,Lee,07080107,River/Stream,,40.75340048,-91.2755898
6,10560002,Skunk River near Augusta,01/03/2019 10:10:00,AMBIENT,PH,pH,Total,,8.1,None,True,,,,4500-H,,Actual,SW,Water,,,Lee,07080107,River/Stream,,40.75340048,-91.2755898
6,10560002,Skunk River near Augusta,01/03/2019 10:10:00,AMBIENT,7782-44-7,Dissolved oxygen (DO),Total,,13.9,mg/l,True,,,,D888(C),,Actual,SW,Water,,,Lee,07080107,River/Stream,,40.75340048,-91.2755898
6,10560002,Skunk River near Augusta,01/03/2019 10:10:00,AMBIENT,TVSS,Volatile Suspended Solids,NonFilt,,34,mg/l,True,1,,,160.4,UHL001,Actual,SW,Water,,,Lee,07080107,River/Stream,,40.75340048,-91.2755898
6,10560002,Skunk River near Augusta,01/03/2019 10:10:00,AMBIENT,7439-95-4,Magnesium,Total,,21,mg/l,True,0.5,,,200.7(W),UHL001,Actual,SW,Water,,,Lee,07080107,River/Stream,,40.75340048,-91.2755898
6,10560002,Skunk River near Augusta,01/03/2019 10:10:00,AMBIENT,7440-09-7,Potassium,Total,,3.9,mg/l,True,1,,,200.7(W),UHL001,Actual,SW,Water,,,Lee,07080107,River/Stream,,40.75340048,-91.2755898
6,10560002,Skunk River near Augusta,01/03/2019 10:10:00,AMBIENT,7440-23-5,Sodium,Total,,8.1,mg/l,True,0.5,,,200.7(W),UHL001,Actual,SW,Water,,,Lee,07080107,River/Stream,,40.75340048,-91.2755898
6,10560002,Skunk River near Augusta,01/03/2019 10:10:00,AMBIENT,7440-70-2,Calcium,Total,,65,mg/l,True,1,,,200.7(W),UHL001,Actual,SW,Water,,,Lee,07080107,River/Stream,,40.75340048,-91.2755898
6,10560002,Skunk River near Augusta,01/03/2019 10:10:00,AMBIENT,7429-90-5,Aluminum,Total,,3.1,mg/l,True,0.05,,,200.8(W),UHL001,Actual,SW,Water,,,Lee,07080107,River/Stream,,40.75340048,-91.2755898
6,10560002,Skunk River near Augusta,01/03/2019 10:10:00,AMBIENT,ALK-TOT,"Alkalinity, total",Total,,190,mg/l CaCO3,True,1,,,2320-B,UHL001,Actual,SW,Water,,,Lee,07080107,River/Stream,,40.75340048,-91.2755898
6,10560002,Skunk River near Augusta,01/03/2019 10:10:00,AMBIENT,HARD-CARB,"Hardness, carbonate",Total,,250,mg/l,True,1,,,2340C,UHL001,Actual,SW,Water,,,Lee,07080107,River/Stream,,40.75340048,-91.2755898
6,10560002,Skunk River near Augusta,01/03/2019 10:10:00,AMBIENT,TDS,Total dissolved solids,Dissolved,,320,mg/l,True,1,,,2540-C,UHL001,Actual,SW,Water,,,Lee,07080107,River/Stream,,40.75340048,-91.2755898
6,10560002,Skunk River near Augusta,01/03/2019 10:10:00,AMBIENT,14808-79-8,Sulfate (AS SO4),Total,,21,mg/l,True,4,,,300.0,UHL001,Actual,SW,Water,,,Lee,07080107,River/Stream,,40.75340048,-91.2755898
6,10560002,Skunk River near Augusta,01/03/2019 10:10:00,AMBIENT,16887-00-6,Chloride,Total,,19,mg/l,True,2,,,300.0,UHL001,Actual,SW,Water,,,Lee,07080107,River/Stream,,40.75340048,-91.2755898
6,10560002,Skunk River near Augusta,01/03/2019 10:10:00,AMBIENT,CLR-A-FREE,"Chlorophyll a, free of pheophytin",NonFilt,,7,ug/l,True,1,,,445,UHL001,Actual,SW,Water,,,Lee,07080107,River/Stream,,40.75340048,-91.2755898
6,10560002,Skunk River near Augusta,01/03/2019 10:10:00,AMBIENT,CBOD-SC,"Carbonaceous biochemical oxygen demand, standard conditions",Total,,2,mg/l,False,2,,,5210-B,UHL001,Actual,SW,Water,,,Lee,07080107,River/Stream,,40.75340048,-91.2755898
6,10560002,Skunk River near Augusta,01/03/2019 10:10:00,AMBIENT,ORG-CARB,Organic Carbon,Dissolved,,3,mg/l,True,0.5,,,5310-B,UHL001,Actual,SW,Water,,,Lee,07080107,River/Stream,,40.75340048,-91.2755898
6,10560002,Skunk River near Augusta,01/03/2019 10:10:00,AMBIENT,68583-22-2,Escherichia coli,Total,,890,MPN/100ml,True,10,,,9223-B,UHL001,Actual,SW,Water,,,Lee,07080107,River/Stream,,40.75340048,-91.2755898
6,10560002,Skunk River near Augusta,01/03/2019 10:10:00,AMBIENT,TSS,Total suspended solids,NonFilt,,250,mg/l,True,1,,,I3765,UHL001,Actual,SW,Water,,,Lee,07080107,River/Stream,,40.75340048,-91.2755898
6,10560002,Skunk River near Augusta,01/03/2019 10:10:00,AMBIENT,NIT-KJELD,Kjeldahl nitrogen (AS N),Total,,1.5,mg/l,True,0.1,,,LAC 10-107-06-2M,UHL001,Actual,SW,Water,,"Corrected, view Note 1",Lee,07080107,River/Stream,,40.75340048,-91.2755898
6,10560002,Skunk River near Augusta,01/03/2019 10:10:00,AMBIENT,PHOSP-PHOSP,Phosphate-phosphorus (AS P),Total,,0.38,mg/l,True,0.1,,,LAC 10-115-01-2B,UHL001,Actual,SW,Water,,,Lee,07080107,River/Stream,,40.75340048,-91.2755898
6,10560002,Skunk River near Augusta,01/03/2019 10:10:00,AMBIENT,NIT-NO3-NO2,Inorganic nitrogen (nitrate and nitrite) (AS N),Total,,5,mg/l,True,0.1,,,LAC10-107-04-1J,UHL001,Actual,SW,Water,,,Lee,07080107,River/Stream,,40.75340048,-91.2755898
6,10560002,Skunk River near Augusta,01/03/2019 10:10:00,AMBIENT,NIT-AMM,Ammonia-nitrogen (AS N),Total,,0.07,mg/l,True,0.05,,,LAC10-107-06-1J,UHL001,Actual,SW,Water,,,Lee,07080107,River/Stream,,40.75340048,-91.2755898
6,10560002,Skunk River near Augusta,01/03/2019 10:10:00,AMBIENT,14265-44-2,Orthophosphate (AS P),Dissolved,,0.19,mg/l,True,0.02,,,LAC10-115-01-1A,UHL001,Actual,SW,Water,,,Lee,07080107,River/Stream,,40.75340048,-91.2755898
6,10560002,Skunk River near Augusta,05/01/2018 10:20:00,AMBFLOW,FLOW,Flow,Total,,1180,cfs,True,,,,USGS CA8,USGS-DG,Actual,SW,Water,,,Lee,07080107,River/Stream,,40.75340048,-91.2755898
6,10560002,Skunk River near Augusta,06/04/2018 11:25:00,AMBFLOW,FLOW,Flow,Total,,1230,cfs,True,,,,USGS CA8,USGS-DG,Actual,SW,Water,,,Lee,07080107,River/Stream,,40.75340048,-91.2755898
6,10560002,Skunk River near Augusta,07/11/2018 11:20:00,AMBFLOW,FLOW,Flow,Total,,10500,cfs,True,,,,USGS CA8,USGS-DG,Actual,SW,Water,,,Lee,07080107,River/Stream,,40.75340048,-91.2755898
6,10560002,Skunk River near Augusta,08/01/2018 10:30:00,AMBFLOW,FLOW,Flow,Total,,1080,cfs,True,,,,USGS CA8,USGS-DG,Actual,SW,Water,,,Lee,07080107,River/Stream,,40.75340048,-91.2755898
6,10560002,Skunk River near Augusta,09/04/2018 10:30:00,AMBFLOW,FLOW,Flow,Total,,12400,cfs,True,,,,USGS CA8,USGS-DG,Actual,SW,Water,,,Lee,07080107,River/Stream,,40.75340048,-91.2755898
6,10560002,Skunk River near Augusta,10/01/2018 09:45:00,AMBFLOW,FLOW,Flow,Total,,5500,cfs,True,,,,USGS CA8,USGS-DG,Actual,SW,Water,,,Lee,07080107,River/Stream,,40.75340048,-91.2755898
6,10560002,Skunk River near Augusta,11/01/2018 10:25:00,AMBFLOW,FLOW,Flow,Total,,4310,cfs,True,,,,USGS CA8,USGS-DG,Actual,SW,Water,,,Lee,07080107,River/Stream,,40.75340048,-91.2755898
6,10560002,Skunk River near Augusta,12/03/2018 08:55:00,AMBFLOW,FLOW,Flow,Total,,19500,cfs,True,,,,USGS CA8,USGS-DG,Actual,SW,Water,,,Lee,07080107,River/Stream,,40.75340048,-91.2755898
6,10560002,Skunk River near Augusta,01/03/2019 10:15:00,AMBFLOW,FLOW,Flow,Total,,7020,cfs,True,,,,USGS CA8,USGS-DG,Actual,SW,Water,,,Lee,07080107,River/Stream,,40.75340048,-91.2755898
6,10560002,Skunk River near Augusta,02/05/2019 10:25:00,AMBIENT,TURB,Turbidity,None,,160,NTU,True,,,,2130-B,,Actual,SW,Water,,,Lee,07080107,River/Stream,,40.75340048,-91.2755898
6,10560002,Skunk River near Augusta,02/05/2019 10:25:00,AMBIENT,TEMP-WATER,"Temperature, water",Total,,0.4,deg C,True,,,,2550,,Actual,SW,Water,,,Lee,07080107,River/Stream,,40.75340048,-91.2755898
6,10560002,Skunk River near Augusta,02/05/2019 10:25:00,AMBIENT,PH,pH,Total,,6.9,None,True,,,,4500-H,,Actual,SW,Water,,,Lee,07080107,River/Stream,,40.75340048,-91.2755898
6,10560002,Skunk River near Augusta,02/05/2019 10:25:00,AMBIENT,7782-44-7,Dissolved oxygen (DO),Total,,11.9,mg/l,True,,,,D888(C),,Actual,SW,Water,,,Lee,07080107,River/Stream,,40.75340048,-91.2755898
6,10560002,Skunk River near Augusta,02/05/2019 10:25:00,AMBIENT,TVSS,Volatile Suspended Solids,NonFilt,,28,mg/l,True,1,,,160.4,UHL001,Actual,SW,Water,,,Lee,07080107,River/Stream,,40.75340048,-91.2755898
6,10560002,Skunk River near Augusta,02/05/2019 10:25:00,AMBIENT,HARD-CARB,"Hardness, carbonate",Total,,150,mg/l,True,1,,,2340C,UHL001,Actual,SW,Water,,,Lee,07080107,River/Stream,,40.75340048,-91.2755898
6,10560002,Skunk River near Augusta,02/05/2019 10:25:00,AMBIENT,TDS,Total dissolved solids,Dissolved,,250,mg/l,True,1,,,2540-C,UHL001,Actual,SW,Water,,,Lee,07080107,River/Stream,,40.75340048,-91.2755898
6,10560002,Skunk River near Augusta,02/05/2019 10:25:00,AMBIENT,14808-79-8,Sulfate (AS SO4),Total,,17,mg/l,True,4,,,300.0,UHL001,Actual,SW,Water,,,Lee,07080107,River/Stream,,40.75340048,-91.2755898
6,10560002,Skunk River near Augusta,02/05/2019 10:25:00,AMBIENT,16887-00-6,Chloride,Total,,18,mg/l,True,2,,,300.0,UHL001,Actual,SW,Water,,,Lee,07080107,River/Stream,,40.75340048,-91.2755898
6,10560002,Skunk River near Augusta,02/05/2019 10:25:00,AMBIENT,CLR-A-FREE,"Chlorophyll a, free of pheophytin",NonFilt,,3,ug/l,True,1,,,445,UHL001,Actual,SW,Water,,,Lee,07080107,River/Stream,,40.75340048,-91.2755898
6,10560002,Skunk River near Augusta,02/05/2019 10:25:00,AMBIENT,CBOD-SC,"Carbonaceous biochemical oxygen demand, standard conditions",Total,,2,mg/l,False,2,,,5210-B,UHL001,Actual,SW,Water,,,Lee,07080107,River/Stream,,40.75340048,-91.2755898
6,10560002,Skunk River near Augusta,02/05/2019 10:25:00,AMBIENT,68583-22-2,Escherichia coli,Total,,820,MPN/100ml,True,10,,,9223-B,UHL001,Actual,SW,Water,,,Lee,07080107,River/Stream,,40.75340048,-91.2755898
6,10560002,Skunk River near Augusta,02/05/2019 10:25:00,AMBIENT,TSS,Total suspended solids,NonFilt,,180,mg/l,True,1,,,I3765,UHL001,Actual,SW,Water,,,Lee,07080107,River/Stream,,40.75340048,-91.2755898
6,10560002,Skunk River near Augusta,02/05/2019 10:25:00,AMBIENT,NIT-KJELD,Kjeldahl nitrogen (AS N),Total,,1.9,mg/l,True,0.1,,,LAC 10-107-06-2M,UHL001,Actual,SW,Water,,,Lee,07080107,River/Stream,,40.75340048,-91.2755898
6,10560002,Skunk River near Augusta,02/05/2019 10:25:00,AMBIENT,PHOSP-PHOSP,Phosphate-phosphorus (AS P),Total,,0.64,mg/l,True,0.1,,,LAC 10-115-01-2B,UHL001,Actual,SW,Water,,,Lee,07080107,River/Stream,,40.75340048,-91.2755898
6,10560002,Skunk River near Augusta,02/05/2019 10:25:00,AMBIENT,NIT-NO3-NO2,Inorganic nitrogen (nitrate and nitrite) (AS N),Total,,3,mg/l,True,0.1,,,LAC10-107-04-1J,UHL001,Actual,SW,Water,,,Lee,07080107,River/Stream,,40.75340048,-91.2755898
6,10560002,Skunk River near Augusta,02/05/2019 10:25:00,AMBIENT,NIT-AMM,Ammonia-nitrogen (AS N),Total,,0.31,mg/l,True,0.05,,,LAC10-107-06-1J,UHL001,Actual,SW,Water,,,Lee,07080107,River/Stream,,40.75340048,-91.2755898
6,10560002,Skunk River near Augusta,02/05/2019 10:25:00,AMBIENT,14265-44-2,Orthophosphate (AS P),Dissolved,,0.26,mg/l,True,0.02,,,LAC10-115-01-1A,UHL001,Actual,SW,Water,,,Lee,07080107,River/Stream,,40.75340048,-91.2755898
6,10560002,Skunk River near Augusta,02/05/2019 10:25:00,AMBFLOW,FLOW,Flow,Total,,22000,cfs,True,,,,USGS CA8,USGS-DG,Estimated,SW,Water,,,Lee,07080107,River/Stream,,40.75340048,-91.2755898
6,10560002,Skunk River near Augusta,03/04/2019 09:20:00,AMBIENT,7782-49-2,Selenium,Dissolved,,0.77,ug/l,True,0.5,,,200.8(W),UHL001,Actual,SW,Water,,,Lee,07080107,River/Stream,,40.75340048,-91.2755898
6,10560002,Skunk River near Augusta,03/04/2019 09:20:00,AMBIENT,7439-92-1,Lead,Dissolved,,0.24,ug/l,True,0.05,,,200.8(W),UHL001,Actual,SW,Water,,,Lee,07080107,River/Stream,,40.75340048,-91.2755898
6,10560002,Skunk River near Augusta,03/04/2019 09:20:00,AMBIENT,7440-02-0,Nickel,Dissolved,,3,ug/l,True,0.05,,,200.8(W),UHL001,Actual,SW,Water,B,Blank detect 0.35,Lee,07080107,River/Stream,,40.75340048,-91.2755898
6,10560002,Skunk River near Augusta,03/04/2019 09:20:00,AMBIENT,7440-22-4,Silver,Dissolved,,0.05,ug/l,False,0.05,,,200.8(W),UHL001,Actual,SW,Water,,,Lee,07080107,River/Stream,,40.75340048,-91.2755898
6,10560002,Skunk River near Augusta,03/04/2019 09:20:00,AMBIENT,7440-38-2,Arsenic,Dissolved,,0.73,ug/l,True,0.05,,,200.8(W),UHL001,Actual,SW,Water,,,Lee,07080107,River/Stream,,40.75340048,-91.2755898
6,10560002,Skunk River near Augusta,03/04/2019 09:20:00,AMBIENT,7440-47-3,Chromium,Dissolved,,0.65,ug/l,True,0.05,,,200.8(W),UHL001,Actual,SW,Water,,,Lee,07080107,River/Stream,,40.75340048,-91.2755898
6,10560002,Skunk River near Augusta,03/04/2019 09:20:00,AMBIENT,7440-50-8,Copper,Dissolved,,1.5,ug/l,True,0.05,,,200.8(W),UHL001,Actual,SW,Water,,,Lee,07080107,River/Stream,,40.75340048,-91.2755898
6,10560002,Skunk River near Augusta,03/04/2019 09:20:00,AMBIENT,7440-43-9,Cadmium,Dissolved,,0.05,ug/l,False,0.05,,,200.8(W),UHL001,Actual,SW,Water,,,Lee,07080107,River/Stream,,40.75340048,-91.2755898
6,10560002,Skunk River near Augusta,03/04/2019 09:20:00,AMBIENT,7440-66-6,Zinc,Dissolved,,2,ug/l,True,0.05,,,200.8(W),UHL001,Actual,SW,Water,B,Blank detect 0.44,Lee,07080107,River/Stream,,40.75340048,-91.2755898
6,10560002,Skunk River near Augusta,03/04/2019 09:00:00,AMBIENT,TURB,Turbidity,None,,30,NTU,True,,,,2130-B,,Actual,SW,Water,,,Lee,07080107,River/Stream,,40.75340048,-91.2755898
6,10560002,Skunk River near Augusta,03/04/2019 09:00:00,AMBIENT,TEMP-WATER,"Temperature, water",Total,,0.4,deg C,True,,,,2550,,Actual,SW,Water,,,Lee,07080107,River/Stream,,40.75340048,-91.2755898
6,10560002,Skunk River near Augusta,03/04/2019 09:00:00,AMBIENT,PH,pH,Total,,7.8,None,True,,,,4500-H,,Actual,SW,Water,,,Lee,07080107,River/Stream,,40.75340048,-91.2755898
6,10560002,Skunk River near Augusta,03/04/2019 09:00:00,AMBIENT,7782-44-7,Dissolved oxygen (DO),Total,,12,mg/l,True,,,,D888(C),,Actual,SW,Water,,,Lee,07080107,River/Stream,,40.75340048,-91.2755898
6,10560002,Skunk River near Augusta,03/04/2019 09:00:00,AMBIENT,TVSS,Volatile Suspended Solids,NonFilt,,6,mg/l,True,1,,,160.4,UHL001,Actual,SW,Water,,,Lee,07080107,River/Stream,,40.75340048,-91.2755898
6,10560002,Skunk River near Augusta,03/04/2019 09:00:00,AMBIENT,7439-95-4,Magnesium,Total,,18,mg/l,True,0.5,,,200.7(W),UHL001,Actual,SW,Water,,,Lee,07080107,River/Stream,,40.75340048,-91.2755898
6,10560002,Skunk River near Augusta,03/04/2019 09:00:00,AMBIENT,7440-09-7,Potassium,Total,,3.9,mg/l,True,1,,,200.7(W),UHL001,Actual,SW,Water,,,Lee,07080107,River/Stream,,40.75340048,-91.2755898
6,10560002,Skunk River near Augusta,03/04/2019 09:00:00,AMBIENT,7440-23-5,Sodium,Total,,10,mg/l,True,0.5,,,200.7(W),UHL001,Actual,SW,Water,,,Lee,07080107,River/Stream,,40.75340048,-91.2755898
6,10560002,Skunk River near Augusta,03/04/2019 09:00:00,AMBIENT,7440-70-2,Calcium,Total,,55,mg/l,True,1,,,200.7(W),UHL001,Actual,SW,Water,,,Lee,07080107,River/Stream,,40.75340048,-91.2755898
6,10560002,Skunk River near Augusta,03/04/2019 09:00:00,AMBIENT,7429-90-5,Aluminum,Total,,0.95,mg/l,True,0.05,,,200.8(W),UHL001,Actual,SW,Water,,,Lee,07080107,River/Stream,,40.75340048,-91.2755898
6,10560002,Skunk River near Augusta,03/04/2019 09:00:00,AMBIENT,ALK-TOT,"Alkalinity, total",Total,,160,mg/l CaCO3,True,1,,,2320-B,UHL001,Actual,SW,Water,,,Lee,07080107,River/Stream,,40.75340048,-91.2755898
6,10560002,Skunk River near Augusta,03/04/2019 09:00:00,AMBIENT,HARD-CARB,"Hardness, carbonate",Total,,200,mg/l,True,1,,,2340C,UHL001,Actual,SW,Water,,,Lee,07080107,River/Stream,,40.75340048,-91.2755898
6,10560002,Skunk River near Augusta,03/04/2019 09:00:00,AMBIENT,TDS,Total dissolved solids,Dissolved,,280,mg/l,True,1,,,2540-C,UHL001,Actual,SW,Water,,,Lee,07080107,River/Stream,,40.75340048,-91.2755898
6,10560002,Skunk River near Augusta,03/04/2019 09:00:00,AMBIENT,14808-79-8,Sulfate (AS SO4),Total,,27,mg/l,True,4,,,300.0,UHL001,Actual,SW,Water,,,Lee,07080107,River/Stream,,40.75340048,-91.2755898
6,10560002,Skunk River near Augusta,03/04/2019 09:00:00,AMBIENT,16887-00-6,Chloride,Total,,18,mg/l,True,2,,,300.0,UHL001,Actual,SW,Water,,,Lee,07080107,River/Stream,,40.75340048,-91.2755898
6,10560002,Skunk River near Augusta,03/04/2019 09:00:00,AMBIENT,CLR-A-FREE,"Chlorophyll a, free of pheophytin",NonFilt,,2,ug/l,True,1,,,445,UHL001,Actual,SW,Water,,,Lee,07080107,River/Stream,,40.75340048,-91.2755898
6,10560002,Skunk River near Augusta,03/04/2019 09:00:00,AMBIENT,CBOD-SC,"Carbonaceous biochemical oxygen demand, standard conditions",Total,,2,mg/l,False,2,,,5210-B,UHL001,Actual,SW,Water,,,Lee,07080107,River/Stream,,40.75340048,-91.2755898
6,10560002,Skunk River near Augusta,03/04/2019 09:00:00,AMBIENT,ORG-CARB,Organic Carbon,Dissolved,,3.9,mg/l,True,0.5,,,5310-B,UHL001,Actual,SW,Water,,,Lee,07080107,River/Stream,,40.75340048,-91.2755898
6,10560002,Skunk River near Augusta,03/04/2019 09:00:00,AMBIENT,68583-22-2,Escherichia coli,Total,,31,MPN/100ml,True,10,,,9223-B,UHL001,Actual,SW,Water,,,Lee,07080107,River/Stream,,40.75340048,-91.2755898
6,10560002,Skunk River near Augusta,03/04/2019 09:00:00,AMBIENT,TSS,Total suspended solids,NonFilt,,46,mg/l,True,1,,,I3765,UHL001,Actual,SW,Water,,,Lee,07080107,River/Stream,,40.75340048,-91.2755898
6,10560002,Skunk River near Augusta,03/04/2019 09:00:00,AMBIENT,NIT-KJELD,Kjeldahl nitrogen (AS N),Total,,0.85,mg/l,True,0.1,,,LAC 10-107-06-2M,UHL001,Actual,SW,Water,,,Lee,07080107,River/Stream,,40.75340048,-91.2755898
6,10560002,Skunk River near Augusta,03/04/2019 09:00:00,AMBIENT,PHOSP-PHOSP,Phosphate-phosphorus (AS P),Total,,0.22,mg/l,True,0.1,,,LAC 10-115-01-2B,UHL001,Actual,SW,Water,,,Lee,07080107,River/Stream,,40.75340048,-91.2755898
6,10560002,Skunk River near Augusta,03/04/2019 09:00:00,AMBIENT,NIT-NO3-NO2,Inorganic nitrogen (nitrate and nitrite) (AS N),Total,,3.2,mg/l,True,0.1,,,LAC10-107-04-1J,UHL001,Actual,SW,Water,,,Lee,07080107,River/Stream,,40.75340048,-91.2755898
6,10560002,Skunk River near Augusta,03/04/2019 09:00:00,AMBIENT,NIT-AMM,Ammonia-nitrogen (AS N),Total,,0.31,mg/l,True,0.05,,,LAC10-107-06-1J,UHL001,Actual,SW,Water,,,Lee,07080107,River/Stream,,40.75340048,-91.2755898
6,10560002,Skunk River near Augusta,03/04/2019 09:00:00,AMBIENT,14265-44-2,Orthophosphate (AS P),Dissolved,,0.14,mg/l,True,0.02,,,LAC10-115-01-1A,UHL001,Actual,SW,Water,,,Lee,07080107,River/Stream,,40.75340048,-91.2755898
6,10560002,Skunk River near Augusta,04/02/2019 09:35:00,AMBIENT,TURB,Turbidity,None,,70,NTU,True,,,,2130-B,,Actual,SW,Water,,,Lee,07080107,River/Stream,,40.75340048,-91.2755898
6,10560002,Skunk River near Augusta,04/02/2019 09:35:00,AMBIENT,TEMP-WATER,"Temperature, water",Total,,8.2,deg C,True,,,,2550,,Actual,SW,Water,,,Lee,07080107,River/Stream,,40.75340048,-91.2755898
6,10560002,Skunk River near Augusta,04/02/2019 09:35:00,AMBIENT,PH,pH,Total,,8.1,None,True,,,,4500-H,,Actual,SW,Water,,,Lee,07080107,River/Stream,,40.75340048,-91.2755898
6,10560002,Skunk River near Augusta,04/02/2019 09:35:00,AMBIENT,7782-44-7,Dissolved oxygen (DO),Total,,11,mg/l,True,,,,D888(C),,Actual,SW,Water,,,Lee,07080107,River/Stream,,40.75340048,-91.2755898
6,10560002,Skunk River near Augusta,04/02/2019 09:35:00,AMBIENT,TVSS,Volatile Suspended Solids,NonFilt,,16,mg/l,True,1,,,160.4,UHL001,Actual,SW,Water,,,Lee,07080107,River/Stream,,40.75340048,-91.2755898
6,10560002,Skunk River near Augusta,04/02/2019 09:35:00,AMBIENT,HARD-CARB,"Hardness, carbonate",Total,,240,mg/l,True,1,,,2340C,UHL001,Actual,SW,Water,,,Lee,07080107,River/Stream,,40.75340048,-91.2755898
6,10560002,Skunk River near Augusta,04/02/2019 09:35:00,AMBIENT,TDS,Total dissolved solids,Dissolved,,320,mg/l,True,1,,,2540-C,UHL001,Actual,SW,Water,,,Lee,07080107,River/Stream,,40.75340048,-91.2755898
6,10560002,Skunk River near Augusta,04/02/2019 09:35:00,AMBIENT,14808-79-8,Sulfate (AS SO4),Total,,34,mg/l,True,4,,,300.0,UHL001,Actual,SW,Water,,,Lee,07080107,River/Stream,,40.75340048,-91.2755898
6,10560002,Skunk River near Augusta,04/02/2019 09:35:00,AMBIENT,16887-00-6,Chloride,Total,,20,mg/l,True,4,,,300.0,UHL001,Actual,SW,Water,,,Lee,07080107,River/Stream,,40.75340048,-91.2755898
6,10560002,Skunk River near Augusta,04/02/2019 09:35:00,AMBIENT,CLR-A-FREE,"Chlorophyll a, free of pheophytin",NonFilt,,9,ug/l,True,1,,,445,UHL001,Actual,SW,Water,,,Lee,07080107,River/Stream,,40.75340048,-91.2755898
6,10560002,Skunk River near Augusta,04/02/2019 09:35:00,AMBIENT,CBOD-SC,"Carbonaceous biochemical oxygen demand, standard conditions",Total,,2,mg/l,False,2,,,5210-B,UHL001,Actual,SW,Water,,,Lee,07080107,River/Stream,,40.75340048,-91.2755898
6,10560002,Skunk River near Augusta,04/02/2019 09:35:00,AMBIENT,68583-22-2,Escherichia coli,Total,,130,MPN/100ml,True,10,,,9223-B,UHL001,Actual,SW,Water,,,Lee,07080107,River/Stream,,40.75340048,-91.2755898
6,10560002,Skunk River near Augusta,04/02/2019 09:35:00,AMBIENT,TSS,Total suspended solids,NonFilt,,120,mg/l,True,1,,,I3765,UHL001,Actual,SW,Water,,,Lee,07080107,River/Stream,,40.75340048,-91.2755898
6,10560002,Skunk River near Augusta,04/02/2019 09:35:00,AMBIENT,NIT-KJELD,Kjeldahl nitrogen (AS N),Total,,0.7,mg/l,True,0.1,,,LAC 10-107-06-2M,UHL001,Actual,SW,Water,,,Lee,07080107,River/Stream,,40.75340048,-91.2755898
6,10560002,Skunk River near Augusta,04/02/2019 09:35:00,AMBIENT,PHOSP-PHOSP,Phosphate-phosphorus (AS P),Total,,0.36,mg/l,True,0.1,,,LAC 10-115-01-2B,UHL001,Actual,SW,Water,,,Lee,07080107,River/Stream,,40.75340048,-91.2755898
6,10560002,Skunk River near Augusta,04/02/2019 09:35:00,AMBIENT,NIT-NO3-NO2,Inorganic nitrogen (nitrate and nitrite) (AS N),Total,,3.3,mg/l,True,0.1,,,LAC10-107-04-1J,UHL001,Actual,SW,Water,,,Lee,07080107,River/Stream,,40.75340048,-91.2755898
6,10560002,Skunk River near Augusta,04/02/2019 09:35:00,AMBIENT,NIT-AMM,Ammonia-nitrogen (AS N),Total,,0.05,mg/l,False,0.05,,,LAC10-107-06-1J,UHL001,Actual,SW,Water,,,Lee,07080107,River/Stream,,40.75340048,-91.2755898
6,10560002,Skunk River near Augusta,04/02/2019 09:35:00,AMBIENT,14265-44-2,Orthophosphate (AS P),Dissolved,,0.11,mg/l,True,0.02,,,LAC10-115-01-1A,UHL001,Actual,SW,Water,,,Lee,07080107,River/Stream,,40.75340048,-91.2755898
6,10560002,Skunk River near Augusta,05/01/2019 10:10:00,AMBIENT,7439-92-1,Lead,Dissolved,,0.25,ug/l,True,0.05,,,200.8(W),UHL001,Actual,SW,Water,,,Lee,07080107,River/Stream,,40.75340048,-91.2755898
6,10560002,Skunk River near Augusta,05/01/2019 10:10:00,AMBIENT,7440-02-0,Nickel,Dissolved,,3.8,ug/l,True,0.05,,,200.8(W),UHL001,Actual,SW,Water,,,Lee,07080107,River/Stream,,40.75340048,-91.2755898
6,10560002,Skunk River near Augusta,05/01/2019 10:10:00,AMBIENT,7440-38-2,Arsenic,Dissolved,,1.5,ug/l,True,0.05,,,200.8(W),UHL001,Actual,SW,Water,,,Lee,07080107,River/Stream,,40.75340048,-91.2755898
6,10560002,Skunk River near Augusta,05/01/2019 10:10:00,AMBIENT,7440-43-9,Cadmium,Dissolved,,0.05,ug/l,False,0.05,,,200.8(W),UHL001,Actual,SW,Water,,,Lee,07080107,River/Stream,,40.75340048,-91.2755898
6,10560002,Skunk River near Augusta,05/01/2019 10:10:00,AMBIENT,7440-47-3,Chromium,Dissolved,,0.82,ug/l,True,0.05,,,200.8(W),UHL001,Actual,SW,Water,,,Lee,07080107,River/Stream,,40.75340048,-91.2755898
6,10560002,Skunk River near Augusta,05/01/2019 10:10:00,AMBIENT,7440-50-8,Copper,Dissolved,,2.8,ug/l,True,0.05,,,200.8(W),UHL001,Actual,SW,Water,,,Lee,07080107,River/Stream,,40.75340048,-91.2755898
6,10560002,Skunk River near Augusta,05/01/2019 10:10:00,AMBIENT,7440-22-4,Silver,Dissolved,,0.05,ug/l,False,0.05,,,200.8(W),UHL001,Actual,SW,Water,,,Lee,07080107,River/Stream,,40.75340048,-91.2755898
6,10560002,Skunk River near Augusta,05/01/2019 10:10:00,AMBIENT,7440-66-6,Zinc,Dissolved,,3,ug/l,True,0.05,,,200.8(W),UHL001,Actual,SW,Water,,,Lee,07080107,River/Stream,,40.75340048,-91.2755898
6,10560002,Skunk River near Augusta,05/01/2019 10:10:00,AMBIENT,7782-49-2,Selenium,Dissolved,,0.58,ug/l,True,0.5,,,200.8(W),UHL001,Actual,SW,Water,,,Lee,07080107,River/Stream,,40.75340048,-91.2755898
6,10560002,Skunk River near Augusta,05/01/2019 10:05:00,AMBIENT,TURB,Turbidity,None,,980,NTU,True,,,,2130-B,,Actual,SW,Water,,,Lee,07080107,River/Stream,,40.75340048,-91.2755898
6,10560002,Skunk River near Augusta,05/01/2019 10:05:00,AMBIENT,TEMP-WATER,"Temperature, water",Total,,11,deg C,True,,,,2550,,Actual,SW,Water,,,Lee,07080107,River/Stream,,40.75340048,-91.2755898
6,10560002,Skunk River near Augusta,05/01/2019 10:05:00,AMBIENT,PH,pH,Total,,7.6,None,True,,,,4500-H,,Actual,SW,Water,,,Lee,07080107,River/Stream,,40.75340048,-91.2755898
6,10560002,Skunk River near Augusta,05/01/2019 10:05:00,AMBIENT,7782-44-7,Dissolved oxygen (DO),Total,,9.2,mg/l,True,,,,D888(C),,Actual,SW,Water,,,Lee,07080107,River/Stream,,40.75340048,-91.2755898
6,10560002,Skunk River near Augusta,05/01/2019 10:05:00,AMBIENT,TVSS,Volatile Suspended Solids,NonFilt,,150,mg/l,True,1,,,160.4,UHL001,Actual,SW,Water,,,Lee,07080107,River/Stream,,40.75340048,-91.2755898
6,10560002,Skunk River near Augusta,05/01/2019 10:05:00,AMBIENT,7439-95-4,Magnesium,Total,,15,mg/l,True,0.5,,,200.7(W),UHL001,Actual,SW,Water,,,Lee,07080107,River/Stream,,40.75340048,-91.2755898
6,10560002,Skunk River near Augusta,05/01/2019 10:05:00,AMBIENT,7440-09-7,Potassium,Total,,8.8,mg/l,True,1,,,200.7(W),UHL001,Actual,SW,Water,,,Lee,07080107,River/Stream,,40.75340048,-91.2755898
6,10560002,Skunk River near Augusta,05/01/2019 10:05:00,AMBIENT,7440-23-5,Sodium,Total,,4.9,mg/l,True,0.5,,,200.7(W),UHL001,Actual,SW,Water,,,Lee,07080107,River/Stream,,40.75340048,-91.2755898
6,10560002,Skunk River near Augusta,05/01/2019 10:05:00,AMBIENT,7440-70-2,Calcium,Total,,40,mg/l,True,1,,,200.7(W),UHL001,Actual,SW,Water,,,Lee,07080107,River/Stream,,40.75340048,-91.2755898
6,10560002,Skunk River near Augusta,05/01/2019 10:05:00,AMBIENT,7429-90-5,Aluminum,Total,,26,mg/l,True,0.05,,,200.8(W),UHL001,Actual,SW,Water,,,Lee,07080107,River/Stream,,40.75340048,-91.2755898
6,10560002,Skunk River near Augusta,05/01/2019 10:05:00,AMBIENT,ALK-TOT,"Alkalinity, total",Total,,80,mg/l CaCO3,True,1,,,2320-B,UHL001,Actual,SW,Water,,,Lee,07080107,River/Stream,,40.75340048,-91.2755898
6,10560002,Skunk River near Augusta,05/01/2019 10:05:00,AMBIENT,HARD-CARB,"Hardness, carbonate",Total,,130,mg/l,True,1,,,2340C,UHL001,Actual,SW,Water,,,Lee,07080107,River/Stream,,40.75340048,-91.2755898
6,10560002,Skunk River near Augusta,05/01/2019 10:05:00,AMBIENT,TDS,Total dissolved solids,Dissolved,,260,mg/l,True,1,,,2540-C,UHL001,Actual,SW,Water,,,Lee,07080107,River/Stream,,40.75340048,-91.2755898
6,10560002,Skunk River near Augusta,05/01/2019 10:05:00,AMBIENT,14808-79-8,Sulfate (AS SO4),Total,,12,mg/l,True,8,,,300.0,UHL001,Actual,SW,Water,,,Lee,07080107,River/Stream,,40.75340048,-91.2755898
6,10560002,Skunk River near Augusta,05/01/2019 10:05:00,AMBIENT,16887-00-6,Chloride,Total,,16,mg/l,True,4,,,300.0,UHL001,Actual,SW,Water,,,Lee,07080107,River/Stream,,40.75340048,-91.2755898
6,10560002,Skunk River near Augusta,05/01/2019 10:05:00,AMBIENT,CLR-A-FREE,"Chlorophyll a, free of pheophytin",NonFilt,,19,ug/l,True,1,,,445,UHL001,Actual,SW,Water,,,Lee,07080107,River/Stream,,40.75340048,-91.2755898
6,10560002,Skunk River near Augusta,05/01/2019 10:05:00,AMBIENT,CBOD-SC,"Carbonaceous biochemical oxygen demand, standard conditions",Total,,3,mg/l,True,2,,,5210-B,UHL001,Actual,SW,Water,,,Lee,07080107,River/Stream,,40.75340048,-91.2755898
6,10560002,Skunk River near Augusta,05/01/2019 10:05:00,AMBIENT,ORG-CARB,Organic Carbon,Dissolved,,6.6,mg/l,True,0.5,,,5310-B,UHL001,Actual,SW,Water,,,Lee,07080107,River/Stream,,40.75340048,-91.2755898
6,10560002,Skunk River near Augusta,05/01/2019 10:05:00,AMBIENT,1007-28-9,2-Choro-6-ethylamino-4-amino-s-triazine,Total,,0.1,ug/l,False,0.1,,,8270B(W),UHL001,Actual,SW,Water,,,Lee,07080107,River/Stream,,40.75340048,-91.2755898
6,10560002,Skunk River near Augusta,05/01/2019 10:05:00,AMBIENT,122-34-9,Simazine,Total,,0.1,ug/l,False,0.1,,,8270B(W),UHL001,Actual,SW,Water,,,Lee,07080107,River/Stream,,40.75340048,-91.2755898
6,10560002,Skunk River near Augusta,05/01/2019 10:05:00,AMBIENT,139-40-2,Propazine,Total,,0.1,ug/l,False,0.1,,,8270B(W),UHL001,Actual,SW,Water,,,Lee,07080107,River/Stream,,40.75340048,-91.2755898
6,10560002,Skunk River near Augusta,05/01/2019 10:05:00,AMBIENT,1582-09-8,Trifluralin,Total,,0.1,ug/l,False,0.1,,,8270B(W),UHL001,Actual,SW,Water,,,Lee,07080107,River/Stream,,40.75340048,-91.2755898
6,10560002,Skunk River near Augusta,05/01/2019 10:05:00,AMBIENT,15972-60-8,Alachlor,Total,,0.1,ug/l,False,0.1,,,8270B(W),UHL001,Actual,SW,Water,,,Lee,07080107,River/Stream,,40.75340048,-91.2755898
6,10560002,Skunk River near Augusta,05/01/2019 10:05:00,AMBIENT,1610-18-0,Prometon,Total,,0.1,ug/l,False,0.1,,,8270B(W),UHL001,Actual,SW,Water,,,Lee,07080107,River/Stream,,40.75340048,-91.2755898
6,10560002,Skunk River near Augusta,05/01/2019 10:05:00,AMBIENT,1918-16-7,Propachlor,Total,,0.1,ug/l,False,0.1,,,8270B(W),UHL001,Actual,SW,Water,,,Lee,07080107,River/Stream,,40.75340048,-91.2755898
6,10560002,Skunk River near Augusta,05/01/2019 10:05:00,AMBIENT,2008-41-5,Butylate,Total,,0.1,ug/l,False,0.1,,,8270B(W),UHL001,Actual,SW,Water,,,Lee,07080107,River/Stream,,40.75340048,-91.2755898
6,10560002,Skunk River near Augusta,05/01/2019 10:05:00,AMBIENT,21087-64-9,Metribuzin,Total,,0.5,ug/l,True,0.1,,,8270B(W),UHL001,Actual,SW,Water,,,Lee,07080107,River/Stream,,40.75340048,-91.2755898
6,10560002,Skunk River near Augusta,05/01/2019 10:05:00,AMBIENT,21725-46-2,Cyanazine,Total,,0.1,ug/l,False,0.1,,,8270B(W),UHL001,Actual,SW,Water,,,Lee,07080107,River/Stream,,40.75340048,-91.2755898
6,10560002,Skunk River near Augusta,05/01/2019 10:05:00,AMBIENT,23184-66-9,Butachlor,Total,,0.1,ug/l,False,0.1,,,8270B(W),UHL001,Actual,SW,Water,,,Lee,07080107,River/Stream,,40.75340048,-91.2755898
6,10560002,Skunk River near Augusta,05/01/2019 10:05:00,AMBIENT,6190-65-4,2-Chloro-4-isopropylamino-6-amino-s-triazine,Total,,0.2,ug/l,True,0.1,,,8270B(W),UHL001,Actual,SW,Water,,,Lee,07080107,River/Stream,,40.75340048,-91.2755898
6,10560002,Skunk River near Augusta,05/01/2019 10:05:00,AMBIENT,759-94-4,S-Ethyl dipropylthiocarbamate,Total,,0.1,ug/l,False,0.1,,,8270B(W),UHL001,Actual,SW,Water,,,Lee,07080107,River/Stream,,40.75340048,-91.2755898
6,10560002,Skunk River near Augusta,05/01/2019 10:05:00,AMBIENT,834-12-8,Ametryn,Total,,0.1,ug/l,False,0.1,,,8270B(W),UHL001,Actual,SW,Water,,,Lee,07080107,River/Stream,,40.75340048,-91.2755898
6,10560002,Skunk River near Augusta,05/01/2019 10:05:00,AMBIENT,87674-68-8,Dimethenamid,Total,,0.5,ug/l,True,0.1,,,8270B(W),UHL001,Actual,SW,Water,,,Lee,07080107,River/Stream,,40.75340048,-91.2755898
6,10560002,Skunk River near Augusta,05/01/2019 10:05:00,AMBIENT,1912-24-9,Atrazine,Total,,12,ug/l,True,1.0,,,8270B(W),UHL001,Actual,SW,Water,,,Lee,07080107,River/Stream,,40.75340048,-91.2755898
6,10560002,Skunk River near Augusta,05/01/2019 10:05:00,AMBIENT,34256-82-1,Acetochlor,Total,,8.4,ug/l,True,1.0,,,8270B(W),UHL001,Actual,SW,Water,,,Lee,07080107,River/Stream,,40.75340048,-91.2755898
6,10560002,Skunk River near Augusta,05/01/2019 10:05:00,AMBIENT,51218-45-2,Metolachlor,Total,,2.8,ug/l,True,1.0,,,8270B(W),UHL001,Actual,SW,Water,,,Lee,07080107,River/Stream,,40.75340048,-91.2755898
6,10560002,Skunk River near Augusta,05/01/2019 10:05:00,AMBIENT,68583-22-2,Escherichia coli,Total,,24000,MPN/100ml,True,10,,,9223-B,UHL001,Actual,SW,Water,,,Lee,07080107,River/Stream,,40.75340048,-91.2755898
6,10560002,Skunk River near Augusta,05/01/2019 10:05:00,AMBIENT,TSS,Total suspended solids,NonFilt,,1500,mg/l,True,1,,,I3765,UHL001,Actual,SW,Water,,,Lee,07080107,River/Stream,,40.75340048,-91.2755898
6,10560002,Skunk River near Augusta,05/01/2019 10:05:00,AMBIENT,NIT-KJELD,Kjeldahl nitrogen (AS N),Total,,5.6,mg/l,True,0.2,,,LAC 10-107-06-2M,UHL001,Actual,SW,Water,,,Lee,07080107,River/Stream,,40.75340048,-91.2755898
6,10560002,Skunk River near Augusta,05/01/2019 10:05:00,AMBIENT,PHOSP-PHOSP,Phosphate-phosphorus (AS P),Total,,1.6,mg/l,True,0.1,,,LAC 10-115-01-2B,UHL001,Actual,SW,Water,,,Lee,07080107,River/Stream,,40.75340048,-91.2755898
6,10560002,Skunk River near Augusta,05/01/2019 10:05:00,AMBIENT,NIT-NO3-NO2,Inorganic nitrogen (nitrate and nitrite) (AS N),Total,,5,mg/l,True,0.1,,,LAC10-107-04-1J,UHL001,Actual,SW,Water,,,Lee,07080107,River/Stream,,40.75340048,-91.2755898
6,10560002,Skunk River near Augusta,05/01/2019 10:05:00,AMBIENT,NIT-AMM,Ammonia-nitrogen (AS N),Total,,0.73,mg/l,True,0.05,,,LAC10-107-06-1J,UHL001,Actual,SW,Water,,,Lee,07080107,River/Stream,,40.75340048,-91.2755898
6,10560002,Skunk River near Augusta,05/01/2019 10:05:00,AMBIENT,14265-44-2,Orthophosphate (AS P),Dissolved,,0.22,mg/l,True,0.02,,,LAC10-115-01-1A,UHL001,Actual,SW,Water,,,Lee,07080107,River/Stream,,40.75340048,-91.2755898
6,10560002,Skunk River near Augusta,04/02/2019 09:35:00,AMBFLOW,FLOW,Flow,Total,,7070,cfs,True,,,,USGS CA8,USGS-DG,Estimated,SW,Water,,,Lee,07080107,River/Stream,,40.75340048,-91.2755898
6,10560002,Skunk River near Augusta,05/01/2019 10:05:00,AMBFLOW,FLOW,Flow,Total,,22500,cfs,True,,,,USGS CA8,USGS-DG,Estimated,SW,Water,,,Lee,07080107,River/Stream,,40.75340048,-91.2755898
6,10560002,Skunk River near Augusta,06/03/2019 11:00:00,AMBIENT,TURB,Turbidity,None,,69,NTU,True,,,,2130-B,,Actual,SW,Water,,,Lee,07080107,River/Stream,,40.75340048,-91.2755898
6,10560002,Skunk River near Augusta,06/03/2019 11:00:00,AMBIENT,TEMP-WATER,"Temperature, water",Total,,21.4,deg C,True,,,,2550,,Actual,SW,Water,,,Lee,07080107,River/Stream,,40.75340048,-91.2755898
6,10560002,Skunk River near Augusta,06/03/2019 11:00:00,AMBIENT,PH,pH,Total,,7.5,None,True,,,,4500-H,,Actual,SW,Water,,,Lee,07080107,River/Stream,,40.75340048,-91.2755898
6,10560002,Skunk River near Augusta,06/03/2019 11:00:00,AMBIENT,7782-44-7,Dissolved oxygen (DO),Total,,6.6,mg/l,True,,,,D888(C),,Actual,SW,Water,,,Lee,07080107,River/Stream,,40.75340048,-91.2755898
6,10560002,Skunk River near Augusta,06/03/2019 11:00:00,AMBIENT,TVSS,Volatile Suspended Solids,NonFilt,,13,mg/l,True,1,,,160.4,UHL001,Actual,SW,Water,,,Lee,07080107,River/Stream,,40.75340048,-91.2755898
6,10560002,Skunk River near Augusta,06/03/2019 11:00:00,AMBIENT,HARD-CARB,"Hardness, carbonate",Total,,180,mg/l,True,1,,,2340C,UHL001,Actual,SW,Water,,,Lee,07080107,River/Stream,,40.75340048,-91.2755898
6,10560002,Skunk River near Augusta,06/03/2019 11:00:00,AMBIENT,TDS,Total dissolved solids,Dissolved,,280,mg/l,True,1,,,2540-C,UHL001,Actual,SW,Water,,,Lee,07080107,River/Stream,,40.75340048,-91.2755898
6,10560002,Skunk River near Augusta,06/03/2019 11:00:00,AMBIENT,14808-79-8,Sulfate (AS SO4),Total,,13,mg/l,True,4,,,300.0,UHL001,Actual,SW,Water,,,Lee,07080107,River/Stream,,40.75340048,-91.2755898
6,10560002,Skunk River near Augusta,06/03/2019 11:00:00,AMBIENT,16887-00-6,Chloride,Total,,11,mg/l,True,4,,,300.0,UHL001,Actual,SW,Water,,,Lee,07080107,River/Stream,,40.75340048,-91.2755898
6,10560002,Skunk River near Augusta,06/03/2019 11:00:00,AMBIENT,CLR-A-FREE,"Chlorophyll a, free of pheophytin",NonFilt,,7,ug/l,True,1,,,445,UHL001,Actual,SW,Water,,,Lee,07080107,River/Stream,,40.75340048,-91.2755898
6,10560002,Skunk River near Augusta,06/03/2019 11:00:00,AMBIENT,CBOD-SC,"Carbonaceous biochemical oxygen demand, standard conditions",Total,,2,mg/l,False,2,,,5210-B,UHL001,Actual,SW,Water,,,Lee,07080107,River/Stream,,40.75340048,-91.2755898
6,10560002,Skunk River near Augusta,06/03/2019 11:00:00,AMBIENT,1007-28-9,2-Choro-6-ethylamino-4-amino-s-triazine,Total,,0.1,ug/l,False,0.1,,,8270B(W),UHL001,Actual,SW,Water,,,Lee,07080107,River/Stream,,40.75340048,-91.2755898
6,10560002,Skunk River near Augusta,06/03/2019 11:00:00,AMBIENT,122-34-9,Simazine,Total,,0.1,ug/l,False,0.1,,,8270B(W),UHL001,Actual,SW,Water,,,Lee,07080107,River/Stream,,40.75340048,-91.2755898
6,10560002,Skunk River near Augusta,06/03/2019 11:00:00,AMBIENT,139-40-2,Propazine,Total,,0.1,ug/l,False,0.1,,,8270B(W),UHL001,Actual,SW,Water,,,Lee,07080107,River/Stream,,40.75340048,-91.2755898
6,10560002,Skunk River near Augusta,06/03/2019 11:00:00,AMBIENT,1582-09-8,Trifluralin,Total,,0.1,ug/l,False,0.1,,,8270B(W),UHL001,Actual,SW,Water,,,Lee,07080107,River/Stream,,40.75340048,-91.2755898
6,10560002,Skunk River near Augusta,06/03/2019 11:00:00,AMBIENT,15972-60-8,Alachlor,Total,,0.1,ug/l,False,0.1,,,8270B(W),UHL001,Actual,SW,Water,,,Lee,07080107,River/Stream,,40.75340048,-91.2755898
6,10560002,Skunk River near Augusta,06/03/2019 11:00:00,AMBIENT,1610-18-0,Prometon,Total,,0.1,ug/l,False,0.1,,,8270B(W),UHL001,Actual,SW,Water,,,Lee,07080107,River/Stream,,40.75340048,-91.2755898
6,10560002,Skunk River near Augusta,06/03/2019 11:00:00,AMBIENT,1912-24-9,Atrazine,Total,,0.7,ug/l,True,0.1,,,8270B(W),UHL001,Actual,SW,Water,,,Lee,07080107,River/Stream,,40.75340048,-91.2755898
6,10560002,Skunk River near Augusta,06/03/2019 11:00:00,AMBIENT,1918-16-7,Propachlor,Total,,0.1,ug/l,False,0.1,,,8270B(W),UHL001,Actual,SW,Water,,,Lee,07080107,River/Stream,,40.75340048,-91.2755898
6,10560002,Skunk River near Augusta,06/03/2019 11:00:00,AMBIENT,2008-41-5,Butylate,Total,,0.1,ug/l,False,0.1,,,8270B(W),UHL001,Actual,SW,Water,,,Lee,07080107,River/Stream,,40.75340048,-91.2755898
6,10560002,Skunk River near Augusta,06/03/2019 11:00:00,AMBIENT,21087-64-9,Metribuzin,Total,,0.1,ug/l,False,0.1,,,8270B(W),UHL001,Actual,SW,Water,,,Lee,07080107,River/Stream,,40.75340048,-91.2755898
6,10560002,Skunk River near Augusta,06/03/2019 11:00:00,AMBIENT,21725-46-2,Cyanazine,Total,,0.1,ug/l,False,0.1,,,8270B(W),UHL001,Actual,SW,Water,,,Lee,07080107,River/Stream,,40.75340048,-91.2755898
6,10560002,Skunk River near Augusta,06/03/2019 11:00:00,AMBIENT,23184-66-9,Butachlor,Total,,0.1,ug/l,False,0.1,,,8270B(W),UHL001,Actual,SW,Water,,,Lee,07080107,River/Stream,,40.75340048,-91.2755898
6,10560002,Skunk River near Augusta,06/03/2019 11:00:00,AMBIENT,34256-82-1,Acetochlor,Total,,0.5,ug/l,True,0.1,,,8270B(W),UHL001,Actual,SW,Water,,,Lee,07080107,River/Stream,,40.75340048,-91.2755898
6,10560002,Skunk River near Augusta,06/03/2019 11:00:00,AMBIENT,51218-45-2,Metolachlor,Total,,1.1,ug/l,True,0.1,,,8270B(W),UHL001,Actual,SW,Water,,,Lee,07080107,River/Stream,,40.75340048,-91.2755898
6,10560002,Skunk River near Augusta,06/03/2019 11:00:00,AMBIENT,6190-65-4,2-Chloro-4-isopropylamino-6-amino-s-triazine,Total,,0.2,ug/l,True,0.1,,,8270B(W),UHL001,Actual,SW,Water,,,Lee,07080107,River/Stream,,40.75340048,-91.2755898
6,10560002,Skunk River near Augusta,06/03/2019 11:00:00,AMBIENT,759-94-4,S-Ethyl dipropylthiocarbamate,Total,,0.1,ug/l,False,0.1,,,8270B(W),UHL001,Actual,SW,Water,,,Lee,07080107,River/Stream,,40.75340048,-91.2755898
6,10560002,Skunk River near Augusta,06/03/2019 11:00:00,AMBIENT,834-12-8,Ametryn,Total,,0.1,ug/l,False,0.1,,,8270B(W),UHL001,Actual,SW,Water,,,Lee,07080107,River/Stream,,40.75340048,-91.2755898
6,10560002,Skunk River near Augusta,06/03/2019 11:00:00,AMBIENT,87674-68-8,Dimethenamid,Total,,0.1,ug/l,False,0.1,,,8270B(W),UHL001,Actual,SW,Water,,,Lee,07080107,River/Stream,,40.75340048,-91.2755898
6,10560002,Skunk River near Augusta,06/03/2019 11:00:00,AMBIENT,68583-22-2,Escherichia coli,Total,,120,MPN/100ml,True,10,,,9223-B,UHL001,Actual,SW,Water,,,Lee,07080107,River/Stream,,40.75340048,-91.2755898
6,10560002,Skunk River near Augusta,06/03/2019 11:00:00,AMBIENT,TSS,Total suspended solids,NonFilt,,87,mg/l,True,1,,,I3765,UHL001,Actual,SW,Water,,,Lee,07080107,River/Stream,,40.75340048,-91.2755898
6,10560002,Skunk River near Augusta,06/03/2019 11:00:00,AMBIENT,NIT-KJELD,Kjeldahl nitrogen (AS N),Total,,0.82,mg/l,True,0.1,,,LAC 10-107-06-2M,UHL001,Actual,SW,Water,,,Lee,07080107,River/Stream,,40.75340048,-91.2755898
6,10560002,Skunk River near Augusta,06/03/2019 11:00:00,AMBIENT,PHOSP-PHOSP,Phosphate-phosphorus (AS P),Total,,0.35,mg/l,True,0.1,,,LAC 10-115-01-2B,UHL001,Actual,SW,Water,,,Lee,07080107,River/Stream,,40.75340048,-91.2755898
6,10560002,Skunk River near Augusta,06/03/2019 11:00:00,AMBIENT,NIT-NO3-NO2,Inorganic nitrogen (nitrate and nitrite) (AS N),Total,,4.6,mg/l,True,0.1,,,LAC10-107-04-1J,UHL001,Actual,SW,Water,,,Lee,07080107,River/Stream,,40.75340048,-91.2755898
6,10560002,Skunk River near Augusta,06/03/2019 11:00:00,AMBIENT,NIT-AMM,Ammonia-nitrogen (AS N),Total,,0.05,mg/l,False,0.05,,,LAC10-107-06-1J,UHL001,Actual,SW,Water,,,Lee,07080107,River/Stream,,40.75340048,-91.2755898
6,10560002,Skunk River near Augusta,06/03/2019 11:00:00,AMBIENT,14265-44-2,Orthophosphate (AS P),Dissolved,,0.16,mg/l,True,0.02,,,LAC10-115-01-1A,UHL001,Actual,SW,Water,,,Lee,07080107,River/Stream,,40.75340048,-91.2755898
6,10560002,Skunk River near Augusta,07/01/2019 08:40:00,AMBIENT,TURB,Turbidity,None,,600,NTU,True,,,,2130-B,,Actual,SW,Water,,,Lee,07080107,River/Stream,,40.75340048,-91.2755898
6,10560002,Skunk River near Augusta,07/01/2019 08:40:00,AMBIENT,TEMP-WATER,"Temperature, water",Total,,24.6,deg C,True,,,,2550,,Actual,SW,Water,,,Lee,07080107,River/Stream,,40.75340048,-91.2755898
6,10560002,Skunk River near Augusta,07/01/2019 08:40:00,AMBIENT,PH,pH,Total,,7.8,None,True,,,,4500-H,,Actual,SW,Water,,,Lee,07080107,River/Stream,,40.75340048,-91.2755898
6,10560002,Skunk River near Augusta,07/01/2019 08:40:00,AMBIENT,7782-44-7,Dissolved oxygen (DO),Total,,6.7,mg/l,True,,,,D888(C),,Actual,SW,Water,,,Lee,07080107,River/Stream,,40.75340048,-91.2755898
6,10560002,Skunk River near Augusta,07/01/2019 08:40:00,AMBIENT,TVSS,Volatile Suspended Solids,NonFilt,,120,mg/l,True,1,,,160.4,UHL001,Actual,SW,Water,,,Lee,07080107,River/Stream,,40.75340048,-91.2755898
6,10560002,Skunk River near Augusta,07/01/2019 08:40:00,AMBIENT,ALK-TOT,"Alkalinity, total",Total,,150,mg/l,True,1,,,2320-B,UHL001,Actual,SW,Water,,,Lee,07080107,River/Stream,,40.75340048,-91.2755898
6,10560002,Skunk River near Augusta,07/01/2019 08:40:00,AMBIENT,HARD-CARB,"Hardness, carbonate",Total,,200,mg/l,True,1,,,2340C,UHL001,Actual,SW,Water,,,Lee,07080107,River/Stream,,40.75340048,-91.2755898
6,10560002,Skunk River near Augusta,07/01/2019 08:40:00,AMBIENT,TDS,Total dissolved solids,Dissolved,,290,mg/l,True,1,,,2540-C,UHL001,Actual,SW,Water,,,Lee,07080107,River/Stream,,40.75340048,-91.2755898
6,10560002,Skunk River near Augusta,07/01/2019 08:40:00,AMBIENT,14808-79-8,Sulfate (AS SO4),Total,,17,mg/l,True,4,,,300.0,UHL001,Actual,SW,Water,,,Lee,07080107,River/Stream,,40.75340048,-91.2755898
6,10560002,Skunk River near Augusta,07/01/2019 08:40:00,AMBIENT,16887-00-6,Chloride,Total,,13,mg/l,True,2,,,300.0,UHL001,Actual,SW,Water,,,Lee,07080107,River/Stream,,40.75340048,-91.2755898
6,10560002,Skunk River near Augusta,07/01/2019 08:40:00,AMBIENT,CLR-A-FREE,"Chlorophyll a, free of pheophytin",NonFilt,,2,ug/l,True,1,,,445,UHL001,Actual,SW,Water,,,Lee,07080107,River/Stream,,40.75340048,-91.2755898
6,10560002,Skunk River near Augusta,07/01/2019 08:40:00,AMBIENT,CBOD-SC,"Carbonaceous biochemical oxygen demand, standard conditions",Total,,2,mg/l,False,2,,,5210-B,UHL001,Actual,SW,Water,,,Lee,07080107,River/Stream,,40.75340048,-91.2755898
6,10560002,Skunk River near Augusta,07/01/2019 08:40:00,AMBIENT,ORG-CARB,Organic Carbon,Dissolved,,3.2,mg/l,True,0.5,,,5310-B,UHL001,Actual,SW,Water,,,Lee,07080107,River/Stream,,40.75340048,-91.2755898
6,10560002,Skunk River near Augusta,07/01/2019 08:40:00,AMBIENT,1007-28-9,2-Choro-6-ethylamino-4-amino-s-triazine,Total,,0.1,ug/l,False,0.1,,,8270B(W),UHL001,Actual,SW,Water,,,Lee,07080107,River/Stream,,40.75340048,-91.2755898
6,10560002,Skunk River near Augusta,07/01/2019 08:40:00,AMBIENT,122-34-9,Simazine,Total,,0.1,ug/l,False,0.1,,,8270B(W),UHL001,Actual,SW,Water,,,Lee,07080107,River/Stream,,40.75340048,-91.2755898
6,10560002,Skunk River near Augusta,07/01/2019 08:40:00,AMBIENT,139-40-2,Propazine,Total,,0.1,ug/l,False,0.1,,,8270B(W),UHL001,Actual,SW,Water,,,Lee,07080107,River/Stream,,40.75340048,-91.2755898
6,10560002,Skunk River near Augusta,07/01/2019 08:40:00,AMBIENT,1582-09-8,Trifluralin,Total,,0.1,ug/l,False,0.1,,,8270B(W),UHL001,Actual,SW,Water,,,Lee,07080107,River/Stream,,40.75340048,-91.2755898
6,10560002,Skunk River near Augusta,07/01/2019 08:40:00,AMBIENT,15972-60-8,Alachlor,Total,,0.1,ug/l,False,0.1,,,8270B(W),UHL001,Actual,SW,Water,,,Lee,07080107,River/Stream,,40.75340048,-91.2755898
6,10560002,Skunk River near Augusta,07/01/2019 08:40:00,AMBIENT,1610-18-0,Prometon,Total,,0.1,ug/l,False,0.1,,,8270B(W),UHL001,Actual,SW,Water,,,Lee,07080107,River/Stream,,40.75340048,-91.2755898
6,10560002,Skunk River near Augusta,07/01/2019 08:40:00,AMBIENT,1912-24-9,Atrazine,Total,,2,ug/l,True,0.1,,,8270B(W),UHL001,Actual,SW,Water,,,Lee,07080107,River/Stream,,40.75340048,-91.2755898
6,10560002,Skunk River near Augusta,07/01/2019 08:40:00,AMBIENT,1918-16-7,Propachlor,Total,,0.1,ug/l,False,0.1,,,8270B(W),UHL001,Actual,SW,Water,,,Lee,07080107,River/Stream,,40.75340048,-91.2755898
6,10560002,Skunk River near Augusta,07/01/2019 08:40:00,AMBIENT,2008-41-5,Butylate,Total,,0.1,ug/l,False,0.1,,,8270B(W),UHL001,Actual,SW,Water,,,Lee,07080107,River/Stream,,40.75340048,-91.2755898
6,10560002,Skunk River near Augusta,07/01/2019 08:40:00,AMBIENT,21087-64-9,Metribuzin,Total,,0.1,ug/l,False,0.1,,,8270B(W),UHL001,Actual,SW,Water,,,Lee,07080107,River/Stream,,40.75340048,-91.2755898
6,10560002,Skunk River near Augusta,07/01/2019 08:40:00,AMBIENT,21725-46-2,Cyanazine,Total,,0.1,ug/l,False,0.1,,,8270B(W),UHL001,Actual,SW,Water,,,Lee,07080107,River/Stream,,40.75340048,-91.2755898
6,10560002,Skunk River near Augusta,07/01/2019 08:40:00,AMBIENT,23184-66-9,Butachlor,Total,,0.1,ug/l,False,0.1,,,8270B(W),UHL001,Actual,SW,Water,,,Lee,07080107,River/Stream,,40.75340048,-91.2755898
6,10560002,Skunk River near Augusta,07/01/2019 08:40:00,AMBIENT,34256-82-1,Acetochlor,Total,,0.6,ug/l,True,0.1,,,8270B(W),UHL001,Actual,SW,Water,,,Lee,07080107,River/Stream,,40.75340048,-91.2755898
6,10560002,Skunk River near Augusta,07/01/2019 08:40:00,AMBIENT,51218-45-2,Metolachlor,Total,,1.8,ug/l,True,0.1,,,8270B(W),UHL001,Actual,SW,Water,,,Lee,07080107,River/Stream,,40.75340048,-91.2755898
6,10560002,Skunk River near Augusta,07/01/2019 08:40:00,AMBIENT,6190-65-4,2-Chloro-4-isopropylamino-6-amino-s-triazine,Total,,0.2,ug/l,True,0.1,,,8270B(W),UHL001,Actual,SW,Water,,,Lee,07080107,River/Stream,,40.75340048,-91.2755898
6,10560002,Skunk River near Augusta,07/01/2019 08:40:00,AMBIENT,759-94-4,S-Ethyl dipropylthiocarbamate,Total,,0.1,ug/l,False,0.1,,,8270B(W),UHL001,Actual,SW,Water,,,Lee,07080107,River/Stream,,40.75340048,-91.2755898
6,10560002,Skunk River near Augusta,07/01/2019 08:40:00,AMBIENT,834-12-8,Ametryn,Total,,0.1,ug/l,False,0.1,,,8270B(W),UHL001,Actual,SW,Water,,,Lee,07080107,River/Stream,,40.75340048,-91.2755898
6,10560002,Skunk River near Augusta,07/01/2019 08:40:00,AMBIENT,87674-68-8,Dimethenamid,Total,,0.4,ug/l,True,0.1,,,8270B(W),UHL001,Actual,SW,Water,,,Lee,07080107,River/Stream,,40.75340048,-91.2755898
6,10560002,Skunk River near Augusta,07/01/2019 08:40:00,AMBIENT,68583-22-2,Escherichia coli,Total,,2700,MPN/100ml,True,10,,,9223-B,UHL001,Actual,SW,Water,,,Lee,07080107,River/Stream,,40.75340048,-91.2755898
6,10560002,Skunk River near Augusta,07/01/2019 08:40:00,AMBIENT,TSS,Total suspended solids,NonFilt,,980,mg/l,True,1,,,I3765,UHL001,Actual,SW,Water,,,Lee,07080107,River/Stream,,40.75340048,-91.2755898
6,10560002,Skunk River near Augusta,07/01/2019 08:40:00,AMBIENT,NIT-KJELD,Kjeldahl nitrogen (AS N),Total,,2.8,mg/l,True,0.1,,,LAC 10-107-06-2M,UHL001,Actual,SW,Water,,,Lee,07080107,River/Stream,,40.75340048,-91.2755898
6,10560002,Skunk River near Augusta,07/01/2019 08:40:00,AMBIENT,PHOSP-PHOSP,Phosphate-phosphorus (AS P),Total,,1.2,mg/l,True,0.1,,,LAC 10-115-01-2B,UHL001,Actual,SW,Water,,,Lee,07080107,River/Stream,,40.75340048,-91.2755898
6,10560002,Skunk River near Augusta,07/01/2019 08:40:00,AMBIENT,NIT-NO3-NO2,Inorganic nitrogen (nitrate and nitrite) (AS N),Total,,6.1,mg/l,True,0.1,,,LAC10-107-04-1J,UHL001,Actual,SW,Water,,,Lee,07080107,River/Stream,,40.75340048,-91.2755898
6,10560002,Skunk River near Augusta,07/01/2019 08:40:00,AMBIENT,NIT-AMM,Ammonia-nitrogen (AS N),Total,,0.05,mg/l,False,0.05,,,LAC10-107-06-1J,UHL001,Actual,SW,Water,,,Lee,07080107,River/Stream,,40.75340048,-91.2755898
6,10560002,Skunk River near Augusta,07/01/2019 08:40:00,AMBIENT,14265-44-2,Orthophosphate (AS P),Dissolved,,0.14,mg/l,True,0.02,,,LAC10-115-01-1A,UHL001,Actual,SW,Water,,,Lee,07080107,River/Stream,,40.75340048,-91.2755898
6,10560002,Skunk River near Augusta,07/01/2019 08:40:00,AMBIENT,103-90-2,Acetaminophen,Total,,0.01,ug/l,False,0.010,,,SOP UHL-H-020,UHL001,Actual,SW,Water,,,Lee,07080107,River/Stream,,40.75340048,-91.2755898
6,10560002,Skunk River near Augusta,07/01/2019 08:40:00,AMBIENT,122-11-2,Sulfadimethoxine,Total,,0.01,ug/l,False,0.010,,,SOP UHL-H-020,UHL001,Actual,SW,Water,,,Lee,07080107,River/Stream,,40.75340048,-91.2755898
6,10560002,Skunk River near Augusta,07/01/2019 08:40:00,AMBIENT,15307-86-5,Diclofenac,Total,,0.01,ug/l,False,0.010,,,SOP UHL-H-020,UHL001,Actual,SW,Water,,,Lee,07080107,River/Stream,,40.75340048,-91.2755898
6,10560002,Skunk River near Augusta,07/01/2019 08:40:00,AMBIENT,154-21-2,Lincomycin,Total,,0.01,ug/l,False,0.010,,,SOP UHL-H-020,UHL001,Actual,SW,Water,,,Lee,07080107,River/Stream,,40.75340048,-91.2755898
6,10560002,Skunk River near Augusta,07/01/2019 08:40:00,AMBIENT,15687-27-1,"Benzeneacetic acid, .alpha.-methyl-4-(2-methylpropyl)-",Total,,0.01,ug/l,False,0.010,,,SOP UHL-H-020,UHL001,Actual,SW,Water,,,Lee,07080107,River/Stream,,40.75340048,-91.2755898
6,10560002,Skunk River near Augusta,07/01/2019 08:40:00,AMBIENT,25812-30-0,Gemfibrozil,Total,,0.01,ug/l,False,0.010,,,SOP UHL-H-020,UHL001,Actual,SW,Water,,,Lee,07080107,River/Stream,,40.75340048,-91.2755898
6,10560002,Skunk River near Augusta,07/01/2019 08:40:00,AMBIENT,298-46-4,Carbamazepine,Total,,0.01,ug/l,False,0.010,,,SOP UHL-H-020,UHL001,Actual,SW,Water,,,Lee,07080107,River/Stream,,40.75340048,-91.2755898
6,10560002,Skunk River near Augusta,07/01/2019 08:40:00,AMBIENT,3380-34-5,Triclosan,Total,,0.025,ug/l,False,0.025,,,SOP UHL-H-020,UHL001,Actual,SW,Water,,,Lee,07080107,River/Stream,,40.75340048,-91.2755898
6,10560002,Skunk River near Augusta,07/01/2019 08:40:00,AMBIENT,486-56-6,Cotinine,Total,,0.01,ug/l,False,0.010,,,SOP UHL-H-020,UHL001,Actual,SW,Water,,,Lee,07080107,River/Stream,,40.75340048,-91.2755898
6,10560002,Skunk River near Augusta,07/01/2019 08:40:00,AMBIENT,51384-51-1,Metoprolol,Total,,0.01,ug/l,False,0.010,,,SOP UHL-H-020,UHL001,Actual,SW,Water,,,Lee,07080107,River/Stream,,40.75340048,-91.2755898
6,10560002,Skunk River near Augusta,07/01/2019 08:40:00,AMBIENT,57-68-1,Sulfamethazine,Total,,0.01,ug/l,False,0.010,,,SOP UHL-H-020,UHL001,Actual,SW,Water,,,Lee,07080107,River/Stream,,40.75340048,-91.2755898
6,10560002,Skunk River near Augusta,07/01/2019 08:40:00,AMBIENT,58-08-2,Caffeine,Total,,0.25,ug/l,False,0.25,,,SOP UHL-H-020,UHL001,Actual,SW,Water,,,Lee,07080107,River/Stream,,40.75340048,-91.2755898
6,10560002,Skunk River near Augusta,07/01/2019 08:40:00,AMBIENT,72-14-0,Sulfathiazole,Total,,0.01,ug/l,False,0.010,,,SOP UHL-H-020,UHL001,Actual,SW,Water,,,Lee,07080107,River/Stream,,40.75340048,-91.2755898
6,10560002,Skunk River near Augusta,07/01/2019 08:40:00,AMBIENT,723-46-6,Sulfamethoxazole,Total,,0.01,ug/l,False,0.010,,,SOP UHL-H-020,UHL001,Actual,SW,Water,,,Lee,07080107,River/Stream,,40.75340048,-91.2755898
6,10560002,Skunk River near Augusta,07/01/2019 08:40:00,AMBIENT,738-70-5,Trimethoprim,Total,,0.01,ug/l,False,0.010,,,SOP UHL-H-020,UHL001,Actual,SW,Water,,,Lee,07080107,River/Stream,,40.75340048,-91.2755898
6,10560002,Skunk River near Augusta,08/05/2019 10:50:00,AMBIENT,TURB,Turbidity,None,,48,NTU,True,,,,2130-B,,Actual,SW,Water,,,Lee,07080107,River/Stream,,40.75340048,-91.2755898
6,10560002,Skunk River near Augusta,08/05/2019 10:50:00,AMBIENT,TEMP-WATER,"Temperature, water",Total,,27.2,deg C,True,,,,2550,,Actual,SW,Water,,,Lee,07080107,River/Stream,,40.75340048,-91.2755898
6,10560002,Skunk River near Augusta,08/05/2019 10:50:00,AMBIENT,PH,pH,Total,,8.5,None,True,,,,4500-H,,Actual,SW,Water,,,Lee,07080107,River/Stream,,40.75340048,-91.2755898
6,10560002,Skunk River near Augusta,08/05/2019 10:50:00,AMBIENT,7782-44-7,Dissolved oxygen (DO),Total,,11.2,mg/l,True,,,,D888(C),,Actual,SW,Water,,,Lee,07080107,River/Stream,,40.75340048,-91.2755898
6,10560002,Skunk River near Augusta,08/05/2019 10:50:00,AMBIENT,TVSS,Volatile Suspended Solids,NonFilt,,26,mg/l,True,1,,,160.4,UHL001,Actual,SW,Water,,,Lee,07080107,River/Stream,,40.75340048,-91.2755898
6,10560002,Skunk River near Augusta,08/05/2019 10:50:00,AMBIENT,HARD-CARB,"Hardness, carbonate",Total,,180,mg/l,True,1,,,2340C,UHL001,Actual,SW,Water,,,Lee,07080107,River/Stream,,40.75340048,-91.2755898
6,10560002,Skunk River near Augusta,08/05/2019 10:50:00,AMBIENT,TDS,Total dissolved solids,Dissolved,,260,mg/l,True,1,,,2540-C,UHL001,Actual,SW,Water,,,Lee,07080107,River/Stream,,40.75340048,-91.2755898
6,10560002,Skunk River near Augusta,08/05/2019 10:50:00,AMBIENT,14808-79-8,Sulfate (AS SO4),Total,,36,mg/l,True,0.2,,,300.0,UHL001,Actual,SW,Water,,,Lee,07080107,River/Stream,,40.75340048,-91.2755898
6,10560002,Skunk River near Augusta,08/05/2019 10:50:00,AMBIENT,16887-00-6,Chloride,Total,,20,mg/l,True,0.1,,,300.0,UHL001,Actual,SW,Water,,,Lee,07080107,River/Stream,,40.75340048,-91.2755898
6,10560002,Skunk River near Augusta,08/05/2019 10:50:00,AMBIENT,CLR-A-FREE,"Chlorophyll a, free of pheophytin",NonFilt,,150,ug/l,True,1,,,445,UHL001,Actual,SW,Water,,,Lee,07080107,River/Stream,,40.75340048,-91.2755898
6,10560002,Skunk River near Augusta,08/05/2019 10:50:00,AMBIENT,CBOD-SC,"Carbonaceous biochemical oxygen demand, standard conditions",Total,,4,mg/l,True,2,,,5210-B,UHL001,Actual,SW,Water,,,Lee,07080107,River/Stream,,40.75340048,-91.2755898
6,10560002,Skunk River near Augusta,08/05/2019 10:50:00,AMBIENT,68583-22-2,Escherichia coli,Total,,20,MPN/100ml,True,10,,,9223-B,UHL001,Actual,SW,Water,,,Lee,07080107,River/Stream,,40.75340048,-91.2755898
6,10560002,Skunk River near Augusta,08/05/2019 10:50:00,AMBIENT,TSS,Total suspended solids,NonFilt,,96,mg/l,True,1,,,I3765,UHL001,Actual,SW,Water,,,Lee,07080107,River/Stream,,40.75340048,-91.2755898
6,10560002,Skunk River near Augusta,08/05/2019 10:50:00,AMBIENT,NIT-KJELD,Kjeldahl nitrogen (AS N),Total,,2,mg/l,True,0.1,,,LAC 10-107-06-2M,UHL001,Actual,SW,Water,,,Lee,07080107,River/Stream,,40.75340048,-91.2755898
6,10560002,Skunk River near Augusta,08/05/2019 10:50:00,AMBIENT,PHOSP-PHOSP,Phosphate-phosphorus (AS P),Total,,0.23,mg/l,True,0.1,,,LAC 10-115-01-2B,UHL001,Actual,SW,Water,,,Lee,07080107,River/Stream,,40.75340048,-91.2755898
6,10560002,Skunk River near Augusta,08/05/2019 10:50:00,AMBIENT,NIT-NO3-NO2,Inorganic nitrogen (nitrate and nitrite) (AS N),Total,,0.3,mg/l,True,0.1,,,LAC10-107-04-1J,UHL001,Actual,SW,Water,,,Lee,07080107,River/Stream,,40.75340048,-91.2755898
6,10560002,Skunk River near Augusta,08/05/2019 10:50:00,AMBIENT,NIT-AMM,Ammonia-nitrogen (AS N),Total,,0.05,mg/l,False,0.05,,,LAC10-107-06-1J,UHL001,Actual,SW,Water,,,Lee,07080107,River/Stream,,40.75340048,-91.2755898
6,10560002,Skunk River near Augusta,08/05/2019 10:50:00,AMBIENT,14265-44-2,Orthophosphate (AS P),Dissolved,,0.02,mg/l,False,0.02,,,LAC10-115-01-1A,UHL001,Actual,SW,Water,,,Lee,07080107,River/Stream,,40.75340048,-91.2755898
6,10560002,Skunk River near Augusta,06/03/2019 11:00:00,AMBFLOW,FLOW,Flow,Total,,28900,cfs,True,,,,USGS CA8,USGS-DG,Actual,SW,Water,,,Lee,07080107,River/Stream,,40.75340048,-91.2755898
6,10560002,Skunk River near Augusta,07/01/2019 08:40:00,AMBFLOW,FLOW,Flow,Total,,9330,cfs,True,,,,USGS CA8,USGS-DG,Actual,SW,Water,,,Lee,07080107,River/Stream,,40.75340048,-91.2755898
6,10560002,Skunk River near Augusta,08/05/2019 10:50:00,AMBFLOW,FLOW,Flow,Total,,1070,cfs,True,,,,USGS CA8,USGS-DG,Actual,SW,Water,,,Lee,07080107,River/Stream,,40.75340048,-91.2755898
6,10560002,Skunk River near Augusta,09/03/2019 11:00:00,AMBIENT,TURB,Turbidity,None,,54,NTU,True,,,,2130-B,,Actual,SW,Water,,,Lee,07080107,River/Stream,,40.75340048,-91.2755898
6,10560002,Skunk River near Augusta,09/03/2019 11:00:00,AMBIENT,TEMP-WATER,"Temperature, water",Total,,24.9,deg C,True,,,,2550,,Actual,SW,Water,,,Lee,07080107,River/Stream,,40.75340048,-91.2755898
6,10560002,Skunk River near Augusta,09/03/2019 11:00:00,AMBIENT,PH,pH,Total,,8.7,None,True,,,,4500-H,,Actual,SW,Water,,,Lee,07080107,River/Stream,,40.75340048,-91.2755898
6,10560002,Skunk River near Augusta,09/03/2019 11:00:00,AMBIENT,7782-44-7,Dissolved oxygen (DO),Total,,8.5,mg/l,True,,,,D888(C),,Actual,SW,Water,,,Lee,07080107,River/Stream,,40.75340048,-91.2755898
6,10560002,Skunk River near Augusta,09/03/2019 11:00:00,AMBIENT,TVSS,Volatile Suspended Solids,NonFilt,,23,mg/l,True,1,,,160.4,UHL001,Actual,SW,Water,,,Lee,07080107,River/Stream,,40.75340048,-91.2755898
6,10560002,Skunk River near Augusta,09/03/2019 11:00:00,AMBIENT,7439-95-4,Magnesium,Total,,25,mg/l,True,0.5,,,200.7(W),UHL001,Actual,SW,Water,,,Lee,07080107,River/Stream,,40.75340048,-91.2755898
6,10560002,Skunk River near Augusta,09/03/2019 11:00:00,AMBIENT,7440-09-7,Potassium,Total,,3.6,mg/l,True,1,,,200.7(W),UHL001,Actual,SW,Water,,,Lee,07080107,River/Stream,,40.75340048,-91.2755898
6,10560002,Skunk River near Augusta,09/03/2019 11:00:00,AMBIENT,7440-23-5,Sodium,Total,,16,mg/l,True,0.5,,,200.7(W),UHL001,Actual,SW,Water,,,Lee,07080107,River/Stream,,40.75340048,-91.2755898
6,10560002,Skunk River near Augusta,09/03/2019 11:00:00,AMBIENT,7440-70-2,Calcium,Total,,56,mg/l,True,1,,,200.7(W),UHL001,Actual,SW,Water,,,Lee,07080107,River/Stream,,40.75340048,-91.2755898
6,10560002,Skunk River near Augusta,09/03/2019 11:00:00,AMBIENT,7429-90-5,Aluminum,Total,,1.2,mg/l,True,0.05,,,200.8(W),UHL001,Actual,SW,Water,,,Lee,07080107,River/Stream,,40.75340048,-91.2755898
6,10560002,Skunk River near Augusta,09/03/2019 11:00:00,AMBIENT,ALK-TOT,"Alkalinity, total",Total,,200,mg/l,True,1,,,2320-B,UHL001,Actual,SW,Water,,,Lee,07080107,River/Stream,,40.75340048,-91.2755898
6,10560002,Skunk River near Augusta,09/03/2019 11:00:00,AMBIENT,HARD-CARB,"Hardness, carbonate",Total,,240,mg/l,True,1,,,2340C,UHL001,Actual,SW,Water,,,Lee,07080107,River/Stream,,40.75340048,-91.2755898
6,10560002,Skunk River near Augusta,09/03/2019 11:00:00,AMBIENT,TDS,Total dissolved solids,Dissolved,,310,mg/l,True,1,,,2540-C,UHL001,Actual,SW,Water,,,Lee,07080107,River/Stream,,40.75340048,-91.2755898
6,10560002,Skunk River near Augusta,09/03/2019 11:00:00,AMBIENT,14808-79-8,Sulfate (AS SO4),Total,,43,mg/l,True,0.2,,,300.0,UHL001,Actual,SW,Water,,,Lee,07080107,River/Stream,,40.75340048,-91.2755898
6,10560002,Skunk River near Augusta,09/03/2019 11:00:00,AMBIENT,16887-00-6,Chloride,Total,,21,mg/l,True,0.2,,,300.0,UHL001,Actual,SW,Water,,,Lee,07080107,River/Stream,,40.75340048,-91.2755898
6,10560002,Skunk River near Augusta,09/03/2019 11:00:00,AMBIENT,CLR-A-FREE,"Chlorophyll a, free of pheophytin",NonFilt,,88,ug/l,True,1,,,445,UHL001,Actual,SW,Water,,,Lee,07080107,River/Stream,,40.75340048,-91.2755898
6,10560002,Skunk River near Augusta,09/03/2019 11:00:00,AMBIENT,CBOD-SC,"Carbonaceous biochemical oxygen demand, standard conditions",Total,,4,mg/l,True,2,,,5210-B,UHL001,Actual,SW,Water,,,Lee,07080107,River/Stream,,40.75340048,-91.2755898
6,10560002,Skunk River near Augusta,09/03/2019 11:00:00,AMBIENT,ORG-CARB,Organic Carbon,Dissolved,,2.8,mg/l,True,0.5,,,5310-B,UHL001,Actual,SW,Water,,,Lee,07080107,River/Stream,,40.75340048,-91.2755898
6,10560002,Skunk River near Augusta,09/03/2019 11:00:00,AMBIENT,1007-28-9,2-Choro-6-ethylamino-4-amino-s-triazine,Total,,0.1,ug/l,False,0.1,,,8270B(W),UHL001,Actual,SW,Water,,,Lee,07080107,River/Stream,,40.75340048,-91.2755898
6,10560002,Skunk River near Augusta,09/03/2019 11:00:00,AMBIENT,122-34-9,Simazine,Total,,0.1,ug/l,False,0.1,,,8270B(W),UHL001,Actual,SW,Water,,,Lee,07080107,River/Stream,,40.75340048,-91.2755898
6,10560002,Skunk River near Augusta,09/03/2019 11:00:00,AMBIENT,139-40-2,Propazine,Total,,0.1,ug/l,False,0.1,,,8270B(W),UHL001,Actual,SW,Water,,,Lee,07080107,River/Stream,,40.75340048,-91.2755898
6,10560002,Skunk River near Augusta,09/03/2019 11:00:00,AMBIENT,1582-09-8,Trifluralin,Total,,0.1,ug/l,False,0.1,,,8270B(W),UHL001,Actual,SW,Water,,,Lee,07080107,River/Stream,,40.75340048,-91.2755898
6,10560002,Skunk River near Augusta,09/03/2019 11:00:00,AMBIENT,15972-60-8,Alachlor,Total,,0.1,ug/l,False,0.1,,,8270B(W),UHL001,Actual,SW,Water,,,Lee,07080107,River/Stream,,40.75340048,-91.2755898
6,10560002,Skunk River near Augusta,09/03/2019 11:00:00,AMBIENT,1610-18-0,Prometon,Total,,0.1,ug/l,False,0.1,,,8270B(W),UHL001,Actual,SW,Water,,,Lee,07080107,River/Stream,,40.75340048,-91.2755898
6,10560002,Skunk River near Augusta,09/03/2019 11:00:00,AMBIENT,1918-16-7,Propachlor,Total,,0.1,ug/l,False,0.1,,,8270B(W),UHL001,Actual,SW,Water,,,Lee,07080107,River/Stream,,40.75340048,-91.2755898
6,10560002,Skunk River near Augusta,09/03/2019 11:00:00,AMBIENT,2008-41-5,Butylate,Total,,0.1,ug/l,False,0.1,,,8270B(W),UHL001,Actual,SW,Water,,,Lee,07080107,River/Stream,,40.75340048,-91.2755898
6,10560002,Skunk River near Augusta,09/03/2019 11:00:00,AMBIENT,21087-64-9,Metribuzin,Total,,0.1,ug/l,False,0.1,,,8270B(W),UHL001,Actual,SW,Water,,,Lee,07080107,River/Stream,,40.75340048,-91.2755898
6,10560002,Skunk River near Augusta,09/03/2019 11:00:00,AMBIENT,21725-46-2,Cyanazine,Total,,0.1,ug/l,False,0.1,,,8270B(W),UHL001,Actual,SW,Water,,,Lee,07080107,River/Stream,,40.75340048,-91.2755898
6,10560002,Skunk River near Augusta,09/03/2019 11:00:00,AMBIENT,23184-66-9,Butachlor,Total,,0.1,ug/l,False,0.1,,,8270B(W),UHL001,Actual,SW,Water,,,Lee,07080107,River/Stream,,40.75340048,-91.2755898
6,10560002,Skunk River near Augusta,09/03/2019 11:00:00,AMBIENT,34256-82-1,Acetochlor,Total,,0.1,ug/l,False,0.1,,,8270B(W),UHL001,Actual,SW,Water,,,Lee,07080107,River/Stream,,40.75340048,-91.2755898
6,10560002,Skunk River near Augusta,09/03/2019 11:00:00,AMBIENT,51218-45-2,Metolachlor,Total,,1,ug/l,True,0.1,,,8270B(W),UHL001,Actual,SW,Water,,,Lee,07080107,River/Stream,,40.75340048,-91.2755898
6,10560002,Skunk River near Augusta,09/03/2019 11:00:00,AMBIENT,6190-65-4,2-Chloro-4-isopropylamino-6-amino-s-triazine,Total,,0.2,ug/l,True,0.1,,,8270B(W),UHL001,Actual,SW,Water,,,Lee,07080107,River/Stream,,40.75340048,-91.2755898
6,10560002,Skunk River near Augusta,09/03/2019 11:00:00,AMBIENT,759-94-4,S-Ethyl dipropylthiocarbamate,Total,,0.1,ug/l,False,0.1,,,8270B(W),UHL001,Actual,SW,Water,,,Lee,07080107,River/Stream,,40.75340048,-91.2755898
6,10560002,Skunk River near Augusta,09/03/2019 11:00:00,AMBIENT,834-12-8,Ametryn,Total,,0.1,ug/l,False,0.1,,,8270B(W),UHL001,Actual,SW,Water,,,Lee,07080107,River/Stream,,40.75340048,-91.2755898
6,10560002,Skunk River near Augusta,09/03/2019 11:00:00,AMBIENT,87674-68-8,Dimethenamid,Total,,0.1,ug/l,False,0.1,,,8270B(W),UHL001,Actual,SW,Water,,,Lee,07080107,River/Stream,,40.75340048,-91.2755898
6,10560002,Skunk River near Augusta,09/03/2019 11:00:00,AMBIENT,1912-24-9,Atrazine,Total,,7.2,ug/l,True,0.5,,,8270B(W),UHL001,Actual,SW,Water,,,Lee,07080107,River/Stream,,40.75340048,-91.2755898
6,10560002,Skunk River near Augusta,09/03/2019 11:00:00,AMBIENT,68583-22-2,Escherichia coli,Total,,20,MPN/100ml,True,10,,,9223-B,UHL001,Actual,SW,Water,,,Lee,07080107,River/Stream,,40.75340048,-91.2755898
6,10560002,Skunk River near Augusta,09/03/2019 11:00:00,AMBIENT,TSS,Total suspended solids,NonFilt,,83,mg/l,True,1,,,I3765,UHL001,Actual,SW,Water,,,Lee,07080107,River/Stream,,40.75340048,-91.2755898
6,10560002,Skunk River near Augusta,09/03/2019 11:00:00,AMBIENT,NIT-KJELD,Kjeldahl nitrogen (AS N),Total,,1.5,mg/l,True,0.1,,,LAC 10-107-06-2M,UHL001,Actual,SW,Water,,,Lee,07080107,River/Stream,,40.75340048,-91.2755898
6,10560002,Skunk River near Augusta,09/03/2019 11:00:00,AMBIENT,PHOSP-PHOSP,Phosphate-phosphorus (AS P),Total,,0.3,mg/l,True,0.1,,,LAC 10-115-01-2B,UHL001,Actual,SW,Water,,,Lee,07080107,River/Stream,,40.75340048,-91.2755898
6,10560002,Skunk River near Augusta,09/03/2019 11:00:00,AMBIENT,NIT-NO3-NO2,Inorganic nitrogen (nitrate and nitrite) (AS N),Total,,0.1,mg/l,False,0.1,,,LAC10-107-04-1J,UHL001,Actual,SW,Water,,,Lee,07080107,River/Stream,,40.75340048,-91.2755898
6,10560002,Skunk River near Augusta,09/03/2019 11:00:00,AMBIENT,NIT-AMM,Ammonia-nitrogen (AS N),Total,,0.05,mg/l,False,0.05,,,LAC10-107-06-1J,UHL001,Actual,SW,Water,,,Lee,07080107,River/Stream,,40.75340048,-91.2755898
6,10560002,Skunk River near Augusta,09/03/2019 11:00:00,AMBIENT,14265-44-2,Orthophosphate (AS P),Dissolved,,0.04,mg/l,True,0.02,,,LAC10-115-01-1A,UHL001,Actual,SW,Water,,,Lee,07080107,River/Stream,,40.75340048,-91.2755898
6,10560002,Skunk River near Augusta,09/03/2019 11:00:00,AMBIENT,103-90-2,Acetaminophen,Total,,0.01,ug/l,False,0.010,,,SOP UHL-H-020,UHL001,Actual,SW,Water,,,Lee,07080107,River/Stream,,40.75340048,-91.2755898
6,10560002,Skunk River near Augusta,09/03/2019 11:00:00,AMBIENT,122-11-2,Sulfadimethoxine,Total,,0.01,ug/l,False,0.010,,,SOP UHL-H-020,UHL001,Actual,SW,Water,,,Lee,07080107,River/Stream,,40.75340048,-91.2755898
6,10560002,Skunk River near Augusta,09/03/2019 11:00:00,AMBIENT,134-62-3,"N,N-Diethyl-m-toluamide",Total,,0.1,ug/l,False,0.10,,,SOP UHL-H-020,UHL001,Actual,SW,Water,,,Lee,07080107,River/Stream,,40.75340048,-91.2755898
6,10560002,Skunk River near Augusta,09/03/2019 11:00:00,AMBIENT,15307-86-5,Diclofenac,Total,,0.01,ug/l,False,0.010,,,SOP UHL-H-020,UHL001,Actual,SW,Water,,,Lee,07080107,River/Stream,,40.75340048,-91.2755898
6,10560002,Skunk River near Augusta,09/03/2019 11:00:00,AMBIENT,154-21-2,Lincomycin,Total,,0.01,ug/l,False,0.010,,,SOP UHL-H-020,UHL001,Actual,SW,Water,,,Lee,07080107,River/Stream,,40.75340048,-91.2755898
6,10560002,Skunk River near Augusta,09/03/2019 11:00:00,AMBIENT,15687-27-1,"Benzeneacetic acid, .alpha.-methyl-4-(2-methylpropyl)-",Total,,0.01,ug/l,False,0.010,,,SOP UHL-H-020,UHL001,Actual,SW,Water,,,Lee,07080107,River/Stream,,40.75340048,-91.2755898
6,10560002,Skunk River near Augusta,09/03/2019 11:00:00,AMBIENT,25812-30-0,Gemfibrozil,Total,,0.01,ug/l,False,0.010,,,SOP UHL-H-020,UHL001,Actual,SW,Water,,,Lee,07080107,River/Stream,,40.75340048,-91.2755898
6,10560002,Skunk River near Augusta,09/03/2019 11:00:00,AMBIENT,298-46-4,Carbamazepine,Total,,0.01,ug/l,False,0.010,,,SOP UHL-H-020,UHL001,Actual,SW,Water,,,Lee,07080107,River/Stream,,40.75340048,-91.2755898
6,10560002,Skunk River near Augusta,09/03/2019 11:00:00,AMBIENT,3380-34-5,Triclosan,Total,,0.025,ug/l,False,0.025,,,SOP UHL-H-020,UHL001,Actual,SW,Water,,,Lee,07080107,River/Stream,,40.75340048,-91.2755898
6,10560002,Skunk River near Augusta,09/03/2019 11:00:00,AMBIENT,486-56-6,Cotinine,Total,,0.01,ug/l,False,0.010,,,SOP UHL-H-020,UHL001,Actual,SW,Water,,,Lee,07080107,River/Stream,,40.75340048,-91.2755898
6,10560002,Skunk River near Augusta,09/03/2019 11:00:00,AMBIENT,51384-51-1,Metoprolol,Total,,0.01,ug/l,False,0.010,,,SOP UHL-H-020,UHL001,Actual,SW,Water,,,Lee,07080107,River/Stream,,40.75340048,-91.2755898
6,10560002,Skunk River near Augusta,09/03/2019 11:00:00,AMBIENT,57-68-1,Sulfamethazine,Total,,0.01,ug/l,False,0.010,,,SOP UHL-H-020,UHL001,Actual,SW,Water,,,Lee,07080107,River/Stream,,40.75340048,-91.2755898
6,10560002,Skunk River near Augusta,09/03/2019 11:00:00,AMBIENT,58-08-2,Caffeine,Total,,0.03,ug/l,True,0.025,,,SOP UHL-H-020,UHL001,Actual,SW,Water,,,Lee,07080107,River/Stream,,40.75340048,-91.2755898
6,10560002,Skunk River near Augusta,09/03/2019 11:00:00,AMBIENT,72-14-0,Sulfathiazole,Total,,0.01,ug/l,False,0.010,,,SOP UHL-H-020,UHL001,Actual,SW,Water,,,Lee,07080107,River/Stream,,40.75340048,-91.2755898
6,10560002,Skunk River near Augusta,09/03/2019 11:00:00,AMBIENT,723-46-6,Sulfamethoxazole,Total,,0.036,ug/l,True,0.010,,,SOP UHL-H-020,UHL001,Actual,SW,Water,,,Lee,07080107,River/Stream,,40.75340048,-91.2755898
6,10560002,Skunk River near Augusta,09/03/2019 11:00:00,AMBIENT,738-70-5,Trimethoprim,Total,,0.01,ug/l,False,0.010,,,SOP UHL-H-020,UHL001,Actual,SW,Water,,,Lee,07080107,River/Stream,,40.75340048,-91.2755898
6,10560002,Skunk River near Augusta,09/03/2019 11:10:00,AMBIENT,7439-92-1,Lead,Dissolved,,0.18,ug/l,True,0.05,,,200.8(W),UHL001,Actual,SW,Water,,,Lee,07080107,River/Stream,,40.75340048,-91.2755898
6,10560002,Skunk River near Augusta,09/03/2019 11:10:00,AMBIENT,7440-02-0,Nickel,Dissolved,,3,ug/l,True,0.05,,,200.8(W),UHL001,Actual,SW,Water,,,Lee,07080107,River/Stream,,40.75340048,-91.2755898
6,10560002,Skunk River near Augusta,09/03/2019 11:10:00,AMBIENT,7440-22-4,Silver,Dissolved,,0.05,ug/l,False,0.05,,,200.8(W),UHL001,Actual,SW,Water,,,Lee,07080107,River/Stream,,40.75340048,-91.2755898
6,10560002,Skunk River near Augusta,09/03/2019 11:10:00,AMBIENT,7440-38-2,Arsenic,Dissolved,,2.3,ug/l,True,0.05,,,200.8(W),UHL001,Actual,SW,Water,,,Lee,07080107,River/Stream,,40.75340048,-91.2755898
6,10560002,Skunk River near Augusta,09/03/2019 11:10:00,AMBIENT,7440-43-9,Cadmium,Dissolved,,0.05,ug/l,False,0.05,,,200.8(W),UHL001,Actual,SW,Water,,,Lee,07080107,River/Stream,,40.75340048,-91.2755898
6,10560002,Skunk River near Augusta,09/03/2019 11:10:00,AMBIENT,7440-47-3,Chromium,Dissolved,,0.71,ug/l,True,0.05,,,200.8(W),UHL001,Actual,SW,Water,,,Lee,07080107,River/Stream,,40.75340048,-91.2755898
6,10560002,Skunk River near Augusta,09/03/2019 11:10:00,AMBIENT,7440-50-8,Copper,Dissolved,,1.1,ug/l,True,0.05,,,200.8(W),UHL001,Actual,SW,Water,,,Lee,07080107,River/Stream,,40.75340048,-91.2755898
6,10560002,Skunk River near Augusta,09/03/2019 11:10:00,AMBIENT,7440-66-6,Zinc,Dissolved,,1.5,ug/l,True,0.05,,,200.8(W),UHL001,Actual,SW,Water,,,Lee,07080107,River/Stream,,40.75340048,-91.2755898
6,10560002,Skunk River near Augusta,09/03/2019 11:10:00,AMBIENT,7782-49-2,Selenium,Dissolved,,0.87,ug/l,True,0.5,,,200.8(W),UHL001,Actual,SW,Water,,,Lee,07080107,River/Stream,,40.75340048,-91.2755898
6,10560002,Skunk River near Augusta,10/01/2019 11:00:00,AMBIENT,TURB,Turbidity,None,,320,NTU,True,,,,2130-B,,Actual,SW,Water,,,Lee,07080107,River/Stream,,40.75340048,-91.2755898
6,10560002,Skunk River near Augusta,10/01/2019 11:00:00,AMBIENT,TEMP-WATER,"Temperature, water",Total,,21,deg C,True,,,,2550,,Actual,SW,Water,,,Lee,07080107,River/Stream,,40.75340048,-91.2755898
6,10560002,Skunk River near Augusta,10/01/2019 11:00:00,AMBIENT,PH,pH,Total,,7.9,None,True,,,,4500-H,,Actual,SW,Water,,,Lee,07080107,River/Stream,,40.75340048,-91.2755898
6,10560002,Skunk River near Augusta,10/01/2019 11:00:00,AMBIENT,7782-44-7,Dissolved oxygen (DO),Total,,6.8,mg/l,True,,,,D888(C),,Actual,SW,Water,,,Lee,07080107,River/Stream,,40.75340048,-91.2755898
6,10560002,Skunk River near Augusta,10/01/2019 11:00:00,AMBIENT,TVSS,Volatile Suspended Solids,NonFilt,,64,mg/l,True,1,,,160.4,UHL001,Actual,SW,Water,,,Lee,07080107,River/Stream,,40.75340048,-91.2755898
6,10560002,Skunk River near Augusta,10/01/2019 11:00:00,AMBIENT,HARD-CARB,"Hardness, carbonate",Total,,140,mg/l,True,1,,,2340C,UHL001,Actual,SW,Water,,,Lee,07080107,River/Stream,,40.75340048,-91.2755898
6,10560002,Skunk River near Augusta,10/01/2019 11:00:00,AMBIENT,TDS,Total dissolved solids,Dissolved,,220,mg/l,True,1,,,2540-C,UHL001,Actual,SW,Water,,,Lee,07080107,River/Stream,,40.75340048,-91.2755898
6,10560002,Skunk River near Augusta,10/01/2019 11:00:00,AMBIENT,14808-79-8,Sulfate (AS SO4),Total,,18,mg/l,True,0.2,,,300.0,UHL001,Actual,SW,Water,,,Lee,07080107,River/Stream,,40.75340048,-91.2755898
6,10560002,Skunk River near Augusta,10/01/2019 11:00:00,AMBIENT,16887-00-6,Chloride,Total,,12,mg/l,True,0.1,,,300.0,UHL001,Actual,SW,Water,,,Lee,07080107,River/Stream,,40.75340048,-91.2755898
6,10560002,Skunk River near Augusta,10/01/2019 11:00:00,AMBIENT,CLR-A-FREE,"Chlorophyll a, free of pheophytin",NonFilt,,16,ug/l,True,1,,,445,UHL001,Actual,SW,Water,,,Lee,07080107,River/Stream,,40.75340048,-91.2755898
6,10560002,Skunk River near Augusta,10/01/2019 11:00:00,AMBIENT,CBOD-SC,"Carbonaceous biochemical oxygen demand, standard conditions",Total,,2,mg/l,False,2,,,5210-B,UHL001,Actual,SW,Water,,,Lee,07080107,River/Stream,,40.75340048,-91.2755898
6,10560002,Skunk River near Augusta,10/01/2019 11:00:00,AMBIENT,68583-22-2,Escherichia coli,Total,,3900,MPN/100ml,True,10,,,9223-B,UHL001,Actual,SW,Water,,,Lee,07080107,River/Stream,,40.75340048,-91.2755898
6,10560002,Skunk River near Augusta,10/01/2019 11:00:00,AMBIENT,TSS,Total suspended solids,NonFilt,,450,mg/l,True,1,,,I3765,UHL001,Actual,SW,Water,,,Lee,07080107,River/Stream,,40.75340048,-91.2755898
6,10560002,Skunk River near Augusta,10/01/2019 11:00:00,AMBIENT,NIT-KJELD,Kjeldahl nitrogen (AS N),Total,,2.3,mg/l,True,0.1,,,LAC 10-107-06-2M,UHL001,Actual,SW,Water,,,Lee,07080107,River/Stream,,40.75340048,-91.2755898
6,10560002,Skunk River near Augusta,10/01/2019 11:00:00,AMBIENT,PHOSP-PHOSP,Phosphate-phosphorus (AS P),Total,,0.8,mg/l,True,0.1,,,LAC 10-115-01-2B,UHL001,Actual,SW,Water,,,Lee,07080107,River/Stream,,40.75340048,-91.2755898
6,10560002,Skunk River near Augusta,10/01/2019 11:00:00,AMBIENT,NIT-NO3-NO2,Inorganic nitrogen (nitrate and nitrite) (AS N),Total,,1.7,mg/l,True,0.1,,,LAC10-107-04-1J,UHL001,Actual,SW,Water,,,Lee,07080107,River/Stream,,40.75340048,-91.2755898
6,10560002,Skunk River near Augusta,10/01/2019 11:00:00,AMBIENT,NIT-AMM,Ammonia-nitrogen (AS N),Total,,0.05,mg/l,True,0.05,,,LAC10-107-06-1J,UHL001,Actual,SW,Water,,,Lee,07080107,River/Stream,,40.75340048,-91.2755898
6,10560002,Skunk River near Augusta,10/01/2019 11:00:00,AMBIENT,14265-44-2,Orthophosphate (AS P),Dissolved,,0.15,mg/l,True,0.02,,,LAC10-115-01-1A,UHL001,Actual,SW,Water,,,Lee,07080107,River/Stream,,40.75340048,-91.2755898
6,10560002,Skunk River near Augusta,12/02/2019 09:15:00,AMBIENT,TURB,Turbidity,None,,17,NTU,True,,,,2130-B,,Actual,SW,Water,,,Lee,07080107,River/Stream,,40.75340048,-91.2755898
6,10560002,Skunk River near Augusta,12/02/2019 09:15:00,AMBIENT,TEMP-WATER,"Temperature, water",Total,,3.3,deg C,True,,,,2550,,Actual,SW,Water,,,Lee,07080107,River/Stream,,40.75340048,-91.2755898
6,10560002,Skunk River near Augusta,12/02/2019 09:15:00,AMBIENT,PH,pH,Total,,8.5,None,True,,,,4500-H,,Actual,SW,Water,,,Lee,07080107,River/Stream,,40.75340048,-91.2755898
6,10560002,Skunk River near Augusta,12/02/2019 09:15:00,AMBIENT,7782-44-7,Dissolved oxygen (DO),Total,,12.4,mg/l,True,,,,D888(C),,Actual,SW,Water,,,Lee,07080107,River/Stream,,40.75340048,-91.2755898
6,10560002,Skunk River near Augusta,12/02/2019 09:15:00,AMBIENT,TVSS,Volatile Suspended Solids,NonFilt,,5,mg/l,True,1,,,160.4,UHL001,Actual,SW,Water,,,Lee,07080107,River/Stream,,40.75340048,-91.2755898
6,10560002,Skunk River near Augusta,12/02/2019 09:15:00,AMBIENT,HARD-CARB,"Hardness, carbonate",Total,,300,mg/l,True,1,,,2340C,UHL001,Actual,SW,Water,,,Lee,07080107,River/Stream,,40.75340048,-91.2755898
6,10560002,Skunk River near Augusta,12/02/2019 09:15:00,AMBIENT,TDS,Total dissolved solids,Dissolved,,390,mg/l,True,1,,,2540-C,UHL001,Actual,SW,Water,,,Lee,07080107,River/Stream,,40.75340048,-91.2755898
6,10560002,Skunk River near Augusta,12/02/2019 09:15:00,AMBIENT,14808-79-8,Sulfate (AS SO4),Total,,35,mg/l,True,0.2,,,300.0,UHL001,Actual,SW,Water,,,Lee,07080107,River/Stream,,40.75340048,-91.2755898
6,10560002,Skunk River near Augusta,12/02/2019 09:15:00,AMBIENT,16887-00-6,Chloride,Total,,22,mg/l,True,0.1,,,300.0,UHL001,Actual,SW,Water,,,Lee,07080107,River/Stream,,40.75340048,-91.2755898
6,10560002,Skunk River near Augusta,12/02/2019 09:15:00,AMBIENT,CLR-A-FREE,"Chlorophyll a, free of pheophytin",NonFilt,,10,ug/l,True,1,,,445,UHL001,Actual,SW,Water,,,Lee,07080107,River/Stream,,40.75340048,-91.2755898
6,10560002,Skunk River near Augusta,12/02/2019 09:15:00,AMBIENT,CBOD-SC,"Carbonaceous biochemical oxygen demand, standard conditions",Total,,2,mg/l,False,2,,,5210-B,UHL001,Actual,SW,Water,,,Lee,07080107,River/Stream,,40.75340048,-91.2755898
6,10560002,Skunk River near Augusta,12/02/2019 09:15:00,AMBIENT,68583-22-2,Escherichia coli,Total,,910,MPN/100ml,True,10,,,9223-B,UHL001,Actual,SW,Water,,,Lee,07080107,River/Stream,,40.75340048,-91.2755898
6,10560002,Skunk River near Augusta,12/02/2019 09:15:00,AMBIENT,TSS,Total suspended solids,NonFilt,,25,mg/l,True,1,,,I3765,UHL001,Actual,SW,Water,,,Lee,07080107,River/Stream,,40.75340048,-91.2755898
6,10560002,Skunk River near Augusta,12/02/2019 09:15:00,AMBIENT,NIT-KJELD,Kjeldahl nitrogen (AS N),Total,,0.51,mg/l,True,0.1,,,LAC 10-107-06-2M,UHL001,Actual,SW,Water,,,Lee,07080107,River/Stream,,40.75340048,-91.2755898
6,10560002,Skunk River near Augusta,12/02/2019 09:15:00,AMBIENT,PHOSP-PHOSP,Phosphate-phosphorus (AS P),Total,,0.22,mg/l,True,0.1,,,LAC 10-115-01-2B,UHL001,Actual,SW,Water,,,Lee,07080107,River/Stream,,40.75340048,-91.2755898
6,10560002,Skunk River near Augusta,12/02/2019 09:15:00,AMBIENT,NIT-NO3-NO2,Inorganic nitrogen (nitrate and nitrite) (AS N),Total,,4.1,mg/l,True,0.1,,,LAC10-107-04-1J,UHL001,Actual,SW,Water,,,Lee,07080107,River/Stream,,40.75340048,-91.2755898
6,10560002,Skunk River near Augusta,12/02/2019 09:15:00,AMBIENT,NIT-AMM,Ammonia-nitrogen (AS N),Total,,0.05,mg/l,False,0.05,,,LAC10-107-06-1J,UHL001,Actual,SW,Water,,,Lee,07080107,River/Stream,,40.75340048,-91.2755898
6,10560002,Skunk River near Augusta,12/02/2019 09:15:00,AMBIENT,14265-44-2,Orthophosphate (AS P),Dissolved,,0.12,mg/l,True,0.02,,,LAC10-115-01-1A,UHL001,Actual,SW,Water,,,Lee,07080107,River/Stream,,40.75340048,-91.2755898
6,10560002,Skunk River near Augusta,11/04/2019 08:40:00,AMBIENT,7439-92-1,Lead,Dissolved,,0.36,ug/l,True,0.05,,,200.8(W),UHL001,Actual,SW,Water,,,Lee,07080107,River/Stream,,40.75340048,-91.2755898
6,10560002,Skunk River near Augusta,11/04/2019 08:40:00,AMBIENT,7440-02-0,Nickel,Dissolved,,2.8,ug/l,True,0.05,,,200.8(W),UHL001,Actual,SW,Water,,,Lee,07080107,River/Stream,,40.75340048,-91.2755898
6,10560002,Skunk River near Augusta,11/04/2019 08:40:00,AMBIENT,7440-22-4,Silver,Dissolved,,0.05,ug/l,False,0.05,,,200.8(W),UHL001,Actual,SW,Water,,,Lee,07080107,River/Stream,,40.75340048,-91.2755898
6,10560002,Skunk River near Augusta,11/04/2019 08:40:00,AMBIENT,7440-38-2,Arsenic,Dissolved,,1.7,ug/l,True,0.05,,,200.8(W),UHL001,Actual,SW,Water,,,Lee,07080107,River/Stream,,40.75340048,-91.2755898
6,10560002,Skunk River near Augusta,11/04/2019 08:40:00,AMBIENT,7440-43-9,Cadmium,Dissolved,,0.07,ug/l,True,0.05,,,200.8(W),UHL001,Actual,SW,Water,,,Lee,07080107,River/Stream,,40.75340048,-91.2755898
6,10560002,Skunk River near Augusta,11/04/2019 08:40:00,AMBIENT,7440-47-3,Chromium,Dissolved,,1.1,ug/l,True,0.05,,,200.8(W),UHL001,Actual,SW,Water,,,Lee,07080107,River/Stream,,40.75340048,-91.2755898
6,10560002,Skunk River near Augusta,11/04/2019 08:40:00,AMBIENT,7440-50-8,Copper,Dissolved,,0.74,ug/l,True,0.05,,,200.8(W),UHL001,Actual,SW,Water,,,Lee,07080107,River/Stream,,40.75340048,-91.2755898
6,10560002,Skunk River near Augusta,11/04/2019 08:40:00,AMBIENT,7440-66-6,Zinc,Dissolved,,1.9,ug/l,True,0.05,,,200.8(W),UHL001,Actual,SW,Water,,,Lee,07080107,River/Stream,,40.75340048,-91.2755898
6,10560002,Skunk River near Augusta,11/04/2019 08:40:00,AMBIENT,7782-49-2,Selenium,Dissolved,,1.3,ug/l,True,0.5,,,200.8(W),UHL001,Actual,SW,Water,,,Lee,07080107,River/Stream,,40.75340048,-91.2755898
6,10560002,Skunk River near Augusta,11/04/2019 08:30:00,AMBIENT,TURB,Turbidity,None,,16,NTU,True,,,,2130-B,,Actual,SW,Water,,,Lee,07080107,River/Stream,,40.75340048,-91.2755898
6,10560002,Skunk River near Augusta,11/04/2019 08:30:00,AMBIENT,TEMP-WATER,"Temperature, water",Total,,6.5,deg C,True,,,,2550,,Actual,SW,Water,,,Lee,07080107,River/Stream,,40.75340048,-91.2755898
6,10560002,Skunk River near Augusta,11/04/2019 08:30:00,AMBIENT,PH,pH,Total,,8.3,None,True,,,,4500-H,,Actual,SW,Water,,,Lee,07080107,River/Stream,,40.75340048,-91.2755898
6,10560002,Skunk River near Augusta,11/04/2019 08:30:00,AMBIENT,7782-44-7,Dissolved oxygen (DO),Total,,11.5,mg/l,True,,,,D888(C),,Actual,SW,Water,,,Lee,07080107,River/Stream,,40.75340048,-91.2755898
6,10560002,Skunk River near Augusta,11/04/2019 08:30:00,AMBIENT,TVSS,Volatile Suspended Solids,NonFilt,,7,mg/l,True,1,,,160.4,UHL001,Actual,SW,Water,,,Lee,07080107,River/Stream,,40.75340048,-91.2755898
6,10560002,Skunk River near Augusta,11/04/2019 08:30:00,AMBIENT,7439-95-4,Magnesium,Total,,27,mg/l,True,0.5,,,200.7(W),UHL001,Actual,SW,Water,,,Lee,07080107,River/Stream,,40.75340048,-91.2755898
6,10560002,Skunk River near Augusta,11/04/2019 08:30:00,AMBIENT,7440-09-7,Potassium,Total,,2,mg/l,True,1,,,200.7(W),UHL001,Actual,SW,Water,,,Lee,07080107,River/Stream,,40.75340048,-91.2755898
6,10560002,Skunk River near Augusta,11/04/2019 08:30:00,AMBIENT,7440-23-5,Sodium,Total,,10,mg/l,True,0.5,,,200.7(W),UHL001,Actual,SW,Water,,,Lee,07080107,River/Stream,,40.75340048,-91.2755898
6,10560002,Skunk River near Augusta,11/04/2019 08:30:00,AMBIENT,7440-70-2,Calcium,Total,,85,mg/l,True,1,,,200.7(W),UHL001,Actual,SW,Water,,,Lee,07080107,River/Stream,,40.75340048,-91.2755898
6,10560002,Skunk River near Augusta,11/04/2019 08:30:00,AMBIENT,7429-90-5,Aluminum,Total,,0.58,mg/l,True,0.05,,,200.8(W),UHL001,Actual,SW,Water,,,Lee,07080107,River/Stream,,40.75340048,-91.2755898
6,10560002,Skunk River near Augusta,11/04/2019 08:30:00,AMBIENT,ALK-TOT,"Alkalinity, total",Total,,280,mg/l,True,1,,,2320-B,UHL001,Actual,SW,Water,,,Lee,07080107,River/Stream,,40.75340048,-91.2755898
6,10560002,Skunk River near Augusta,11/04/2019 08:30:00,AMBIENT,HARD-CARB,"Hardness, carbonate",Total,,340,mg/l,True,1,,,2340C,UHL001,Actual,SW,Water,,,Lee,07080107,River/Stream,,40.75340048,-91.2755898
6,10560002,Skunk River near Augusta,11/04/2019 08:30:00,AMBIENT,TDS,Total dissolved solids,Dissolved,,400,mg/l,True,1,,,2540-C,UHL001,Actual,SW,Water,,,Lee,07080107,River/Stream,,40.75340048,-91.2755898
6,10560002,Skunk River near Augusta,11/04/2019 08:30:00,AMBIENT,14808-79-8,Sulfate (AS SO4),Total,,27,mg/l,True,0.2,,,300.0,UHL001,Actual,SW,Water,,,Lee,07080107,River/Stream,,40.75340048,-91.2755898
6,10560002,Skunk River near Augusta,11/04/2019 08:30:00,AMBIENT,16887-00-6,Chloride,Total,,18,mg/l,True,0.2,,,300.0,UHL001,Actual,SW,Water,,,Lee,07080107,River/Stream,,40.75340048,-91.2755898
6,10560002,Skunk River near Augusta,11/04/2019 08:30:00,AMBIENT,CLR-A-FREE,"Chlorophyll a, free of pheophytin",NonFilt,,20,ug/l,True,1,,,445,UHL001,Actual,SW,Water,,,Lee,07080107,River/Stream,,40.75340048,-91.2755898
6,10560002,Skunk River near Augusta,11/04/2019 08:30:00,AMBIENT,CBOD-SC,"Carbonaceous biochemical oxygen demand, standard conditions",Total,,2,mg/l,False,2,,,5210-B,UHL001,Actual,SW,Water,,,Lee,07080107,River/Stream,,40.75340048,-91.2755898
6,10560002,Skunk River near Augusta,11/04/2019 08:30:00,AMBIENT,ORG-CARB,Organic Carbon,Dissolved,,2.9,mg/l,True,0.5,,,5310-B,UHL001,Actual,SW,Water,,,Lee,07080107,River/Stream,,40.75340048,-91.2755898
6,10560002,Skunk River near Augusta,11/04/2019 08:30:00,AMBIENT,1007-28-9,2-Choro-6-ethylamino-4-amino-s-triazine,Total,,0.1,ug/l,False,0.1,,,8270B(W),UHL001,Actual,SW,Water,,,Lee,07080107,River/Stream,,40.75340048,-91.2755898
6,10560002,Skunk River near Augusta,11/04/2019 08:30:00,AMBIENT,122-34-9,Simazine,Total,,0.1,ug/l,False,0.1,,,8270B(W),UHL001,Actual,SW,Water,,,Lee,07080107,River/Stream,,40.75340048,-91.2755898
6,10560002,Skunk River near Augusta,11/04/2019 08:30:00,AMBIENT,139-40-2,Propazine,Total,,0.1,ug/l,False,0.1,,,8270B(W),UHL001,Actual,SW,Water,,,Lee,07080107,River/Stream,,40.75340048,-91.2755898
6,10560002,Skunk River near Augusta,11/04/2019 08:30:00,AMBIENT,1582-09-8,Trifluralin,Total,,0.1,ug/l,False,0.1,,,8270B(W),UHL001,Actual,SW,Water,,,Lee,07080107,River/Stream,,40.75340048,-91.2755898
6,10560002,Skunk River near Augusta,11/04/2019 08:30:00,AMBIENT,15972-60-8,Alachlor,Total,,0.1,ug/l,False,0.1,,,8270B(W),UHL001,Actual,SW,Water,,,Lee,07080107,River/Stream,,40.75340048,-91.2755898
6,10560002,Skunk River near Augusta,11/04/2019 08:30:00,AMBIENT,1610-18-0,Prometon,Total,,0.1,ug/l,False,0.1,,,8270B(W),UHL001,Actual,SW,Water,,,Lee,07080107,River/Stream,,40.75340048,-91.2755898
6,10560002,Skunk River near Augusta,11/04/2019 08:30:00,AMBIENT,1912-24-9,Atrazine,Total,,0.1,ug/l,False,0.1,,,8270B(W),UHL001,Actual,SW,Water,,,Lee,07080107,River/Stream,,40.75340048,-91.2755898
6,10560002,Skunk River near Augusta,11/04/2019 08:30:00,AMBIENT,1918-16-7,Propachlor,Total,,0.1,ug/l,False,0.1,,,8270B(W),UHL001,Actual,SW,Water,,,Lee,07080107,River/Stream,,40.75340048,-91.2755898
6,10560002,Skunk River near Augusta,11/04/2019 08:30:00,AMBIENT,2008-41-5,Butylate,Total,,0.1,ug/l,False,0.1,,,8270B(W),UHL001,Actual,SW,Water,,,Lee,07080107,River/Stream,,40.75340048,-91.2755898
6,10560002,Skunk River near Augusta,11/04/2019 08:30:00,AMBIENT,21087-64-9,Metribuzin,Total,,0.1,ug/l,False,0.1,,,8270B(W),UHL001,Actual,SW,Water,,,Lee,07080107,River/Stream,,40.75340048,-91.2755898
6,10560002,Skunk River near Augusta,11/04/2019 08:30:00,AMBIENT,21725-46-2,Cyanazine,Total,,0.1,ug/l,False,0.1,,,8270B(W),UHL001,Actual,SW,Water,,,Lee,07080107,River/Stream,,40.75340048,-91.2755898
6,10560002,Skunk River near Augusta,11/04/2019 08:30:00,AMBIENT,23184-66-9,Butachlor,Total,,0.1,ug/l,False,0.1,,,8270B(W),UHL001,Actual,SW,Water,,,Lee,07080107,River/Stream,,40.75340048,-91.2755898
6,10560002,Skunk River near Augusta,11/04/2019 08:30:00,AMBIENT,34256-82-1,Acetochlor,Total,,0.1,ug/l,False,0.1,,,8270B(W),UHL001,Actual,SW,Water,,,Lee,07080107,River/Stream,,40.75340048,-91.2755898
6,10560002,Skunk River near Augusta,11/04/2019 08:30:00,AMBIENT,51218-45-2,Metolachlor,Total,,0.1,ug/l,False,0.1,,,8270B(W),UHL001,Actual,SW,Water,,,Lee,07080107,River/Stream,,40.75340048,-91.2755898
6,10560002,Skunk River near Augusta,11/04/2019 08:30:00,AMBIENT,6190-65-4,2-Chloro-4-isopropylamino-6-amino-s-triazine,Total,,0.1,ug/l,False,0.1,,,8270B(W),UHL001,Actual,SW,Water,,,Lee,07080107,River/Stream,,40.75340048,-91.2755898
6,10560002,Skunk River near Augusta,11/04/2019 08:30:00,AMBIENT,759-94-4,S-Ethyl dipropylthiocarbamate,Total,,0.1,ug/l,False,0.1,,,8270B(W),UHL001,Actual,SW,Water,,,Lee,07080107,River/Stream,,40.75340048,-91.2755898
6,10560002,Skunk River near Augusta,11/04/2019 08:30:00,AMBIENT,834-12-8,Ametryn,Total,,0.1,ug/l,False,0.1,,,8270B(W),UHL001,Actual,SW,Water,,,Lee,07080107,River/Stream,,40.75340048,-91.2755898
6,10560002,Skunk River near Augusta,11/04/2019 08:30:00,AMBIENT,87674-68-8,Dimethenamid,Total,,0.1,ug/l,False,0.1,,,8270B(W),UHL001,Actual,SW,Water,,,Lee,07080107,River/Stream,,40.75340048,-91.2755898
6,10560002,Skunk River near Augusta,11/04/2019 08:30:00,AMBIENT,68583-22-2,Escherichia coli,Total,,74,MPN/100ml,True,10,,,9223-B,UHL001,Actual,SW,Water,,,Lee,07080107,River/Stream,,40.75340048,-91.2755898
6,10560002,Skunk River near Augusta,11/04/2019 08:30:00,AMBIENT,TSS,Total suspended solids,NonFilt,,34,mg/l,True,1,,,I3765,UHL001,Actual,SW,Water,,,Lee,07080107,River/Stream,,40.75340048,-91.2755898
6,10560002,Skunk River near Augusta,11/04/2019 08:30:00,AMBIENT,NIT-KJELD,Kjeldahl nitrogen (AS N),Total,,0.59,mg/l,True,0.1,,,LAC 10-107-06-2M,UHL001,Actual,SW,Water,,,Lee,07080107,River/Stream,,40.75340048,-91.2755898
6,10560002,Skunk River near Augusta,11/04/2019 08:30:00,AMBIENT,PHOSP-PHOSP,Phosphate-phosphorus (AS P),Total,,0.24,mg/l,True,0.1,,,LAC 10-115-01-2B,UHL001,Actual,SW,Water,,,Lee,07080107,River/Stream,,40.75340048,-91.2755898
6,10560002,Skunk River near Augusta,11/04/2019 08:30:00,AMBIENT,NIT-NO3-NO2,Inorganic nitrogen (nitrate and nitrite) (AS N),Total,,4.8,mg/l,True,0.1,,,LAC10-107-04-1J,UHL001,Actual,SW,Water,,,Lee,07080107,River/Stream,,40.75340048,-91.2755898
6,10560002,Skunk River near Augusta,11/04/2019 08:30:00,AMBIENT,NIT-AMM,Ammonia-nitrogen (AS N),Total,,0.05,mg/l,False,0.05,,,LAC10-107-06-1J,UHL001,Actual,SW,Water,,,Lee,07080107,River/Stream,,40.75340048,-91.2755898
6,10560002,Skunk River near Augusta,11/04/2019 08:30:00,AMBIENT,14265-44-2,Orthophosphate (AS P),Dissolved,,0.12,mg/l,True,0.02,,,LAC10-115-01-1A,UHL001,Actual,SW,Water,,,Lee,07080107,River/Stream,,40.75340048,-91.2755898
6,10560002,Skunk River near Augusta,11/04/2019 08:30:00,AMBIENT,103-90-2,Acetaminophen,Total,,0.01,ug/l,False,0.010,,,SOP UHL-H-020,UHL001,Actual,SW,Water,,,Lee,07080107,River/Stream,,40.75340048,-91.2755898
6,10560002,Skunk River near Augusta,11/04/2019 08:30:00,AMBIENT,122-11-2,Sulfadimethoxine,Total,,0.01,ug/l,False,0.010,,,SOP UHL-H-020,UHL001,Actual,SW,Water,,,Lee,07080107,River/Stream,,40.75340048,-91.2755898
6,10560002,Skunk River near Augusta,11/04/2019 08:30:00,AMBIENT,15307-86-5,Diclofenac,Total,,0.1,ug/l,False,0.10,,,SOP UHL-H-020,UHL001,Actual,SW,Water,,,Lee,07080107,River/Stream,,40.75340048,-91.2755898
6,10560002,Skunk River near Augusta,11/04/2019 08:30:00,AMBIENT,154-21-2,Lincomycin,Total,,0.01,ug/l,False,0.010,,,SOP UHL-H-020,UHL001,Actual,SW,Water,,,Lee,07080107,River/Stream,,40.75340048,-91.2755898
6,10560002,Skunk River near Augusta,11/04/2019 08:30:00,AMBIENT,15687-27-1,"Benzeneacetic acid, .alpha.-methyl-4-(2-methylpropyl)-",Total,,0.01,ug/l,False,0.010,,,SOP UHL-H-020,UHL001,Actual,SW,Water,,,Lee,07080107,River/Stream,,40.75340048,-91.2755898
6,10560002,Skunk River near Augusta,11/04/2019 08:30:00,AMBIENT,298-46-4,Carbamazepine,Total,,0.01,ug/l,False,0.010,,,SOP UHL-H-020,UHL001,Actual,SW,Water,,,Lee,07080107,River/Stream,,40.75340048,-91.2755898
6,10560002,Skunk River near Augusta,11/04/2019 08:30:00,AMBIENT,486-56-6,Cotinine,Total,,0.01,ug/l,False,0.010,,,SOP UHL-H-020,UHL001,Actual,SW,Water,,,Lee,07080107,River/Stream,,40.75340048,-91.2755898
6,10560002,Skunk River near Augusta,11/04/2019 08:30:00,AMBIENT,51384-51-1,Metoprolol,Total,,0.01,ug/l,False,0.010,,,SOP UHL-H-020,UHL001,Actual,SW,Water,,,Lee,07080107,River/Stream,,40.75340048,-91.2755898
6,10560002,Skunk River near Augusta,11/04/2019 08:30:00,AMBIENT,57-68-1,Sulfamethazine,Total,,0.01,ug/l,False,0.010,,,SOP UHL-H-020,UHL001,Actual,SW,Water,,,Lee,07080107,River/Stream,,40.75340048,-91.2755898
6,10560002,Skunk River near Augusta,11/04/2019 08:30:00,AMBIENT,72-14-0,Sulfathiazole,Total,,0.01,ug/l,False,0.010,,,SOP UHL-H-020,UHL001,Actual,SW,Water,,,Lee,07080107,River/Stream,,40.75340048,-91.2755898
6,10560002,Skunk River near Augusta,11/04/2019 08:30:00,AMBIENT,723-46-6,Sulfamethoxazole,Total,,0.1,ug/l,False,0.10,,,SOP UHL-H-020,UHL001,Actual,SW,Water,,,Lee,07080107,River/Stream,,40.75340048,-91.2755898
6,10560002,Skunk River near Augusta,11/04/2019 08:30:00,AMBIENT,738-70-5,Trimethoprim,Total,,0.025,ug/l,False,0.025,,,SOP UHL-H-020,UHL001,Actual,SW,Water,,,Lee,07080107,River/Stream,,40.75340048,-91.2755898
6,10560002,Skunk River near Augusta,01/08/2020 11:25:00,AMBIENT,TURB,Turbidity,None,,17,NTU,True,,,,2130-B,,Actual,SW,Water,,,Lee,07080107,River/Stream,,40.75340048,-91.2755898
6,10560002,Skunk River near Augusta,01/08/2020 11:25:00,AMBIENT,TEMP-WATER,"Temperature, water",Total,,0.6,deg C,True,,,,2550,,Actual,SW,Water,,,Lee,07080107,River/Stream,,40.75340048,-91.2755898
6,10560002,Skunk River near Augusta,01/08/2020 11:25:00,AMBIENT,PH,pH,Total,,8.5,None,True,,,,4500-H,,Actual,SW,Water,,,Lee,07080107,River/Stream,,40.75340048,-91.2755898
6,10560002,Skunk River near Augusta,01/08/2020 11:25:00,AMBIENT,7782-44-7,Dissolved oxygen (DO),Total,,13.7,mg/l,True,,,,D888(C),,Actual,SW,Water,,,Lee,07080107,River/Stream,,40.75340048,-91.2755898
6,10560002,Skunk River near Augusta,01/08/2020 11:25:00,AMBIENT,TVSS,Volatile Suspended Solids,NonFilt,,6,mg/l,True,1,,,160.4,UHL001,Actual,SW,Water,,,Lee,07080107,River/Stream,,40.75340048,-91.2755898
6,10560002,Skunk River near Augusta,01/08/2020 11:25:00,AMBIENT,ALK-TOT,"Alkalinity, total",Total,,260,mg/l,True,1,,,2320-B,UHL001,Actual,SW,Water,,,Lee,07080107,River/Stream,,40.75340048,-91.2755898
6,10560002,Skunk River near Augusta,01/08/2020 11:25:00,AMBIENT,HARD-CARB,"Hardness, carbonate",Total,,320,mg/l,True,1,,,2340C,UHL001,Actual,SW,Water,,,Lee,07080107,River/Stream,,40.75340048,-91.2755898
6,10560002,Skunk River near Augusta,01/08/2020 11:25:00,AMBIENT,TDS,Total dissolved solids,Dissolved,,400,mg/l,True,1,,,2540-C,UHL001,Actual,SW,Water,,,Lee,07080107,River/Stream,,40.75340048,-91.2755898
6,10560002,Skunk River near Augusta,01/08/2020 11:25:00,AMBIENT,14808-79-8,Sulfate (AS SO4),Total,,29,mg/l,True,0.2,,,300.0,UHL001,Actual,SW,Water,,,Lee,07080107,River/Stream,,40.75340048,-91.2755898
6,10560002,Skunk River near Augusta,01/08/2020 11:25:00,AMBIENT,16887-00-6,Chloride,Total,,22,mg/l,True,0.2,,,300.0,UHL001,Actual,SW,Water,,,Lee,07080107,River/Stream,,40.75340048,-91.2755898
6,10560002,Skunk River near Augusta,01/08/2020 11:25:00,AMBIENT,CLR-A-FREE,"Chlorophyll a, free of pheophytin",NonFilt,,4,ug/l,True,1,,,445,UHL001,Actual,SW,Water,,,Lee,07080107,River/Stream,,40.75340048,-91.2755898
6,10560002,Skunk River near Augusta,01/08/2020 11:25:00,AMBIENT,CBOD-SC,"Carbonaceous biochemical oxygen demand, standard conditions",Total,,2,mg/l,False,2,,,5210-B,UHL001,Actual,SW,Water,,,Lee,07080107,River/Stream,,40.75340048,-91.2755898
6,10560002,Skunk River near Augusta,01/08/2020 11:25:00,AMBIENT,ORG-CARB,Organic Carbon,Dissolved,,2.2,mg/l,True,0.5,,,5310-B,UHL001,Actual,SW,Water,,,Lee,07080107,River/Stream,,40.75340048,-91.2755898
6,10560002,Skunk River near Augusta,01/08/2020 11:25:00,AMBIENT,1007-28-9,2-Choro-6-ethylamino-4-amino-s-triazine,Total,,0.1,ug/l,False,0.1,,,8270B(W),UHL001,Actual,SW,Water,,,Lee,07080107,River/Stream,,40.75340048,-91.2755898
6,10560002,Skunk River near Augusta,01/08/2020 11:25:00,AMBIENT,122-34-9,Simazine,Total,,0.1,ug/l,False,0.1,,,8270B(W),UHL001,Actual,SW,Water,,,Lee,07080107,River/Stream,,40.75340048,-91.2755898
6,10560002,Skunk River near Augusta,01/08/2020 11:25:00,AMBIENT,139-40-2,Propazine,Total,,0.1,ug/l,False,0.1,,,8270B(W),UHL001,Actual,SW,Water,,,Lee,07080107,River/Stream,,40.75340048,-91.2755898
6,10560002,Skunk River near Augusta,01/08/2020 11:25:00,AMBIENT,1582-09-8,Trifluralin,Total,,0.1,ug/l,False,0.1,,,8270B(W),UHL001,Actual,SW,Water,,,Lee,07080107,River/Stream,,40.75340048,-91.2755898
6,10560002,Skunk River near Augusta,01/08/2020 11:25:00,AMBIENT,15972-60-8,Alachlor,Total,,0.1,ug/l,False,0.1,,,8270B(W),UHL001,Actual,SW,Water,,,Lee,07080107,River/Stream,,40.75340048,-91.2755898
6,10560002,Skunk River near Augusta,01/08/2020 11:25:00,AMBIENT,1610-18-0,Prometon,Total,,0.1,ug/l,False,0.1,,,8270B(W),UHL001,Actual,SW,Water,,,Lee,07080107,River/Stream,,40.75340048,-91.2755898
6,10560002,Skunk River near Augusta,01/08/2020 11:25:00,AMBIENT,1912-24-9,Atrazine,Total,,0.1,ug/l,False,0.1,,,8270B(W),UHL001,Actual,SW,Water,,,Lee,07080107,River/Stream,,40.75340048,-91.2755898
6,10560002,Skunk River near Augusta,01/08/2020 11:25:00,AMBIENT,1918-16-7,Propachlor,Total,,0.1,ug/l,False,0.1,,,8270B(W),UHL001,Actual,SW,Water,,,Lee,07080107,River/Stream,,40.75340048,-91.2755898
6,10560002,Skunk River near Augusta,01/08/2020 11:25:00,AMBIENT,2008-41-5,Butylate,Total,,0.1,ug/l,False,0.1,,,8270B(W),UHL001,Actual,SW,Water,,,Lee,07080107,River/Stream,,40.75340048,-91.2755898
6,10560002,Skunk River near Augusta,01/08/2020 11:25:00,AMBIENT,21087-64-9,Metribuzin,Total,,0.1,ug/l,False,0.1,,,8270B(W),UHL001,Actual,SW,Water,,,Lee,07080107,River/Stream,,40.75340048,-91.2755898
6,10560002,Skunk River near Augusta,01/08/2020 11:25:00,AMBIENT,21725-46-2,Cyanazine,Total,,0.1,ug/l,False,0.1,,,8270B(W),UHL001,Actual,SW,Water,,,Lee,07080107,River/Stream,,40.75340048,-91.2755898
6,10560002,Skunk River near Augusta,01/08/2020 11:25:00,AMBIENT,23184-66-9,Butachlor,Total,,0.1,ug/l,False,0.1,,,8270B(W),UHL001,Actual,SW,Water,,,Lee,07080107,River/Stream,,40.75340048,-91.2755898
6,10560002,Skunk River near Augusta,01/08/2020 11:25:00,AMBIENT,34256-82-1,Acetochlor,Total,,0.1,ug/l,False,0.1,,,8270B(W),UHL001,Actual,SW,Water,,,Lee,07080107,River/Stream,,40.75340048,-91.2755898
6,10560002,Skunk River near Augusta,01/08/2020 11:25:00,AMBIENT,51218-45-2,Metolachlor,Total,,0.1,ug/l,False,0.1,,,8270B(W),UHL001,Actual,SW,Water,,,Lee,07080107,River/Stream,,40.75340048,-91.2755898
6,10560002,Skunk River near Augusta,01/08/2020 11:25:00,AMBIENT,6190-65-4,2-Chloro-4-isopropylamino-6-amino-s-triazine,Total,,0.1,ug/l,False,0.1,,,8270B(W),UHL001,Actual,SW,Water,,,Lee,07080107,River/Stream,,40.75340048,-91.2755898
6,10560002,Skunk River near Augusta,01/08/2020 11:25:00,AMBIENT,759-94-4,S-Ethyl dipropylthiocarbamate,Total,,0.1,ug/l,False,0.1,,,8270B(W),UHL001,Actual,SW,Water,,,Lee,07080107,River/Stream,,40.75340048,-91.2755898
6,10560002,Skunk River near Augusta,01/08/2020 11:25:00,AMBIENT,834-12-8,Ametryn,Total,,0.1,ug/l,False,0.1,,,8270B(W),UHL001,Actual,SW,Water,,,Lee,07080107,River/Stream,,40.75340048,-91.2755898
6,10560002,Skunk River near Augusta,01/08/2020 11:25:00,AMBIENT,87674-68-8,Dimethenamid,Total,,0.1,ug/l,False,0.1,,,8270B(W),UHL001,Actual,SW,Water,,,Lee,07080107,River/Stream,,40.75340048,-91.2755898
6,10560002,Skunk River near Augusta,01/08/2020 11:25:00,AMBIENT,68583-22-2,Escherichia coli,Total,,110,MPN/100ml,True,10,,,9223-B,UHL001,Actual,SW,Water,,,Lee,07080107,River/Stream,,40.75340048,-91.2755898
6,10560002,Skunk River near Augusta,01/08/2020 11:25:00,AMBIENT,TSS,Total suspended solids,NonFilt,,33,mg/l,True,1,,,I3765,UHL001,Actual,SW,Water,,,Lee,07080107,River/Stream,,40.75340048,-91.2755898
6,10560002,Skunk River near Augusta,01/08/2020 11:25:00,AMBIENT,NIT-KJELD,Kjeldahl nitrogen (AS N),Total,,0.45,mg/l,True,0.1,,,LAC 10-107-06-2M,UHL001,Actual,SW,Water,,,Lee,07080107,River/Stream,,40.75340048,-91.2755898
6,10560002,Skunk River near Augusta,01/08/2020 11:25:00,AMBIENT,PHOSP-PHOSP,Phosphate-phosphorus (AS P),Total,,0.16,mg/l,True,0.1,,,LAC 10-115-01-2B,UHL001,Actual,SW,Water,,,Lee,07080107,River/Stream,,40.75340048,-91.2755898
6,10560002,Skunk River near Augusta,01/08/2020 11:25:00,AMBIENT,NIT-NO3-NO2,Inorganic nitrogen (nitrate and nitrite) (AS N),Total,,5.5,mg/l,True,0.1,,,LAC10-107-04-1J,UHL001,Actual,SW,Water,,,Lee,07080107,River/Stream,,40.75340048,-91.2755898
6,10560002,Skunk River near Augusta,01/08/2020 11:25:00,AMBIENT,NIT-AMM,Ammonia-nitrogen (AS N),Total,,0.05,mg/l,False,0.05,,,LAC10-107-06-1J,UHL001,Actual,SW,Water,,,Lee,07080107,River/Stream,,40.75340048,-91.2755898
6,10560002,Skunk River near Augusta,01/08/2020 11:25:00,AMBIENT,14265-44-2,Orthophosphate (AS P),Dissolved,,0.1,mg/l,True,0.02,,,LAC10-115-01-1A,UHL001,Actual,SW,Water,,,Lee,07080107,River/Stream,,40.75340048,-91.2755898
6,10560002,Skunk River near Augusta,02/05/2020 08:55:00,AMBIENT,TURB,Turbidity,None,,65,NTU,True,,,,2130-B,,Actual,SW,Water,,,Lee,07080107,River/Stream,,40.75340048,-91.2755898
6,10560002,Skunk River near Augusta,02/05/2020 08:55:00,AMBIENT,TEMP-WATER,"Temperature, water",Total,,0.2,deg C,True,,,,2550,,Actual,SW,Water,,,Lee,07080107,River/Stream,,40.75340048,-91.2755898
6,10560002,Skunk River near Augusta,02/05/2020 08:55:00,AMBIENT,PH,pH,Total,,8,None,True,,,,4500-H,,Actual,SW,Water,,,Lee,07080107,River/Stream,,40.75340048,-91.2755898
6,10560002,Skunk River near Augusta,02/05/2020 08:55:00,AMBIENT,7782-44-7,Dissolved oxygen (DO),Total,,13.2,mg/l,True,,,,D888(C),,Actual,SW,Water,,,Lee,07080107,River/Stream,,40.75340048,-91.2755898
6,10560002,Skunk River near Augusta,02/05/2020 08:55:00,AMBIENT,TVSS,Volatile Suspended Solids,NonFilt,,16,mg/l,True,1,,,160.4,UHL001,Actual,SW,Water,,,Lee,07080107,River/Stream,,40.75340048,-91.2755898
6,10560002,Skunk River near Augusta,02/05/2020 08:55:00,AMBIENT,HARD-CARB,"Hardness, carbonate",Total,,220,mg/l,True,1,,,2340C,UHL001,Actual,SW,Water,,,Lee,07080107,River/Stream,,40.75340048,-91.2755898
6,10560002,Skunk River near Augusta,02/05/2020 08:55:00,AMBIENT,TDS,Total dissolved solids,Dissolved,,300,mg/l,True,1,,,2540-C,UHL001,Actual,SW,Water,,,Lee,07080107,River/Stream,,40.75340048,-91.2755898
6,10560002,Skunk River near Augusta,02/05/2020 08:55:00,AMBIENT,14808-79-8,Sulfate (AS SO4),Total,,29,mg/l,True,0.2,,,300.0,UHL001,Actual,SW,Water,,,Lee,07080107,River/Stream,,40.75340048,-91.2755898
6,10560002,Skunk River near Augusta,02/05/2020 08:55:00,AMBIENT,16887-00-6,Chloride,Total,,26,mg/l,True,0.2,,,300.0,UHL001,Actual,SW,Water,,,Lee,07080107,River/Stream,,40.75340048,-91.2755898
6,10560002,Skunk River near Augusta,02/05/2020 08:55:00,AMBIENT,CLR-A-FREE,"Chlorophyll a, free of pheophytin",NonFilt,,8,ug/l,True,1,,,445,UHL001,Actual,SW,Water,,,Lee,07080107,River/Stream,,40.75340048,-91.2755898
6,10560002,Skunk River near Augusta,02/05/2020 08:55:00,AMBIENT,CBOD-SC,"Carbonaceous biochemical oxygen demand, standard conditions",Total,,3,mg/l,True,2,,,5210-B,UHL001,Actual,SW,Water,,,Lee,07080107,River/Stream,,40.75340048,-91.2755898
6,10560002,Skunk River near Augusta,02/05/2020 08:55:00,AMBIENT,68583-22-2,Escherichia coli,Total,,1500,MPN/100ml,True,10,,,9223-B,UHL001,Actual,SW,Water,,,Lee,07080107,River/Stream,,40.75340048,-91.2755898
6,10560002,Skunk River near Augusta,02/05/2020 08:55:00,AMBIENT,TSS,Total suspended solids,NonFilt,,120,mg/l,True,1,,,I3765,UHL001,Actual,SW,Water,,,Lee,07080107,River/Stream,,40.75340048,-91.2755898
6,10560002,Skunk River near Augusta,02/05/2020 08:55:00,AMBIENT,NIT-KJELD,Kjeldahl nitrogen (AS N),Total,,1.4,mg/l,True,0.1,,,LAC 10-107-06-2M,UHL001,Actual,SW,Water,,,Lee,07080107,River/Stream,,40.75340048,-91.2755898
6,10560002,Skunk River near Augusta,02/05/2020 08:55:00,AMBIENT,PHOSP-PHOSP,Phosphate-phosphorus (AS P),Total,,0.33,mg/l,True,0.1,,,LAC 10-115-01-2B,UHL001,Actual,SW,Water,,,Lee,07080107,River/Stream,,40.75340048,-91.2755898
6,10560002,Skunk River near Augusta,02/05/2020 08:55:00,AMBIENT,NIT-NO3-NO2,Inorganic nitrogen (nitrate and nitrite) (AS N),Total,,3,mg/l,True,0.1,,,LAC10-107-04-1J,UHL001,Actual,SW,Water,,,Lee,07080107,River/Stream,,40.75340048,-91.2755898
6,10560002,Skunk River near Augusta,02/05/2020 08:55:00,AMBIENT,NIT-AMM,Ammonia-nitrogen (AS N),Total,,0.17,mg/l,True,0.05,,,LAC10-107-06-1J,UHL001,Actual,SW,Water,,,Lee,07080107,River/Stream,,40.75340048,-91.2755898
6,10560002,Skunk River near Augusta,02/05/2020 08:55:00,AMBIENT,14265-44-2,Orthophosphate (AS P),Dissolved,,0.14,mg/l,True,0.02,,,LAC10-115-01-1A,UHL001,Actual,SW,Water,,,Lee,07080107,River/Stream,,40.75340048,-91.2755898
6,10560002,Skunk River near Augusta,01/08/2020 11:35:00,AMBIENT,7439-92-1,Lead,Dissolved,,0.1,ug/l,True,0.05,,,200.8(W),UHL001,Actual,SW,Water,,,Lee,07080107,River/Stream,,40.75340048,-91.2755898
6,10560002,Skunk River near Augusta,01/08/2020 11:35:00,AMBIENT,7440-02-0,Nickel,Dissolved,,2.7,ug/l,True,0.05,,,200.8(W),UHL001,Actual,SW,Water,B,Blank detect 0.08,Lee,07080107,River/Stream,,40.75340048,-91.2755898
6,10560002,Skunk River near Augusta,01/08/2020 11:35:00,AMBIENT,7440-38-2,Arsenic,Dissolved,,1.2,ug/l,True,0.05,,,200.8(W),UHL001,Actual,SW,Water,,,Lee,07080107,River/Stream,,40.75340048,-91.2755898
6,10560002,Skunk River near Augusta,01/08/2020 11:35:00,AMBIENT,7440-43-9,Cadmium,Dissolved,,0.05,ug/l,False,0.05,,,200.8(W),UHL001,Actual,SW,Water,,,Lee,07080107,River/Stream,,40.75340048,-91.2755898
6,10560002,Skunk River near Augusta,01/08/2020 11:35:00,AMBIENT,7440-47-3,Chromium,Dissolved,,0.68,ug/l,True,0.05,,,200.8(W),UHL001,Actual,SW,Water,,,Lee,07080107,River/Stream,,40.75340048,-91.2755898
6,10560002,Skunk River near Augusta,01/08/2020 11:35:00,AMBIENT,7440-66-6,Zinc,Dissolved,,2.4,ug/l,True,0.05,,,200.8(W),UHL001,Actual,SW,Water,B,Blank detect 0.34,Lee,07080107,River/Stream,,40.75340048,-91.2755898
6,10560002,Skunk River near Augusta,01/08/2020 11:35:00,AMBIENT,7782-49-2,Selenium,Dissolved,,1.1,ug/l,True,0.5,,,200.8(W),UHL001,Actual,SW,Water,,,Lee,07080107,River/Stream,,40.75340048,-91.2755898
6,10560002,Skunk River near Augusta,01/08/2020 11:35:00,AMBIENT,7440-22-4,Silver,Dissolved,,0.05,ug/l,False,0.05,,,200.8(W),UHL001,Actual,SW,Water,,,Lee,07080107,River/Stream,,40.75340048,-91.2755898
6,10560002,Skunk River near Augusta,01/08/2020 11:35:00,AMBIENT,7440-50-8,Copper,Dissolved,,0.67,ug/l,True,0.05,,,200.8(W),UHL001,Actual,SW,Water,B,Blank detect 0.12,Lee,07080107,River/Stream,,40.75340048,-91.2755898
6,10560002,Skunk River near Augusta,01/08/2020 11:25:00,AMBIENT,7439-95-4,Magnesium,Total,,28,mg/l,True,0.5,,,200.7(W),UHL001,Actual,SW,Water,,,Lee,07080107,River/Stream,,40.75340048,-91.2755898
6,10560002,Skunk River near Augusta,01/08/2020 11:25:00,AMBIENT,7440-09-7,Potassium,Total,,2.1,mg/l,True,1,,,200.7(W),UHL001,Actual,SW,Water,,,Lee,07080107,River/Stream,,40.75340048,-91.2755898
6,10560002,Skunk River near Augusta,01/08/2020 11:25:00,AMBIENT,7440-23-5,Sodium,Total,,12,mg/l,True,0.5,,,200.7(W),UHL001,Actual,SW,Water,,,Lee,07080107,River/Stream,,40.75340048,-91.2755898
6,10560002,Skunk River near Augusta,01/08/2020 11:25:00,AMBIENT,7440-70-2,Calcium,Total,,88,mg/l,True,1,,,200.7(W),UHL001,Actual,SW,Water,,,Lee,07080107,River/Stream,,40.75340048,-91.2755898
6,10560002,Skunk River near Augusta,01/08/2020 11:25:00,AMBIENT,7429-90-5,Aluminum,Total,,0.65,mg/l,True,0.05,,,200.8(W),UHL001,Actual,SW,Water,,,Lee,07080107,River/Stream,,40.75340048,-91.2755898
6,10560002,Skunk River near Augusta,03/05/2020 09:50:00,AMBIENT,7439-92-1,Lead,Dissolved,,0.13,ug/l,True,0.05,,,200.8(W),UHL001,Actual,SW,Water,,,Lee,07080107,River/Stream,,40.75340048,-91.2755898
6,10560002,Skunk River near Augusta,03/05/2020 09:50:00,AMBIENT,7440-02-0,Nickel,Dissolved,,2.9,ug/l,True,0.05,,,200.8(W),UHL001,Actual,SW,Water,,,Lee,07080107,River/Stream,,40.75340048,-91.2755898
6,10560002,Skunk River near Augusta,03/05/2020 09:50:00,AMBIENT,7440-22-4,Silver,Dissolved,,0.05,ug/l,False,0.05,,,200.8(W),UHL001,Actual,SW,Water,,,Lee,07080107,River/Stream,,40.75340048,-91.2755898
6,10560002,Skunk River near Augusta,03/05/2020 09:50:00,AMBIENT,7440-38-2,Arsenic,Dissolved,,1.8,ug/l,True,0.05,,,200.8(W),UHL001,Actual,SW,Water,,,Lee,07080107,River/Stream,,40.75340048,-91.2755898
6,10560002,Skunk River near Augusta,03/05/2020 09:50:00,AMBIENT,7440-43-9,Cadmium,Dissolved,,0.05,ug/l,False,0.05,,,200.8(W),UHL001,Actual,SW,Water,,,Lee,07080107,River/Stream,,40.75340048,-91.2755898
6,10560002,Skunk River near Augusta,03/05/2020 09:50:00,AMBIENT,7440-47-3,Chromium,Dissolved,,0.61,ug/l,True,0.05,,,200.8(W),UHL001,Actual,SW,Water,,,Lee,07080107,River/Stream,,40.75340048,-91.2755898
6,10560002,Skunk River near Augusta,03/05/2020 09:50:00,AMBIENT,7440-50-8,Copper,Dissolved,,0.99,ug/l,True,0.05,,,200.8(W),UHL001,Actual,SW,Water,,,Lee,07080107,River/Stream,,40.75340048,-91.2755898
6,10560002,Skunk River near Augusta,03/05/2020 09:50:00,AMBIENT,7440-66-6,Zinc,Dissolved,,2.7,ug/l,True,0.05,,,200.8(W),UHL001,Actual,SW,Water,,,Lee,07080107,River/Stream,,40.75340048,-91.2755898
6,10560002,Skunk River near Augusta,03/05/2020 09:50:00,AMBIENT,7782-49-2,Selenium,Dissolved,,2,ug/l,True,0.5,,,200.8(W),UHL001,Actual,SW,Water,,,Lee,07080107,River/Stream,,40.75340048,-91.2755898
6,10560002,Skunk River near Augusta,03/05/2020 09:45:00,AMBIENT,103-90-2,Acetaminophen,Total,,0.01,ug/l,False,0.010,,,SOP UHL-H-020,UHL001,Actual,SW,Water,,,Lee,07080107,River/Stream,,40.75340048,-91.2755898
6,10560002,Skunk River near Augusta,03/05/2020 09:45:00,AMBIENT,122-11-2,Sulfadimethoxine,Total,,0.01,ug/l,False,0.010,,,SOP UHL-H-020,UHL001,Actual,SW,Water,,,Lee,07080107,River/Stream,,40.75340048,-91.2755898
6,10560002,Skunk River near Augusta,03/05/2020 09:45:00,AMBIENT,134-62-3,"N,N-Diethyl-m-toluamide",Total,,0.026,ug/l,True,0.025,,,SOP UHL-H-020,UHL001,Actual,SW,Water,,,Lee,07080107,River/Stream,,40.75340048,-91.2755898
6,10560002,Skunk River near Augusta,03/05/2020 09:45:00,AMBIENT,15307-86-5,Diclofenac,Total,,0.01,ug/l,False,0.010,,,SOP UHL-H-020,UHL001,Actual,SW,Water,,,Lee,07080107,River/Stream,,40.75340048,-91.2755898
6,10560002,Skunk River near Augusta,03/05/2020 09:45:00,AMBIENT,154-21-2,Lincomycin,Total,,0.01,ug/l,False,0.010,,,SOP UHL-H-020,UHL001,Actual,SW,Water,,,Lee,07080107,River/Stream,,40.75340048,-91.2755898
6,10560002,Skunk River near Augusta,03/05/2020 09:45:00,AMBIENT,15687-27-1,"Benzeneacetic acid, .alpha.-methyl-4-(2-methylpropyl)-",Total,,0.01,ug/l,False,0.010,,,SOP UHL-H-020,UHL001,Actual,SW,Water,,,Lee,07080107,River/Stream,,40.75340048,-91.2755898
6,10560002,Skunk River near Augusta,03/05/2020 09:45:00,AMBIENT,25812-30-0,Gemfibrozil,Total,,0.01,ug/l,False,0.010,,,SOP UHL-H-020,UHL001,Actual,SW,Water,,,Lee,07080107,River/Stream,,40.75340048,-91.2755898
6,10560002,Skunk River near Augusta,03/05/2020 09:45:00,AMBIENT,298-46-4,Carbamazepine,Total,,0.01,ug/l,False,0.010,,,SOP UHL-H-020,UHL001,Actual,SW,Water,,,Lee,07080107,River/Stream,,40.75340048,-91.2755898
6,10560002,Skunk River near Augusta,03/05/2020 09:45:00,AMBIENT,3380-34-5,Triclosan,Total,,0.025,ug/l,False,0.025,,,SOP UHL-H-020,UHL001,Actual,SW,Water,,,Lee,07080107,River/Stream,,40.75340048,-91.2755898
6,10560002,Skunk River near Augusta,03/05/2020 09:45:00,AMBIENT,486-56-6,Cotinine,Total,,0.01,ug/l,False,0.010,,,SOP UHL-H-020,UHL001,Actual,SW,Water,,,Lee,07080107,River/Stream,,40.75340048,-91.2755898
6,10560002,Skunk River near Augusta,03/05/2020 09:45:00,AMBIENT,51384-51-1,Metoprolol,Total,,0.01,ug/l,False,0.010,,,SOP UHL-H-020,UHL001,Actual,SW,Water,,,Lee,07080107,River/Stream,,40.75340048,-91.2755898
6,10560002,Skunk River near Augusta,03/05/2020 09:45:00,AMBIENT,57-68-1,Sulfamethazine,Total,,0.01,ug/l,False,0.010,,,SOP UHL-H-020,UHL001,Actual,SW,Water,,,Lee,07080107,River/Stream,,40.75340048,-91.2755898
6,10560002,Skunk River near Augusta,03/05/2020 09:45:00,AMBIENT,58-08-2,Caffeine,Total,,0.057,ug/l,True,0.025,,,SOP UHL-H-020,UHL001,Actual,SW,Water,,,Lee,07080107,River/Stream,,40.75340048,-91.2755898
6,10560002,Skunk River near Augusta,03/05/2020 09:45:00,AMBIENT,72-14-0,Sulfathiazole,Total,,0.01,ug/l,False,0.010,,,SOP UHL-H-020,UHL001,Actual,SW,Water,,,Lee,07080107,River/Stream,,40.75340048,-91.2755898
6,10560002,Skunk River near Augusta,03/05/2020 09:45:00,AMBIENT,723-46-6,Sulfamethoxazole,Total,,0.019,ug/l,True,0.010,,,SOP UHL-H-020,UHL001,Actual,SW,Water,,,Lee,07080107,River/Stream,,40.75340048,-91.2755898
6,10560002,Skunk River near Augusta,03/05/2020 09:45:00,AMBIENT,738-70-5,Trimethoprim,Total,,0.01,ug/l,False,0.010,,,SOP UHL-H-020,UHL001,Actual,SW,Water,,,Lee,07080107,River/Stream,,40.75340048,-91.2755898
6,10560002,Skunk River near Augusta,03/05/2020 09:45:00,AMBIENT,TURB,Turbidity,None,,30,NTU,True,,,,2130-B,,Actual,SW,Water,,,Lee,07080107,River/Stream,,40.75340048,-91.2755898
6,10560002,Skunk River near Augusta,03/05/2020 09:45:00,AMBIENT,TEMP-WATER,"Temperature, water",Total,,6.3,deg C,True,,,,2550,,Actual,SW,Water,,,Lee,07080107,River/Stream,,40.75340048,-91.2755898
6,10560002,Skunk River near Augusta,03/05/2020 09:45:00,AMBIENT,PH,pH,Total,,8.3,None,True,,,,4500-H,,Actual,SW,Water,,,Lee,07080107,River/Stream,,40.75340048,-91.2755898
6,10560002,Skunk River near Augusta,03/05/2020 09:45:00,AMBIENT,7782-44-7,Dissolved oxygen (DO),Total,,12.1,mg/l,True,,,,D888(C),,Actual,SW,Water,,,Lee,07080107,River/Stream,,40.75340048,-91.2755898
6,10560002,Skunk River near Augusta,03/05/2020 09:45:00,AMBIENT,TVSS,Volatile Suspended Solids,NonFilt,,8,mg/l,True,1,,,160.4,UHL001,Actual,SW,Water,,,Lee,07080107,River/Stream,,40.75340048,-91.2755898
6,10560002,Skunk River near Augusta,03/05/2020 09:45:00,AMBIENT,7439-95-4,Magnesium,Total,,25,mg/l,True,0.5,,,200.7(W),UHL001,Actual,SW,Water,,,Lee,07080107,River/Stream,,40.75340048,-91.2755898
6,10560002,Skunk River near Augusta,03/05/2020 09:45:00,AMBIENT,7440-09-7,Potassium,Total,,3.3,mg/l,True,1,,,200.7(W),UHL001,Actual,SW,Water,,,Lee,07080107,River/Stream,,40.75340048,-91.2755898
6,10560002,Skunk River near Augusta,03/05/2020 09:45:00,AMBIENT,7440-23-5,Sodium,Total,,11,mg/l,True,0.5,,,200.7(W),UHL001,Actual,SW,Water,,,Lee,07080107,River/Stream,,40.75340048,-91.2755898
6,10560002,Skunk River near Augusta,03/05/2020 09:45:00,AMBIENT,7440-70-2,Calcium,Total,,76,mg/l,True,1,,,200.7(W),UHL001,Actual,SW,Water,,,Lee,07080107,River/Stream,,40.75340048,-91.2755898
6,10560002,Skunk River near Augusta,03/05/2020 09:45:00,AMBIENT,7429-90-5,Aluminum,Total,,1.2,mg/l,True,0.05,,,200.8(W),UHL001,Actual,SW,Water,,,Lee,07080107,River/Stream,,40.75340048,-91.2755898
6,10560002,Skunk River near Augusta,03/05/2020 09:45:00,AMBIENT,ALK-TOT,"Alkalinity, total",Total,,220,mg/l,True,1,,,2320-B,UHL001,Actual,SW,Water,,,Lee,07080107,River/Stream,,40.75340048,-91.2755898
6,10560002,Skunk River near Augusta,03/05/2020 09:45:00,AMBIENT,HARD-CARB,"Hardness, carbonate",Total,,280,mg/l,True,1,,,2340C,UHL001,Actual,SW,Water,,,Lee,07080107,River/Stream,,40.75340048,-91.2755898
6,10560002,Skunk River near Augusta,03/05/2020 09:45:00,AMBIENT,TDS,Total dissolved solids,Dissolved,,350,mg/l,True,1,,,2540-C,UHL001,Actual,SW,Water,,,Lee,07080107,River/Stream,,40.75340048,-91.2755898
6,10560002,Skunk River near Augusta,03/05/2020 09:45:00,AMBIENT,14808-79-8,Sulfate (AS SO4),Total,,28,mg/l,True,0.2,,,300.0,UHL001,Actual,SW,Water,,,Lee,07080107,River/Stream,,40.75340048,-91.2755898
6,10560002,Skunk River near Augusta,03/05/2020 09:45:00,AMBIENT,16887-00-6,Chloride,Total,,21,mg/l,True,0.1,,,300.0,UHL001,Actual,SW,Water,,,Lee,07080107,River/Stream,,40.75340048,-91.2755898
6,10560002,Skunk River near Augusta,03/05/2020 09:45:00,AMBIENT,CLR-A-FREE,"Chlorophyll a, free of pheophytin",NonFilt,,7,ug/l,True,1,,,445,UHL001,Actual,SW,Water,,,Lee,07080107,River/Stream,,40.75340048,-91.2755898
6,10560002,Skunk River near Augusta,03/05/2020 09:45:00,AMBIENT,CBOD-SC,"Carbonaceous biochemical oxygen demand, standard conditions",Total,,2,mg/l,False,2,,,5210-B,UHL001,Actual,SW,Water,,,Lee,07080107,River/Stream,,40.75340048,-91.2755898
6,10560002,Skunk River near Augusta,03/05/2020 09:45:00,AMBIENT,ORG-CARB,Organic Carbon,Dissolved,,2.4,mg/l,True,0.5,,,5310-B,UHL001,Actual,SW,Water,,,Lee,07080107,River/Stream,,40.75340048,-91.2755898
6,10560002,Skunk River near Augusta,03/05/2020 09:45:00,AMBIENT,1007-28-9,2-Choro-6-ethylamino-4-amino-s-triazine,Total,,0.1,ug/l,False,0.1,,,8270B(W),UHL001,Actual,SW,Water,,,Lee,07080107,River/Stream,,40.75340048,-91.2755898
6,10560002,Skunk River near Augusta,03/05/2020 09:45:00,AMBIENT,122-34-9,Simazine,Total,,0.1,ug/l,False,0.1,,,8270B(W),UHL001,Actual,SW,Water,,,Lee,07080107,River/Stream,,40.75340048,-91.2755898
6,10560002,Skunk River near Augusta,03/05/2020 09:45:00,AMBIENT,139-40-2,Propazine,Total,,0.1,ug/l,False,0.1,,,8270B(W),UHL001,Actual,SW,Water,,,Lee,07080107,River/Stream,,40.75340048,-91.2755898
6,10560002,Skunk River near Augusta,03/05/2020 09:45:00,AMBIENT,1582-09-8,Trifluralin,Total,,0.1,ug/l,False,0.1,,,8270B(W),UHL001,Actual,SW,Water,,,Lee,07080107,River/Stream,,40.75340048,-91.2755898
6,10560002,Skunk River near Augusta,03/05/2020 09:45:00,AMBIENT,15972-60-8,Alachlor,Total,,0.1,ug/l,False,0.1,,,8270B(W),UHL001,Actual,SW,Water,,,Lee,07080107,River/Stream,,40.75340048,-91.2755898
6,10560002,Skunk River near Augusta,03/05/2020 09:45:00,AMBIENT,1610-18-0,Prometon,Total,,0.1,ug/l,False,0.1,,,8270B(W),UHL001,Actual,SW,Water,,,Lee,07080107,River/Stream,,40.75340048,-91.2755898
6,10560002,Skunk River near Augusta,03/05/2020 09:45:00,AMBIENT,1912-24-9,Atrazine,Total,,0.1,ug/l,False,0.1,,,8270B(W),UHL001,Actual,SW,Water,,,Lee,07080107,River/Stream,,40.75340048,-91.2755898
6,10560002,Skunk River near Augusta,03/05/2020 09:45:00,AMBIENT,1918-16-7,Propachlor,Total,,0.1,ug/l,False,0.1,,,8270B(W),UHL001,Actual,SW,Water,,,Lee,07080107,River/Stream,,40.75340048,-91.2755898
6,10560002,Skunk River near Augusta,03/05/2020 09:45:00,AMBIENT,2008-41-5,Butylate,Total,,0.1,ug/l,False,0.1,,,8270B(W),UHL001,Actual,SW,Water,,,Lee,07080107,River/Stream,,40.75340048,-91.2755898
6,10560002,Skunk River near Augusta,03/05/2020 09:45:00,AMBIENT,21087-64-9,Metribuzin,Total,,0.1,ug/l,False,0.1,,,8270B(W),UHL001,Actual,SW,Water,,,Lee,07080107,River/Stream,,40.75340048,-91.2755898
6,10560002,Skunk River near Augusta,03/05/2020 09:45:00,AMBIENT,21725-46-2,Cyanazine,Total,,0.1,ug/l,False,0.1,,,8270B(W),UHL001,Actual,SW,Water,,,Lee,07080107,River/Stream,,40.75340048,-91.2755898
6,10560002,Skunk River near Augusta,03/05/2020 09:45:00,AMBIENT,23184-66-9,Butachlor,Total,,0.1,ug/l,False,0.1,,,8270B(W),UHL001,Actual,SW,Water,,,Lee,07080107,River/Stream,,40.75340048,-91.2755898
6,10560002,Skunk River near Augusta,03/05/2020 09:45:00,AMBIENT,34256-82-1,Acetochlor,Total,,0.1,ug/l,False,0.1,,,8270B(W),UHL001,Actual,SW,Water,,,Lee,07080107,River/Stream,,40.75340048,-91.2755898
6,10560002,Skunk River near Augusta,03/05/2020 09:45:00,AMBIENT,51218-45-2,Metolachlor,Total,,0.1,ug/l,True,0.1,,,8270B(W),UHL001,Actual,SW,Water,,,Lee,07080107,River/Stream,,40.75340048,-91.2755898
6,10560002,Skunk River near Augusta,03/05/2020 09:45:00,AMBIENT,6190-65-4,2-Chloro-4-isopropylamino-6-amino-s-triazine,Total,,0.1,ug/l,False,0.1,,,8270B(W),UHL001,Actual,SW,Water,,,Lee,07080107,River/Stream,,40.75340048,-91.2755898
6,10560002,Skunk River near Augusta,03/05/2020 09:45:00,AMBIENT,759-94-4,S-Ethyl dipropylthiocarbamate,Total,,0.1,ug/l,False,0.1,,,8270B(W),UHL001,Actual,SW,Water,,,Lee,07080107,River/Stream,,40.75340048,-91.2755898
6,10560002,Skunk River near Augusta,03/05/2020 09:45:00,AMBIENT,834-12-8,Ametryn,Total,,0.1,ug/l,False,0.1,,,8270B(W),UHL001,Actual,SW,Water,,,Lee,07080107,River/Stream,,40.75340048,-91.2755898
6,10560002,Skunk River near Augusta,03/05/2020 09:45:00,AMBIENT,87674-68-8,Dimethenamid,Total,,0.1,ug/l,False,0.1,,,8270B(W),UHL001,Actual,SW,Water,,,Lee,07080107,River/Stream,,40.75340048,-91.2755898
6,10560002,Skunk River near Augusta,03/05/2020 09:45:00,AMBIENT,68583-22-2,Escherichia coli,Total,,20,MPN/100ml,True,10,,,9223-B,UHL001,Actual,SW,Water,,,Lee,07080107,River/Stream,,40.75340048,-91.2755898
6,10560002,Skunk River near Augusta,03/05/2020 09:45:00,AMBIENT,TSS,Total suspended solids,NonFilt,,59,mg/l,True,1,,,I3765,UHL001,Actual,SW,Water,,,Lee,07080107,River/Stream,,40.75340048,-91.2755898
6,10560002,Skunk River near Augusta,03/05/2020 09:45:00,AMBIENT,NIT-KJELD,Kjeldahl nitrogen (AS N),Total,,0.6,mg/l,True,0.1,,,LAC 10-107-06-2M,UHL001,Actual,SW,Water,,,Lee,07080107,River/Stream,,40.75340048,-91.2755898
6,10560002,Skunk River near Augusta,03/05/2020 09:45:00,AMBIENT,PHOSP-PHOSP,Phosphate-phosphorus (AS P),Total,,0.32,mg/l,True,0.1,,,LAC 10-115-01-2B,UHL001,Actual,SW,Water,,,Lee,07080107,River/Stream,,40.75340048,-91.2755898
6,10560002,Skunk River near Augusta,03/05/2020 09:45:00,AMBIENT,NIT-NO3-NO2,Inorganic nitrogen (nitrate and nitrite) (AS N),Total,,3.9,mg/l,True,0.1,,,LAC10-107-04-1J,UHL001,Actual,SW,Water,,,Lee,07080107,River/Stream,,40.75340048,-91.2755898
6,10560002,Skunk River near Augusta,03/05/2020 09:45:00,AMBIENT,NIT-AMM,Ammonia-nitrogen (AS N),Total,,0.05,mg/l,False,0.05,,,LAC10-107-06-1J,UHL001,Actual,SW,Water,,,Lee,07080107,River/Stream,,40.75340048,-91.2755898
6,10560002,Skunk River near Augusta,03/05/2020 09:45:00,AMBIENT,14265-44-2,Orthophosphate (AS P),Dissolved,,0.16,mg/l,True,0.02,,,LAC10-115-01-1A,UHL001,Actual,SW,Water,,,Lee,07080107,River/Stream,,40.75340048,-91.2755898
6,10560002,Skunk River near Augusta,04/01/2020 09:30:00,AMBIENT,TURB,Turbidity,None,,210,NTU,True,,,,2130-B,,Actual,SW,Water,,,Lee,07080107,River/Stream,,40.75340048,-91.2755898
6,10560002,Skunk River near Augusta,04/01/2020 09:30:00,AMBIENT,TEMP-WATER,"Temperature, water",Total,,10.4,deg C,True,,,,2550,,Actual,SW,Water,,,Lee,07080107,River/Stream,,40.75340048,-91.2755898
6,10560002,Skunk River near Augusta,04/01/2020 09:30:00,AMBIENT,PH,pH,Total,,8.1,None,True,,,,4500-H,,Actual,SW,Water,,,Lee,07080107,River/Stream,,40.75340048,-91.2755898
6,10560002,Skunk River near Augusta,04/01/2020 09:30:00,AMBIENT,7782-44-7,Dissolved oxygen (DO),Total,,10.7,mg/l,True,,,,D888(C),,Actual,SW,Water,,,Lee,07080107,River/Stream,,40.75340048,-91.2755898
6,10560002,Skunk River near Augusta,04/01/2020 09:30:00,AMBIENT,TVSS,Volatile Suspended Solids,NonFilt,,56,mg/l,True,1,,,160.4,UHL001,Actual,SW,Water,,,Lee,07080107,River/Stream,,40.75340048,-91.2755898
6,10560002,Skunk River near Augusta,04/01/2020 09:30:00,AMBIENT,HARD-CARB,"Hardness, carbonate",Total,,260,mg/l,True,1,,,2340C,UHL001,Actual,SW,Water,,,Lee,07080107,River/Stream,,40.75340048,-91.2755898
6,10560002,Skunk River near Augusta,04/01/2020 09:30:00,AMBIENT,TDS,Total dissolved solids,Dissolved,,310,mg/l,True,1,,,2540-C,UHL001,Actual,SW,Water,,,Lee,07080107,River/Stream,,40.75340048,-91.2755898
6,10560002,Skunk River near Augusta,04/01/2020 09:30:00,AMBIENT,14808-79-8,Sulfate (AS SO4),Total,,25,mg/l,True,0.2,,,300.0,UHL001,Actual,SW,Water,,,Lee,07080107,River/Stream,,40.75340048,-91.2755898
6,10560002,Skunk River near Augusta,04/01/2020 09:30:00,AMBIENT,16887-00-6,Chloride,Total,,18,mg/l,True,0.2,,,300.0,UHL001,Actual,SW,Water,,,Lee,07080107,River/Stream,,40.75340048,-91.2755898
6,10560002,Skunk River near Augusta,04/01/2020 09:30:00,AMBIENT,CLR-A-FREE,"Chlorophyll a, free of pheophytin",NonFilt,,4,ug/l,True,1,,,445,UHL001,Actual,SW,Water,,,Lee,07080107,River/Stream,,40.75340048,-91.2755898
6,10560002,Skunk River near Augusta,04/01/2020 09:30:00,AMBIENT,CBOD-SC,"Carbonaceous biochemical oxygen demand, standard conditions",Total,,2,mg/l,False,2,,,5210-B,UHL001,Actual,SW,Water,,,Lee,07080107,River/Stream,,40.75340048,-91.2755898
6,10560002,Skunk River near Augusta,04/01/2020 09:30:00,AMBIENT,68583-22-2,Escherichia coli,Total,,570,MPN/100ml,True,10,,,9223-B,UHL001,Actual,SW,Water,,,Lee,07080107,River/Stream,,40.75340048,-91.2755898
6,10560002,Skunk River near Augusta,04/01/2020 09:30:00,AMBIENT,TSS,Total suspended solids,NonFilt,,480,mg/l,True,1,,,I3765,UHL001,Actual,SW,Water,,,Lee,07080107,River/Stream,,40.75340048,-91.2755898
6,10560002,Skunk River near Augusta,04/01/2020 09:30:00,AMBIENT,NIT-KJELD,Kjeldahl nitrogen (AS N),Total,,1.3,mg/l,True,0.1,,,LAC 10-107-06-2M,UHL001,Actual,SW,Water,,,Lee,07080107,River/Stream,,40.75340048,-91.2755898
6,10560002,Skunk River near Augusta,04/01/2020 09:30:00,AMBIENT,PHOSP-PHOSP,Phosphate-phosphorus (AS P),Total,,0.57,mg/l,True,0.1,,,LAC 10-115-01-2B,UHL001,Actual,SW,Water,,,Lee,07080107,River/Stream,,40.75340048,-91.2755898
6,10560002,Skunk River near Augusta,04/01/2020 09:30:00,AMBIENT,NIT-NO3-NO2,Inorganic nitrogen (nitrate and nitrite) (AS N),Total,,6,mg/l,True,0.1,,,LAC10-107-04-1J,UHL001,Actual,SW,Water,,,Lee,07080107,River/Stream,,40.75340048,-91.2755898
6,10560002,Skunk River near Augusta,04/01/2020 09:30:00,AMBIENT,NIT-AMM,Ammonia-nitrogen (AS N),Total,,0.05,mg/l,False,0.05,,,LAC10-107-06-1J,UHL001,Actual,SW,Water,,,Lee,07080107,River/Stream,,40.75340048,-91.2755898
6,21560001,Pollmiller Park Beach,06/07/2004 10:45:00,BEACHCCO,68583-22-2,Escherichia coli,Total,,55,MPN/100ml,True,10,,,1603,BEA002,Actual,SW,Water,,,Lee,07080104,Lake,,40.71262,-91.437202
6,21560001,Pollmiller Park Beach,06/15/2004 09:00:00,BEACHCCO,68583-22-2,Escherichia coli,Total,,55,MPN/100ml,True,10,,,1603,BEA002,Actual,SW,Water,,,Lee,07080104,Lake,,40.71262,-91.437202
6,21560001,Pollmiller Park Beach,07/19/2004 10:30:00,BEACHCCO,68583-22-2,Escherichia coli,Total,,100,MPN/100ml,True,10,,,1603,BEA002,Actual,SW,Water,,,Lee,07080104,Lake,,40.71262,-91.437202
6,21560001,Pollmiller Park Beach,07/27/2004 08:00:00,BEACHCCO,68583-22-2,Escherichia coli,Total,,82,MPN/100ml,True,10,,,1603,BEA002,Actual,SW,Water,,,Lee,07080104,Lake,,40.71262,-91.437202
6,21560001,Pollmiller Park Beach,08/11/2004 08:00:00,BEACHCCO,68583-22-2,Escherichia coli,Total,,390,MPN/100ml,True,10,,,1603,BEA002,Actual,SW,Water,,,Lee,07080104,Lake,,40.71262,-91.437202
6,21560001,Pollmiller Park Beach,08/23/2004 10:30:00,BEACHCCO,68583-22-2,Escherichia coli,Total,,30,MPN/100ml,True,10,,,1603,BEA002,Actual,SW,Water,,,Lee,07080104,Lake,,40.71262,-91.437202
6,21560001,Pollmiller Park Beach,08/30/2004 09:00:00,BEACHCCO,68583-22-2,Escherichia coli,Total,,200,MPN/100ml,True,10,,,1603,BEA002,Actual,SW,Water,,,Lee,07080104,Lake,,40.71262,-91.437202
6,21560001,Pollmiller Park Beach,05/25/2006 00:00:00,BEACHCCO,68583-22-2,Escherichia coli,Total,,27,MPN/100ml,True,10,,,1603,BEA002,Actual,SW,Water,,,Lee,07080104,Lake,,40.71262,-91.437202
6,21560001,Pollmiller Park Beach,05/30/2006 07:30:00,BEACHCCO,68583-22-2,Escherichia coli,Total,,60,MPN/100ml,True,10,,,1603,BEA002,Actual,SW,Water,,,Lee,07080104,Lake,,40.71262,-91.437202
6,21560001,Pollmiller Park Beach,06/12/2006 00:00:00,BEACHCCO,68583-22-2,Escherichia coli,Total,,10,MPN/100ml,False,10,,,1603,BEA002,Actual,SW,Water,,,Lee,07080104,Lake,,40.71262,-91.437202
6,21560001,Pollmiller Park Beach,06/19/2006 00:00:00,BEACHCCO,68583-22-2,Escherichia coli,Total,,10,MPN/100ml,False,10,,,1603,BEA002,Actual,SW,Water,,,Lee,07080104,Lake,,40.71262,-91.437202
6,21560001,Pollmiller Park Beach,07/05/2006 00:00:00,BEACHCCO,68583-22-2,Escherichia coli,Total,,10,MPN/100ml,True,10,,,9223-B,BEA002,Actual,SW,Water,,,Lee,07080104,Lake,,40.71262,-91.437202
6,21560001,Pollmiller Park Beach,07/10/2006 00:00:00,BEACHCCO,68583-22-2,Escherichia coli,Total,,20,MPN/100ml,True,10,,,1603,BEA002,Actual,SW,Water,,,Lee,07080104,Lake,,40.71262,-91.437202
6,21560001,Pollmiller Park Beach,07/25/2006 00:00:00,BEACHCCO,68583-22-2,Escherichia coli,Total,,20,MPN/100ml,True,10,,,1603,BEA002,Actual,SW,Water,,,Lee,07080104,Lake,,40.71262,-91.437202
6,21560001,Pollmiller Park Beach,07/31/2006 00:00:00,BEACHCCO,68583-22-2,Escherichia coli,Total,,10,MPN/100ml,False,10,,,1603,BEA002,Actual,SW,Water,,,Lee,07080104,Lake,,40.71262,-91.437202
6,21560001,Pollmiller Park Beach,08/14/2006 00:00:00,BEACHCCO,68583-22-2,Escherichia coli,Total,,10,MPN/100ml,False,10,,,1603,BEA002,Actual,SW,Water,,,Lee,07080104,Lake,,40.71262,-91.437202
6,21560001,Pollmiller Park Beach,08/21/2006 00:00:00,BEACHCCO,68583-22-2,Escherichia coli,Total,,10,MPN/100ml,False,10,,,1603,BEA002,Actual,SW,Water,,,Lee,07080104,Lake,,40.71262,-91.437202
6,21560001,Pollmiller Park Beach,05/24/2005 12:00:00,BEACHCCO,68583-22-2,Escherichia coli,Total,,10,MPN/100ml,True,10,,,1603,BEA002,Actual,SW,Water,,,Lee,07080104,Lake,,40.71262,-91.437202
6,21560001,Pollmiller Park Beach,05/31/2005 12:00:00,BEACHCCO,68583-22-2,Escherichia coli,Total,,10,MPN/100ml,True,10,,,1603,BEA002,Actual,SW,Water,,,Lee,07080104,Lake,,40.71262,-91.437202
6,21560001,Pollmiller Park Beach,06/07/2005 10:45:00,BEACHCCO,68583-22-2,Escherichia coli,Total,,45,MPN/100ml,True,10,,,1603,BEA002,Actual,SW,Water,,,Lee,07080104,Lake,,40.71262,-91.437202
6,21560001,Pollmiller Park Beach,06/08/2005 08:00:00,BEACHCCO,68583-22-2,Escherichia coli,Total,,10,MPN/100ml,False,10,,,1603,BEA002,Actual,SW,Water,,,Lee,07080104,Lake,,40.71262,-91.437202
6,21560001,Pollmiller Park Beach,05/22/2007 08:30:00,BEACHCCO,68583-22-2,Escherichia coli,Total,,40,MPN/100ml,True,10,,,1603,BEA002,Actual,SW,Water,,,Lee,07080104,Lake,,40.71262,-91.437202
6,21560001,Pollmiller Park Beach,07/11/2005 08:00:00,BEACHCCO,68583-22-2,Escherichia coli,Total,,10,MPN/100ml,True,10,,,1603,BEA002,Actual,SW,Water,,,Lee,07080104,Lake,,40.71262,-91.437202
6,21560001,Pollmiller Park Beach,08/02/2005 10:15:00,BEACHCCO,68583-22-2,Escherichia coli,Total,,120,MPN/100ml,True,10,,,1603,BEA002,Actual,SW,Water,,,Lee,07080104,Lake,,40.71262,-91.437202
6,21560001,Pollmiller Park Beach,06/19/2007 08:00:00,BEACHCCO,68583-22-2,Escherichia coli,Total,,10,MPN/100ml,True,10,,,1603,BEA002,Actual,SW,Water,,,Lee,07080104,Lake,,40.71262,-91.437202
6,21560001,Pollmiller Park Beach,08/09/2005 09:15:00,BEACHCCO,68583-22-2,Escherichia coli,Total,,10,MPN/100ml,True,10,,,1603,BEA002,Actual,SW,Water,,,Lee,07080104,Lake,,40.71262,-91.437202
6,21560001,Pollmiller Park Beach,08/14/2007 08:30:00,BEACHCCO,68583-22-2,Escherichia coli,Total,,10,MPN/100ml,False,10,,,1603,BEA002,Actual,SW,Water,,,Lee,07080104,Lake,,40.71262,-91.437202
6,21560001,Pollmiller Park Beach,06/09/2008 07:30:00,BEACHCCO,68583-22-2,Escherichia coli,Total,,150,MPN/100ml,True,10,,,9223-B,BEA002,Actual,SW,Water,,,Lee,07080104,Lake,,40.71262,-91.437202
6,21560001,Pollmiller Park Beach,06/16/2008 07:30:00,BEACHCCO,68583-22-2,Escherichia coli,Total,,20,MPN/100ml,True,10,,,9223-B,BEA002,Actual,SW,Water,,,Lee,07080104,Lake,,40.71262,-91.437202
6,21560001,Pollmiller Park Beach,06/30/2008 06:00:00,BEACHCCO,68583-22-2,Escherichia coli,Total,,20,MPN/100ml,True,10,,,9223-B,BEA002,Actual,SW,Water,,,Lee,07080104,Lake,,40.71262,-91.437202
6,21560001,Pollmiller Park Beach,07/07/2008 07:20:00,BEACHCCO,68583-22-2,Escherichia coli,Total,,10,MPN/100ml,False,10,,,9223-B,BEA002,Actual,SW,Water,,,Lee,07080104,Lake,,40.71262,-91.437202
6,21560001,Pollmiller Park Beach,07/14/2008 07:00:00,BEACHCCO,68583-22-2,Escherichia coli,Total,,10,MPN/100ml,True,10,,,9223-B,BEA002,Actual,SW,Water,,,Lee,07080104,Lake,,40.71262,-91.437202
6,21560001,Pollmiller Park Beach,07/28/2008 07:15:00,BEACHCCO,68583-22-2,Escherichia coli,Total,,10,MPN/100ml,True,10,,,9223-B,BEA002,Actual,SW,Water,,,Lee,07080104,Lake,,40.71262,-91.437202
6,21560001,Pollmiller Park Beach,08/18/2008 06:20:00,BEACHCCO,68583-22-2,Escherichia coli,Total,,10,MPN/100ml,False,10,,,9223-B,BEA002,Actual,SW,Water,,,Lee,07080104,Lake,,40.71262,-91.437202
6,21560001,Pollmiller Park Beach,06/09/2009 14:00:00,BEACHCCO,68583-22-2,Escherichia coli,Total,,150,MPN/100ml,True,10,,,9223-B,BEA002,Actual,SW,Water,,,Lee,07080104,Lake,,40.71262,-91.437202
6,21560001,Pollmiller Park Beach,06/15/2009 06:30:00,BEACHCCO,68583-22-2,Escherichia coli,Total,,10,MPN/100ml,True,10,,,9223-B,BEA002,Actual,SW,Water,,,Lee,07080104,Lake,,40.71262,-91.437202
6,21560001,Pollmiller Park Beach,06/29/2009 07:15:00,BEACHCCO,68583-22-2,Escherichia coli,Total,,20,MPN/100ml,True,10,,,9223-B,BEA002,Actual,SW,Water,,,Lee,07080104,Lake,,40.71262,-91.437202
6,21560001,Pollmiller Park Beach,07/27/2009 12:04:00,BEACHCCO,68583-22-2,Escherichia coli,Total,,10,MPN/100ml,False,10,,,9223-B,BEA002,Actual,SW,Water,,,Lee,07080104,Lake,,40.71262,-91.437202
6,21560001,Pollmiller Park Beach,08/03/2009 07:30:00,BEACHCCO,68583-22-2,Escherichia coli,Total,,10,MPN/100ml,False,10,,,9223-B,BEA002,Actual,SW,Water,,,Lee,07080104,Lake,,40.71262,-91.437202
6,21560001,Pollmiller Park Beach,08/17/2009 07:20:00,BEACHCCO,68583-22-2,Escherichia coli,Total,,170,MPN/100ml,True,10,,,9223-B,BEA002,Actual,SW,Water,,,Lee,07080104,Lake,,40.71262,-91.437202
6,22560001,Poll Miller Park Lake,06/21/2005 09:40:00,AMBLAKE-SHL,NIT-KJELD,Kjeldahl nitrogen (AS N),Total,,0.58,mg/l,True,0.1,,,351.2,UHLLAKE,Actual,SW,Water,,,Lee,07080104,Lake,,40.712645,-91.435951
6,22560001,Poll Miller Park Lake,06/21/2005 09:40:00,AMBLAKE-SHL,7631-86-9,Silica,Dissolved,,2.6,mg/l,True,1,,,370.1,UHLLAKE,Actual,SW,Water,,,Lee,07080104,Lake,,40.712645,-91.435951
6,22560001,Poll Miller Park Lake,08/10/2005 09:45:00,AMBLAKE-SHL,7782-44-7,Dissolved oxygen (DO),Total,,6.1,mg/l,True,0.1,,,Unknown,,Actual,SW,Water,,,Lee,07080104,Lake,,40.712645,-91.435951
6,22560001,Poll Miller Park Lake,08/10/2005 09:45:00,AMBLAKE-SHL,DEPTH-BOTTOM,"Depth, bottom",Total,,7.5,m,True,,,,Unknown,,Actual,SW,Water,,,Lee,07080104,Lake,,40.712645,-91.435951
6,22560001,Poll Miller Park Lake,08/10/2005 09:45:00,AMBLAKE-SHL,DEPTH-SECCHI,"Depth, Secchi disk depth",Total,,1.2,m,True,0.01,,,Unknown,,Actual,SW,Water,,,Lee,07080104,Lake,,40.712645,-91.435951
6,22560001,Poll Miller Park Lake,08/10/2005 09:45:00,AMBLAKE-SHL,TEMP-WATER,"Temperature, water",Total,,28,deg C,True,0,,,Unknown,,Actual,SW,Water,,,Lee,07080104,Lake,,40.712645,-91.435951
6,22560001,Poll Miller Park Lake,08/10/2005 09:45:00,AMBLAKE-SHL,PH,pH,Total,,9.1,None,True,,,,4500-H,,Actual,SW,Water,,,Lee,07080104,Lake,,40.712645,-91.435951
6,22560001,Poll Miller Park Lake,08/10/2005 09:45:00,AMBLAKE-SHL,TDS,Total dissolved solids,Dissolved,,200,mg/l,True,,,,HYDROLAB,,Calculated,SW,Water,,,Lee,07080104,Lake,,40.712645,-91.435951
6,22560001,Poll Miller Park Lake,08/10/2005 09:45:00,AMBLAKE-SHL,7439-92-1,Lead,Total,,10,ug/l,False,10,,,200.8(W),UHLLAKE,Actual,SW,Water,,,Lee,07080104,Lake,,40.712645,-91.435951
6,22560001,Poll Miller Park Lake,08/10/2005 09:45:00,AMBLAKE-SHL,7440-02-0,Nickel,Total,,50,ug/l,False,50,,,200.8(W),UHLLAKE,Actual,SW,Water,,,Lee,07080104,Lake,,40.712645,-91.435951
6,22560001,Poll Miller Park Lake,08/10/2005 09:45:00,AMBLAKE-SHL,7440-22-4,Silver,Total,,10,ug/l,False,10,,,200.8(W),UHLLAKE,Actual,SW,Water,,,Lee,07080104,Lake,,40.712645,-91.435951
6,22560001,Poll Miller Park Lake,08/10/2005 09:45:00,AMBLAKE-SHL,7440-28-0,Thallium,Total,,0.001,mg/l,False,0.001,,,200.8(W),UHLLAKE,Actual,SW,Water,,,Lee,07080104,Lake,,40.712645,-91.435951
6,22560001,Poll Miller Park Lake,08/10/2005 09:45:00,AMBLAKE-SHL,7440-36-0,Antimony,Total,,0.005,mg/l,False,0.005,,,200.8(W),UHLLAKE,Actual,SW,Water,,,Lee,07080104,Lake,,40.712645,-91.435951
6,22560001,Poll Miller Park Lake,08/10/2005 09:45:00,AMBLAKE-SHL,7440-38-2,Arsenic,Total,,10,ug/l,False,10,,,200.8(W),UHLLAKE,Actual,SW,Water,,,Lee,07080104,Lake,,40.712645,-91.435951
6,22560001,Poll Miller Park Lake,08/10/2005 09:45:00,AMBLAKE-SHL,7440-41-7,Beryllium,Total,,0.02,mg/l,False,0.02,,,200.8(W),UHLLAKE,Actual,SW,Water,,,Lee,07080104,Lake,,40.712645,-91.435951
6,22560001,Poll Miller Park Lake,08/10/2005 09:45:00,AMBLAKE-SHL,7440-43-9,Cadmium,Total,,1,ug/l,False,1,,,200.8(W),UHLLAKE,Actual,SW,Water,,,Lee,07080104,Lake,,40.712645,-91.435951
6,22560001,Poll Miller Park Lake,08/10/2005 09:45:00,AMBLAKE-SHL,7440-47-3,Chromium,Total,,20,ug/l,False,20,,,200.8(W),UHLLAKE,Actual,SW,Water,,,Lee,07080104,Lake,,40.712645,-91.435951
6,22560001,Poll Miller Park Lake,08/10/2005 09:45:00,AMBLAKE-SHL,7440-50-8,Copper,Total,,10,ug/l,False,10,,,200.8(W),UHLLAKE,Actual,SW,Water,,,Lee,07080104,Lake,,40.712645,-91.435951
6,22560001,Poll Miller Park Lake,08/10/2005 09:45:00,AMBLAKE-SHL,7440-66-6,Zinc,Total,,20,ug/l,False,20,,,200.8(W),UHLLAKE,Actual,SW,Water,,,Lee,07080104,Lake,,40.712645,-91.435951
6,22560001,Poll Miller Park Lake,08/10/2005 09:45:00,AMBLAKE-SHL,7782-49-2,Selenium,Total,,10,ug/l,False,10,,,200.8(W),UHLLAKE,Actual,SW,Water,,,Lee,07080104,Lake,,40.712645,-91.435951
6,22560001,Poll Miller Park Lake,08/10/2005 09:45:00,AMBLAKE-SHL,NIT-NO3-NO2,Inorganic nitrogen (nitrate and nitrite) (as N),Total,,0.05,mg/l,False,0.05,,,353.2,UHLLAKE,Actual,SW,Water,,,Lee,07080104,Lake,,40.712645,-91.435951
6,22560001,Poll Miller Park Lake,08/10/2005 09:45:00,AMBLAKE-SHL,TSS,Total suspended solids,NonFilt,,6,mg/l,True,1,,,I3765,UHLLAKE,Actual,SW,Water,,,Lee,07080104,Lake,,40.712645,-91.435951
6,22560001,Poll Miller Park Lake,08/10/2005 09:45:00,AMBLAKE-SHL,7439-97-6,Mercury,Total,,5E-05,mg/l,False,0.00005,,,245.2,UHLLAKE,Actual,SW,Water,,,Lee,07080104,Lake,,40.712645,-91.435951
6,22560001,Poll Miller Park Lake,08/10/2005 09:45:00,AMBLAKE-SHL,7631-86-9,Silica,Dissolved,,1,mg/l,True,1,,,370.1,UHLLAKE,Actual,SW,Water,,,Lee,07080104,Lake,,40.712645,-91.435951
6,22560001,Poll Miller Park Lake,08/10/2005 09:45:00,AMBLAKE-SHL,14265-44-2,Orthophosphate (as P),Dissolved,,0.02,mg/l,False,0.02,,,365.1,UHLLAKE,Actual,SW,Water,,,Lee,07080104,Lake,,40.712645,-91.435951
6,22560001,Poll Miller Park Lake,08/10/2005 09:45:00,AMBLAKE-SHL,SPEC-COND,Specific conductance,Total,,361,uS/cm,True,1,,,2510,UHLLAKE,Actual,SW,Water,,,Lee,07080104,Lake,,40.712645,-91.435951
6,22560001,Poll Miller Park Lake,08/10/2005 09:45:00,AMBLAKE-SHL,NIT-AMM,Ammonia-nitrogen (as N),Total,,0.05,mg/l,False,0.05,,,350.1,UHLLAKE,Actual,SW,Water,,,Lee,07080104,Lake,,40.712645,-91.435951
6,22560001,Poll Miller Park Lake,08/10/2005 09:45:00,AMBLAKE-SHL,TURB,Turbidity,Total,,9,NTU,True,1,,,180.1,UHLLAKE,Actual,SW,Water,,,Lee,07080104,Lake,,40.712645,-91.435951
6,22560001,Poll Miller Park Lake,08/10/2005 09:45:00,AMBLAKE-SHL,ALK-TOT,"Alkalinity, total",Total,,120,mg/l CaCO3,True,1,,,2320,UHLLAKE,Actual,SW,Water,,,Lee,07080104,Lake,,40.712645,-91.435951
6,22560001,Poll Miller Park Lake,08/10/2005 09:45:00,AMBLAKE-SHL,CLR-A-FREE,"Chlorophyll a, free of pheophytin",NonFilt,,19,ug/l,True,1,,,445,UHLLAKE,Actual,SW,Water,,,Lee,07080104,Lake,,40.712645,-91.435951
6,22560001,Poll Miller Park Lake,08/10/2005 09:45:00,AMBLAKE-SHL,TFSS,Fixed suspended solids,NonFilt,,3,mg/l,True,1,,,160.4,UHLLAKE,Calculated,SW,Water,,,Lee,07080104,Lake,,40.712645,-91.435951
6,22560001,Poll Miller Park Lake,08/10/2005 09:45:00,AMBLAKE-SHL,TVSS,Volatile Suspended Solids,NonFilt,,3,mg/l,True,1,,,160.4,UHLLAKE,Actual,SW,Water,,,Lee,07080104,Lake,,40.712645,-91.435951
6,22560001,Poll Miller Park Lake,08/10/2005 09:45:00,AMBLAKE-SHL,7440-44-0,Carbon,Total,,7.9,mg/l,True,0.5,,,415.1,UHLLAKE,Actual,SW,Water,,,Lee,07080104,Lake,,40.712645,-91.435951
6,22560001,Poll Miller Park Lake,08/10/2005 09:45:00,AMBLAKE-SHL,7664-41-7,Ammonia (as NH3),Total,,0.01,mg/l,False,0.01,,,APHA 8010F,UHLLAKE,Actual,SW,Water,,,Lee,07080104,Lake,,40.712645,-91.435951
6,22560001,Poll Miller Park Lake,10/04/2005 09:20:00,AMBLAKE-SHL,7782-44-7,Dissolved oxygen (DO),Total,,7.2,mg/l,True,0.1,,,Unknown,,Actual,SW,Water,,,Lee,07080104,Lake,,40.712645,-91.435951
6,22560001,Poll Miller Park Lake,10/04/2005 09:20:00,AMBLAKE-SHL,DEPTH-BOTTOM,"Depth, bottom",Total,,7.6,m,True,,,,Unknown,,Actual,SW,Water,,,Lee,07080104,Lake,,40.712645,-91.435951
6,22560001,Poll Miller Park Lake,10/04/2005 09:20:00,AMBLAKE-SHL,DEPTH-SECCHI,"Depth, Secchi disk depth",Total,,1.4,m,True,0.01,,,Unknown,,Actual,SW,Water,,,Lee,07080104,Lake,,40.712645,-91.435951
6,22560001,Poll Miller Park Lake,10/04/2005 09:20:00,AMBLAKE-SHL,TEMP-WATER,"Temperature, water",Total,,21,deg C,True,0,,,Unknown,,Actual,SW,Water,,,Lee,07080104,Lake,,40.712645,-91.435951
6,22560001,Poll Miller Park Lake,10/04/2005 09:20:00,AMBLAKE-SHL,PH,pH,Total,,7.9,None,True,,,,4500-H,,Actual,SW,Water,,,Lee,07080104,Lake,,40.712645,-91.435951
6,22560001,Poll Miller Park Lake,10/04/2005 09:20:00,AMBLAKE-SHL,TDS,Total dissolved solids,Dissolved,,226,mg/l,True,,,,HYDROLAB,,Calculated,SW,Water,,,Lee,07080104,Lake,,40.712645,-91.435951
6,22560001,Poll Miller Park Lake,10/04/2005 09:20:00,AMBLAKE-SHL,TFSS,Fixed suspended solids,NonFilt,,1,mg/l,True,1,,,160.4,UHLLAKE,Calculated,SW,Water,,,Lee,07080104,Lake,,40.712645,-91.435951
6,22560001,Poll Miller Park Lake,10/04/2005 09:20:00,AMBLAKE-SHL,TVSS,Volatile Suspended Solids,NonFilt,,3,mg/l,True,1,,,160.4,UHLLAKE,Actual,SW,Water,,,Lee,07080104,Lake,,40.712645,-91.435951
6,22560001,Poll Miller Park Lake,10/04/2005 09:20:00,AMBLAKE-SHL,NIT-AMM,Ammonia-nitrogen (as N),Total,,0.08,mg/l,True,0.05,,,350.1,UHLLAKE,Actual,SW,Water,,,Lee,07080104,Lake,,40.712645,-91.435951
6,22560001,Poll Miller Park Lake,04/27/2006 09:30:00,AMBLAKE-SHL,TDS,Total dissolved solids,Dissolved,,250,mg/l,True,,,,HYDROLAB,,Calculated,SW,Water,,,Lee,07080104,Lake,,40.712645,-91.435951
6,22560001,Poll Miller Park Lake,04/27/2006 09:30:00,AMBLAKE-SHL,7782-44-7,Dissolved oxygen (DO),Total,,9.2,mg/l,True,0.1,,,Unknown,,Actual,SW,Water,,,Lee,07080104,Lake,,40.712645,-91.435951
6,22560001,Poll Miller Park Lake,04/27/2006 09:30:00,AMBLAKE-SHL,DEPTH-BOTTOM,"Depth, bottom",Total,,8.1,m,True,,,,Unknown,,Actual,SW,Water,,,Lee,07080104,Lake,,40.712645,-91.435951
6,22560001,Poll Miller Park Lake,04/27/2006 09:30:00,AMBLAKE-SHL,DEPTH-SECCHI,"Depth, Secchi disk depth",Total,,3.3,m,True,0.01,,,Unknown,,Actual,SW,Water,,,Lee,07080104,Lake,,40.712645,-91.435951
6,22560001,Poll Miller Park Lake,04/27/2006 09:30:00,AMBLAKE-SHL,TEMP-WATER,"Temperature, water",Total,,17,deg C,True,0,,,Unknown,,Actual,SW,Water,,,Lee,07080104,Lake,,40.712645,-91.435951
6,22560001,Poll Miller Park Lake,04/27/2006 09:30:00,AMBLAKE-SHL,PH,pH,Total,,8.6,None,True,,,,4500-H,,Actual,SW,Water,,,Lee,07080104,Lake,,40.712645,-91.435951
6,22560001,Poll Miller Park Lake,04/27/2006 09:30:00,AMBLAKE-SHL,7631-86-9,Silica,Dissolved,,2,mg/l,True,1,,,370.1,UHLLAKE,Actual,SW,Water,,,Lee,07080104,Lake,,40.712645,-91.435951
6,22560001,Poll Miller Park Lake,04/27/2006 09:30:00,AMBLAKE-SHL,7664-41-7,Ammonia (as NH3),Total,,0.01,mg/l,False,0.01,,,APHA 8010F,UHLLAKE,Actual,SW,Water,,,Lee,07080104,Lake,,40.712645,-91.435951
6,22560001,Poll Miller Park Lake,04/27/2006 09:30:00,AMBLAKE-SHL,NIT-KJELD,Kjeldahl nitrogen (AS N),Total,,0.7,mg/l,True,0.1,,,351.2,UHLLAKE,Actual,SW,Water,,,Lee,07080104,Lake,,40.712645,-91.435951
6,22560001,Poll Miller Park Lake,04/27/2006 09:30:00,AMBLAKE-SHL,ALK-TOT,"Alkalinity, total",Total,,140,mg/l CaCO3,True,1,,,2320,UHLLAKE,Actual,SW,Water,,,Lee,07080104,Lake,,40.712645,-91.435951
6,22560001,Poll Miller Park Lake,04/27/2006 09:30:00,AMBLAKE-SHL,14265-44-2,Orthophosphate (as P),Dissolved,,0.02,mg/l,False,0.02,,,365.1,UHLLAKE,Actual,SW,Water,,,Lee,07080104,Lake,,40.712645,-91.435951
6,22560001,Poll Miller Park Lake,04/27/2006 09:30:00,AMBLAKE-SHL,NIT-AMM,Ammonia-nitrogen (as N),Total,,0.05,mg/l,False,0.05,,,350.1,UHLLAKE,Actual,SW,Water,,,Lee,07080104,Lake,,40.712645,-91.435951
6,22560001,Poll Miller Park Lake,04/27/2006 09:30:00,AMBLAKE-SHL,TSS,Total suspended solids,NonFilt,,2,mg/l,True,1,,,I3765,UHLLAKE,Actual,SW,Water,,,Lee,07080104,Lake,,40.712645,-91.435951
6,22560001,Poll Miller Park Lake,04/27/2006 09:30:00,AMBLAKE-SHL,NIT-NO3-NO2,Inorganic nitrogen (nitrate and nitrite) (as N),Total,,0.05,mg/l,False,0.05,,,353.2,UHLLAKE,Actual,SW,Water,,,Lee,07080104,Lake,,40.712645,-91.435951
6,22560001,Poll Miller Park Lake,04/27/2006 09:30:00,AMBLAKE-SHL,CLR-A-FREE,"Chlorophyll a, free of pheophytin",NonFilt,,3,ug/l,True,1,,,445,UHLLAKE,Actual,SW,Water,,,Lee,07080104,Lake,,40.712645,-91.435951
6,22560001,Poll Miller Park Lake,04/27/2006 09:30:00,AMBLAKE-SHL,TFSS,Fixed suspended solids,NonFilt,,1,mg/l,True,1,,,160.4,UHLLAKE,Calculated,SW,Water,,,Lee,07080104,Lake,,40.712645,-91.435951
6,22560001,Poll Miller Park Lake,04/27/2006 09:30:00,AMBLAKE-SHL,TVSS,Volatile Suspended Solids,NonFilt,,1,mg/l,True,1,,,160.4,UHLLAKE,Actual,SW,Water,,,Lee,07080104,Lake,,40.712645,-91.435951
6,22560001,Poll Miller Park Lake,04/27/2006 09:30:00,AMBLAKE-SHL,7440-44-0,Carbon,Total,,5.7,mg/l,True,0.5,,,415.1,UHLLAKE,Actual,SW,Water,,,Lee,07080104,Lake,,40.712645,-91.435951
6,22560001,Poll Miller Park Lake,04/27/2006 09:30:00,AMBLAKE-SHL,PHOSP-PHOSP,Phosphate-phosphorus (as P),Total,,0.03,mg/l,True,0.02,,,365.4,UHLLAKE,Actual,SW,Water,,,Lee,07080104,Lake,,40.712645,-91.435951
6,22560001,Poll Miller Park Lake,04/27/2006 09:30:00,AMBLAKE-SHL,SPEC-COND,Specific conductance,Total,,391,uS/cm,True,1,,,2510,UHLLAKE,Actual,SW,Water,,,Lee,07080104,Lake,,40.712645,-91.435951
6,22560001,Poll Miller Park Lake,04/27/2006 09:30:00,AMBLAKE-SHL,TURB,Turbidity,Total,,8,NTU,True,1,,,180.1,UHLLAKE,Actual,SW,Water,,,Lee,07080104,Lake,,40.712645,-91.435951
6,22560001,Poll Miller Park Lake,05/31/2006 10:00:00,AMBLAKE-SHL,TDS,Total dissolved solids,Dissolved,,243,mg/l,True,,,,HYDROLAB,,Calculated,SW,Water,,,Lee,07080104,Lake,,40.712645,-91.435951
6,22560001,Poll Miller Park Lake,05/31/2006 10:00:00,AMBLAKE-SHL,PH,pH,Total,,8.7,None,True,,,,4500-H,,Actual,SW,Water,,,Lee,07080104,Lake,,40.712645,-91.435951
6,22560001,Poll Miller Park Lake,05/31/2006 10:00:00,AMBLAKE-SHL,7782-44-7,Dissolved oxygen (DO),Total,,7.3,mg/l,True,0.1,,,Unknown,,Actual,SW,Water,,,Lee,07080104,Lake,,40.712645,-91.435951
6,22560001,Poll Miller Park Lake,05/31/2006 10:00:00,AMBLAKE-SHL,DEPTH-BOTTOM,"Depth, bottom",Total,,8.7,m,True,,,,Unknown,,Actual,SW,Water,,,Lee,07080104,Lake,,40.712645,-91.435951
6,22560001,Poll Miller Park Lake,05/31/2006 10:00:00,AMBLAKE-SHL,DEPTH-SECCHI,"Depth, Secchi disk depth",Total,,4.7,m,True,0.01,,,Unknown,,Actual,SW,Water,,,Lee,07080104,Lake,,40.712645,-91.435951
6,22560001,Poll Miller Park Lake,05/31/2006 10:00:00,AMBLAKE-SHL,TEMP-WATER,"Temperature, water",Total,,25.6,deg C,True,0,,,Unknown,,Actual,SW,Water,,,Lee,07080104,Lake,,40.712645,-91.435951
6,22560001,Poll Miller Park Lake,05/31/2006 10:00:00,AMBLAKE-SHL,CLR-A-FREE,"Chlorophyll a, free of pheophytin",NonFilt,,3,ug/l,True,1,,,445,UHLLAKE,Actual,SW,Water,,,Lee,07080104,Lake,,40.712645,-91.435951
6,22560001,Poll Miller Park Lake,05/31/2006 10:00:00,AMBLAKE-SHL,7664-41-7,Ammonia (as NH3),Total,,0.01,mg/l,False,0.01,,,APHA 8010F,UHLLAKE,Actual,SW,Water,,,Lee,07080104,Lake,,40.712645,-91.435951
6,22560001,Poll Miller Park Lake,05/31/2006 10:00:00,AMBLAKE-SHL,TURB,Turbidity,Total,,1,NTU,True,1,,,180.1,UHLLAKE,Actual,SW,Water,,,Lee,07080104,Lake,,40.712645,-91.435951
6,22560001,Poll Miller Park Lake,05/31/2006 10:00:00,AMBLAKE-SHL,7440-44-0,Carbon,Total,,7.5,mg/l,True,0.5,,,415.1,UHLLAKE,Actual,SW,Water,,,Lee,07080104,Lake,,40.712645,-91.435951
6,22560001,Poll Miller Park Lake,05/31/2006 10:00:00,AMBLAKE-SHL,NIT-NO3-NO2,Inorganic nitrogen (nitrate and nitrite) (as N),Total,,0.05,mg/l,False,0.05,,,353.2,UHLLAKE,Actual,SW,Water,,,Lee,07080104,Lake,,40.712645,-91.435951
6,22560001,Poll Miller Park Lake,05/31/2006 10:00:00,AMBLAKE-SHL,TSS,Total suspended solids,NonFilt,,1,mg/l,True,1,,,I3765,UHLLAKE,Actual,SW,Water,,,Lee,07080104,Lake,,40.712645,-91.435951
6,22560001,Poll Miller Park Lake,05/31/2006 10:00:00,AMBLAKE-SHL,NIT-AMM,Ammonia-nitrogen (as N),Total,,0.05,mg/l,False,0.05,,,350.1,UHLLAKE,Actual,SW,Water,,,Lee,07080104,Lake,,40.712645,-91.435951
6,22560001,Poll Miller Park Lake,05/31/2006 10:00:00,AMBLAKE-SHL,7631-86-9,Silica,Dissolved,,2,mg/l,True,1,,,370.1,UHLLAKE,Actual,SW,Water,,,Lee,07080104,Lake,,40.712645,-91.435951
6,22560001,Poll Miller Park Lake,05/31/2006 10:00:00,AMBLAKE-SHL,14265-44-2,Orthophosphate (as P),Dissolved,,0.04,mg/l,True,0.02,,,365.1,UHLLAKE,Actual,SW,Water,,,Lee,07080104,Lake,,40.712645,-91.435951
6,22560001,Poll Miller Park Lake,05/31/2006 10:00:00,AMBLAKE-SHL,TFSS,Fixed suspended solids,NonFilt,,1,mg/l,False,1,,,160.4,UHLLAKE,Calculated,SW,Water,,,Lee,07080104,Lake,,40.712645,-91.435951
6,22560001,Poll Miller Park Lake,05/31/2006 10:00:00,AMBLAKE-SHL,TVSS,Volatile Suspended Solids,NonFilt,,1,mg/l,False,1,,,160.4,UHLLAKE,Actual,SW,Water,,,Lee,07080104,Lake,,40.712645,-91.435951
6,22560001,Poll Miller Park Lake,05/31/2006 10:00:00,AMBLAKE-SHL,SPEC-COND,Specific conductance,Total,,380,uS/cm,True,1,,,2510,UHLLAKE,Actual,SW,Water,,,Lee,07080104,Lake,,40.712645,-91.435951
6,22560001,Poll Miller Park Lake,05/31/2006 10:00:00,AMBLAKE-SHL,PHOSP-PHOSP,Phosphate-phosphorus (as P),Total,,0.09,mg/l,True,0.02,,,365.4,UHLLAKE,Actual,SW,Water,,,Lee,07080104,Lake,,40.712645,-91.435951
6,22560001,Poll Miller Park Lake,05/31/2006 10:00:00,AMBLAKE-SHL,NIT-KJELD,Kjeldahl nitrogen (AS N),Total,,0.3,mg/l,True,0.1,,,351.2,UHLLAKE,Actual,SW,Water,,,Lee,07080104,Lake,,40.712645,-91.435951
6,22560001,Poll Miller Park Lake,08/14/2006 10:15:00,AMBLAKE-SHL,CLR-A-FREE,"Chlorophyll a, free of pheophytin",NonFilt,,49,ug/l,True,1,,,445,UHLLAKE,Actual,SW,Water,,,Lee,07080104,Lake,,40.712645,-91.435951
6,22560001,Poll Miller Park Lake,08/14/2006 10:15:00,AMBLAKE-SHL,7631-86-9,Silica,Dissolved,,4.2,mg/l,True,1,,,370.1,UHLLAKE,Actual,SW,Water,,,Lee,07080104,Lake,,40.712645,-91.435951
6,22560001,Poll Miller Park Lake,08/14/2006 10:15:00,AMBLAKE-SHL,SPEC-COND,Specific conductance,Total,,340,uS/cm,True,1,,,2510,UHLLAKE,Actual,SW,Water,,,Lee,07080104,Lake,,40.712645,-91.435951
6,22560001,Poll Miller Park Lake,08/14/2006 10:15:00,AMBLAKE-SHL,TURB,Turbidity,Total,,15,NTU,True,1,,,180.1,UHLLAKE,Actual,SW,Water,,,Lee,07080104,Lake,,40.712645,-91.435951
6,22560001,Poll Miller Park Lake,08/14/2006 10:15:00,AMBLAKE-SHL,NIT-KJELD,Kjeldahl nitrogen (AS N),Total,,0.8,mg/l,True,0.1,,,351.2,UHLLAKE,Actual,SW,Water,,,Lee,07080104,Lake,,40.712645,-91.435951
6,22560001,Poll Miller Park Lake,09/20/2006 10:00:00,AMBLAKE-SHL,CLR-A-FREE,"Chlorophyll a, free of pheophytin",NonFilt,,11,ug/l,True,1,,,445,UHLLAKE,Actual,SW,Water,,,Lee,07080104,Lake,,40.712645,-91.435951
6,22560001,Poll Miller Park Lake,09/20/2006 10:00:00,AMBLAKE-SHL,7664-41-7,Ammonia (as NH3),Total,,0.01,mg/l,False,0.01,,,APHA 8010F,UHLLAKE,Actual,SW,Water,,,Lee,07080104,Lake,,40.712645,-91.435951
6,22560001,Poll Miller Park Lake,09/20/2006 10:00:00,AMBLAKE-SHL,PHOSP-PHOSP,Phosphate-phosphorus (as P),Total,,0.06,mg/l,True,0.02,,,365.4,UHLLAKE,Actual,SW,Water,,,Lee,07080104,Lake,,40.712645,-91.435951
6,22560001,Poll Miller Park Lake,07/06/2006 10:20:00,AMBLAKE-SHL,7631-86-9,Silica,Dissolved,,3.6,mg/l,True,1,,,370.1,UHLLAKE,Actual,SW,Water,,,Lee,07080104,Lake,,40.712645,-91.435951
6,22560001,Poll Miller Park Lake,07/06/2006 10:20:00,AMBLAKE-SHL,NIT-KJELD,Kjeldahl nitrogen (AS N),Total,,0.7,mg/l,True,0.1,,,351.2,UHLLAKE,Actual,SW,Water,,,Lee,07080104,Lake,,40.712645,-91.435951
6,22560001,Poll Miller Park Lake,07/06/2006 10:20:00,AMBLAKE-SHL,TURB,Turbidity,Total,,7,NTU,True,1,,,180.1,UHLLAKE,Actual,SW,Water,,,Lee,07080104,Lake,,40.712645,-91.435951
6,22560001,Poll Miller Park Lake,07/06/2006 10:20:00,AMBLAKE-SHL,7664-41-7,Ammonia (as NH3),Total,,0.01,mg/l,False,0.01,,,APHA 8010F,UHLLAKE,Actual,SW,Water,,,Lee,07080104,Lake,,40.712645,-91.435951
6,22560001,Poll Miller Park Lake,07/06/2006 10:20:00,AMBLAKE-SHL,7440-44-0,Carbon,Total,,7.8,mg/l,True,0.5,,,415.1,UHLLAKE,Actual,SW,Water,,,Lee,07080104,Lake,,40.712645,-91.435951
6,22560001,Poll Miller Park Lake,07/06/2006 10:20:00,AMBLAKE-SHL,PHOSP-PHOSP,Phosphate-phosphorus (as P),Total,,0.03,mg/l,True,0.02,,,365.4,UHLLAKE,Actual,SW,Water,,,Lee,07080104,Lake,,40.712645,-91.435951
6,22560001,Poll Miller Park Lake,07/06/2006 10:20:00,AMBLAKE-SHL,NIT-AMM,Ammonia-nitrogen (as N),Total,,0.05,mg/l,False,0.05,,,350.1,UHLLAKE,Actual,SW,Water,,,Lee,07080104,Lake,,40.712645,-91.435951
6,22560001,Poll Miller Park Lake,07/06/2006 10:20:00,AMBLAKE-SHL,TFSS,Fixed suspended solids,NonFilt,,2,mg/l,True,1,,,160.4,UHLLAKE,Calculated,SW,Water,,,Lee,07080104,Lake,,40.712645,-91.435951
6,22560001,Poll Miller Park Lake,07/06/2006 10:20:00,AMBLAKE-SHL,TVSS,Volatile Suspended Solids,NonFilt,,2,mg/l,True,1,,,160.4,UHLLAKE,Actual,SW,Water,,,Lee,07080104,Lake,,40.712645,-91.435951
6,22560001,Poll Miller Park Lake,07/06/2006 10:20:00,AMBLAKE-SHL,CLR-A-FREE,"Chlorophyll a, free of pheophytin",NonFilt,,10,ug/l,True,1,,,445,UHLLAKE,Actual,SW,Water,,,Lee,07080104,Lake,,40.712645,-91.435951
6,22560001,Poll Miller Park Lake,07/06/2006 10:20:00,AMBLAKE-SHL,SPEC-COND,Specific conductance,Total,,385,uS/cm,True,1,,,2510,UHLLAKE,Actual,SW,Water,,,Lee,07080104,Lake,,40.712645,-91.435951
6,22560001,Poll Miller Park Lake,07/06/2006 10:20:00,AMBLAKE-SHL,14265-44-2,Orthophosphate (as P),Dissolved,,0.02,mg/l,False,0.02,,,365.1,UHLLAKE,Actual,SW,Water,,,Lee,07080104,Lake,,40.712645,-91.435951
6,22560001,Poll Miller Park Lake,07/06/2006 10:20:00,AMBLAKE-SHL,ALK-TOT,"Alkalinity, total",Total,,140,mg/l CaCO3,True,1,,,2320,UHLLAKE,Actual,SW,Water,,,Lee,07080104,Lake,,40.712645,-91.435951
6,22560001,Poll Miller Park Lake,05/07/2007 13:15:00,AMBLAKE-SHL,PH,pH,Total,,8.2,None,True,,,,4500-H,,Actual,SW,Water,,,Lee,07080104,Lake,,40.712645,-91.435951
6,22560001,Poll Miller Park Lake,05/07/2007 13:15:00,AMBLAKE-SHL,7782-44-7,Dissolved oxygen (DO),Total,,9.3,mg/l,True,0.1,,,Unknown,,Actual,SW,Water,,,Lee,07080104,Lake,,40.712645,-91.435951
6,22560001,Poll Miller Park Lake,05/07/2007 13:15:00,AMBLAKE-SHL,DEPTH-BOTTOM,"Depth, bottom",Total,,7.9,m,True,,,,Unknown,,Actual,SW,Water,,,Lee,07080104,Lake,,40.712645,-91.435951
6,22560001,Poll Miller Park Lake,05/07/2007 13:15:00,AMBLAKE-SHL,DEPTH-SECCHI,"Depth, Secchi disk depth",Total,,1.3,m,True,0.01,,,Unknown,,Actual,SW,Water,,,Lee,07080104,Lake,,40.712645,-91.435951
6,22560001,Poll Miller Park Lake,05/07/2007 13:15:00,AMBLAKE-SHL,TEMP-WATER,"Temperature, water",Total,,17.9,deg C,True,0,,,Unknown,,Actual,SW,Water,,,Lee,07080104,Lake,,40.712645,-91.435951
6,22560001,Poll Miller Park Lake,05/07/2007 13:15:00,AMBLAKE-SHL,TDS,Total dissolved solids,Dissolved,,228,mg/l,True,,,,HYDROLAB,,Calculated,SW,Water,,,Lee,07080104,Lake,,40.712645,-91.435951
6,22560001,Poll Miller Park Lake,05/07/2007 13:15:00,AMBLAKE-SHL,ALK-TOT,"Alkalinity, total",Total,,130,mg/l CaCO3,True,1,,,2320,UHLLAKE,Actual,SW,Water,,,Lee,07080104,Lake,,40.712645,-91.435951
6,22560001,Poll Miller Park Lake,05/07/2007 13:15:00,AMBLAKE-SHL,TFSS,Fixed suspended solids,NonFilt,,4,mg/l,True,1,,,160.4,UHLLAKE,Calculated,SW,Water,,,Lee,07080104,Lake,,40.712645,-91.435951
6,22560001,Poll Miller Park Lake,05/07/2007 13:15:00,AMBLAKE-SHL,TVSS,Volatile Suspended Solids,NonFilt,,2,mg/l,True,1,,,160.4,UHLLAKE,Actual,SW,Water,,,Lee,07080104,Lake,,40.712645,-91.435951
6,22560001,Poll Miller Park Lake,05/07/2007 13:15:00,AMBLAKE-SHL,7664-41-7,Ammonia (as NH3),Total,,0.01,mg/l,False,0.01,,,APHA 8010F,UHLLAKE,Actual,SW,Water,,,Lee,07080104,Lake,,40.712645,-91.435951
6,22560001,Poll Miller Park Lake,05/07/2007 13:15:00,AMBLAKE-SHL,NIT-KJELD,Kjeldahl nitrogen (AS N),Total,,0.6,mg/l,True,0.1,,,351.2,UHLLAKE,Actual,SW,Water,,,Lee,07080104,Lake,,40.712645,-91.435951
6,22560001,Poll Miller Park Lake,05/07/2007 13:15:00,AMBLAKE-SHL,NIT-NO3-NO2,Inorganic nitrogen (nitrate and nitrite) (as N),Total,,0.05,mg/l,False,0.05,,,353.2,UHLLAKE,Actual,SW,Water,,,Lee,07080104,Lake,,40.712645,-91.435951
6,22560001,Poll Miller Park Lake,05/07/2007 13:15:00,AMBLAKE-SHL,NIT-AMM,Ammonia-nitrogen (as N),Total,,0.05,mg/l,False,0.05,,,350.1,UHLLAKE,Actual,SW,Water,,,Lee,07080104,Lake,,40.712645,-91.435951
6,22560001,Poll Miller Park Lake,05/07/2007 13:15:00,AMBLAKE-SHL,PHOSP-PHOSP,Phosphate-phosphorus (as P),Total,,0.05,mg/l,True,0.02,,,365.4,UHLLAKE,Actual,SW,Water,,,Lee,07080104,Lake,,40.712645,-91.435951
6,22560001,Poll Miller Park Lake,05/07/2007 13:15:00,AMBLAKE-SHL,7631-86-9,Silica,Dissolved,,1.2,mg/l,True,1,,,4500-SI(D),UHLLAKE,Actual,SW,Water,,,Lee,07080104,Lake,,40.712645,-91.435951
6,22560001,Poll Miller Park Lake,05/07/2007 13:15:00,AMBLAKE-SHL,TURB,Turbidity,Total,,16,NTU,True,1,,,180.1,UHLLAKE,Actual,SW,Water,,,Lee,07080104,Lake,,40.712645,-91.435951
6,22560001,Poll Miller Park Lake,05/07/2007 13:15:00,AMBLAKE-SHL,CLR-A-FREE,"Chlorophyll a, free of pheophytin",NonFilt,,6,ug/l,True,1,,,445,UHLLAKE,Actual,SW,Water,,,Lee,07080104,Lake,,40.712645,-91.435951
6,22560001,Poll Miller Park Lake,07/23/2007 09:35:00,AMBLAKE-SHL,7782-44-7,Dissolved oxygen (DO),Total,,7.3,mg/l,True,0.1,,,Unknown,,Actual,SW,Water,,,Lee,07080104,Lake,,40.712645,-91.435951
6,22560001,Poll Miller Park Lake,07/23/2007 09:35:00,AMBLAKE-SHL,DEPTH-BOTTOM,"Depth, bottom",Total,,8.1,m,True,,,,Unknown,,Actual,SW,Water,,,Lee,07080104,Lake,,40.712645,-91.435951
6,22560001,Poll Miller Park Lake,07/23/2007 09:35:00,AMBLAKE-SHL,DEPTH-SECCHI,"Depth, Secchi disk depth",Total,,1.9,m,True,0.1,,,Unknown,,Actual,SW,Water,,,Lee,07080104,Lake,,40.712645,-91.435951
6,22560001,Poll Miller Park Lake,07/23/2007 09:35:00,AMBLAKE-SHL,TEMP-WATER,"Temperature, water",Total,,26.1,deg C,True,0,,,Unknown,,Actual,SW,Water,,,Lee,07080104,Lake,,40.712645,-91.435951
6,22560001,Poll Miller Park Lake,07/23/2007 09:35:00,AMBLAKE-SHL,TDS,Total dissolved solids,Dissolved,,222,mg/l,True,,,,HYDROLAB,,Calculated,SW,Water,,,Lee,07080104,Lake,,40.712645,-91.435951
6,22560001,Poll Miller Park Lake,07/23/2007 09:35:00,AMBLAKE-SHL,PH,pH,Total,,8.1,None,True,,,,4500-H,,Actual,SW,Water,,,Lee,07080104,Lake,,40.712645,-91.435951
6,22560001,Poll Miller Park Lake,08/23/2007 13:15:00,AMBLAKE-SHL,7782-44-7,Dissolved oxygen (DO),Total,,7.8,mg/l,True,0.1,,,Unknown,,Actual,SW,Water,,,Lee,07080104,Lake,,40.712645,-91.435951
6,22560001,Poll Miller Park Lake,08/23/2007 13:15:00,AMBLAKE-SHL,DEPTH-BOTTOM,"Depth, bottom",Total,,7.5,m,True,,,,Unknown,,Actual,SW,Water,,,Lee,07080104,Lake,,40.712645,-91.435951
6,22560001,Poll Miller Park Lake,08/23/2007 13:15:00,AMBLAKE-SHL,DEPTH-SECCHI,"Depth, Secchi disk depth",Total,,1.5,m,True,0.1,,,Unknown,,Actual,SW,Water,,,Lee,07080104,Lake,,40.712645,-91.435951
6,22560001,Poll Miller Park Lake,08/23/2007 13:15:00,AMBLAKE-SHL,TEMP-WATER,"Temperature, water",Total,,27.9,deg C,True,0,,,Unknown,,Actual,SW,Water,,,Lee,07080104,Lake,,40.712645,-91.435951
6,22560001,Poll Miller Park Lake,08/23/2007 13:15:00,AMBLAKE-SHL,PH,pH,Total,,8.2,None,True,,,,4500-H,,Actual,SW,Water,,,Lee,07080104,Lake,,40.712645,-91.435951
6,22560001,Poll Miller Park Lake,08/23/2007 13:15:00,AMBLAKE-SHL,TDS,Total dissolved solids,Dissolved,,209,mg/l,True,,,,HYDROLAB,,Calculated,SW,Water,,,Lee,07080104,Lake,,40.712645,-91.435951
6,22560001,Poll Miller Park Lake,08/23/2007 13:15:00,AMBLAKE-SHL,NIT-AMM,Ammonia-nitrogen (as N),Total,,0.05,mg/l,False,0.05,,,350.1,UHLLAKE,Actual,SW,Water,,,Lee,07080104,Lake,,40.712645,-91.435951
6,22560001,Poll Miller Park Lake,08/23/2007 13:15:00,AMBLAKE-SHL,7631-86-9,Silica,Dissolved,,1.1,mg/l,True,1,,,4500-SI(D),UHLLAKE,Actual,SW,Water,,,Lee,07080104,Lake,,40.712645,-91.435951
6,22560001,Poll Miller Park Lake,08/23/2007 13:15:00,AMBLAKE-SHL,TURB,Turbidity,Total,,5,NTU,True,1,,,180.1,UHLLAKE,Actual,SW,Water,,,Lee,07080104,Lake,,40.712645,-91.435951
6,22560001,Poll Miller Park Lake,08/23/2007 13:15:00,AMBLAKE-SHL,SPEC-COND,Specific conductance,Total,,326,uS/cm,True,1,,,2510,UHLLAKE,Actual,SW,Water,,,Lee,07080104,Lake,,40.712645,-91.435951
6,22560001,Poll Miller Park Lake,08/23/2007 13:15:00,AMBLAKE-SHL,7664-41-7,Ammonia (as NH3),Total,,0.01,mg/l,False,0.01,,,APHA 8010F,UHLLAKE,Actual,SW,Water,,,Lee,07080104,Lake,,40.712645,-91.435951
6,22560001,Poll Miller Park Lake,08/23/2007 13:15:00,AMBLAKE-SHL,PHOSP-PHOSP,Phosphate-phosphorus (as P),Total,,0.05,mg/l,True,0.02,,,365.4,UHLLAKE,Actual,SW,Water,,,Lee,07080104,Lake,,40.712645,-91.435951
6,22560001,Poll Miller Park Lake,08/23/2007 13:15:00,AMBLAKE-SHL,CLR-A-FREE,"Chlorophyll a, free of pheophytin",NonFilt,,14,ug/l,True,1,,,445,UHLLAKE,Actual,SW,Water,,,Lee,07080104,Lake,,40.712645,-91.435951
6,22560001,Poll Miller Park Lake,08/23/2007 13:15:00,AMBLAKE-SHL,TFSS,Fixed suspended solids,NonFilt,,2,mg/l,True,1,,,160.4,UHLLAKE,Calculated,SW,Water,,,Lee,07080104,Lake,,40.712645,-91.435951
6,22560001,Poll Miller Park Lake,08/23/2007 13:15:00,AMBLAKE-SHL,TVSS,Volatile Suspended Solids,NonFilt,,4,mg/l,True,1,,,160.4,UHLLAKE,Actual,SW,Water,,,Lee,07080104,Lake,,40.712645,-91.435951
6,22560001,Poll Miller Park Lake,08/23/2007 13:15:00,AMBLAKE-SHL,NIT-KJELD,Kjeldahl nitrogen (AS N),Total,,0.6,mg/l,True,0.1,,,351.2,UHLLAKE,Actual,SW,Water,,,Lee,07080104,Lake,,40.712645,-91.435951
6,22560001,Poll Miller Park Lake,08/23/2007 13:15:00,AMBLAKE-SHL,TSS,Total suspended solids,NonFilt,,6,mg/l,True,1,,,I3765,UHLLAKE,Actual,SW,Water,,,Lee,07080104,Lake,,40.712645,-91.435951
6,22560001,Poll Miller Park Lake,08/23/2007 13:15:00,AMBLAKE-SHL,ALK-TOT,"Alkalinity, total",Total,,120,mg/l CaCO3,True,1,,,2320,UHLLAKE,Actual,SW,Water,,,Lee,07080104,Lake,,40.712645,-91.435951
6,22560001,Poll Miller Park Lake,08/23/2007 13:15:00,AMBLAKE-SHL,NIT-NO3-NO2,Inorganic nitrogen (nitrate and nitrite) (as N),Total,,0.05,mg/l,False,0.05,,,353.2,UHLLAKE,Actual,SW,Water,,,Lee,07080104,Lake,,40.712645,-91.435951
6,22560001,Poll Miller Park Lake,08/23/2007 13:15:00,AMBLAKE-SHL,14265-44-2,Orthophosphate (as P),Dissolved,,0.02,mg/l,False,0.02,,,365.1,UHLLAKE,Actual,SW,Water,,,Lee,07080104,Lake,,40.712645,-91.435951
6,22560001,Poll Miller Park Lake,08/23/2007 13:15:00,AMBLAKE-SHL,7440-44-0,Carbon,Total,,7.4,mg/l,True,0.5,,,5310-B,UHLLAKE,Actual,SW,Water,,,Lee,07080104,Lake,,40.712645,-91.435951
6,22560001,Poll Miller Park Lake,05/14/2008 09:15:00,AMBLAKE-SHL,TDS,Total dissolved solids,Dissolved,,228,mg/l,True,,,,160.1,UHLLAKE,Actual,SW,Water,,,Lee,07080104,Lake,,40.712645,-91.435951
6,22560001,Poll Miller Park Lake,05/14/2008 09:15:00,AMBLAKE-SHL,NIT-AMM,Ammonia-nitrogen (as N),Total,,0.05,mg/l,False,0.05,,,350.1,UHLLAKE,Actual,SW,Water,,,Lee,07080104,Lake,,40.712645,-91.435951
6,22560001,Poll Miller Park Lake,05/14/2008 09:15:00,AMBLAKE-SHL,7440-44-0,Carbon,Total,,7.5,mg/l,True,0.5,,,5310-B,UHLLAKE,Actual,SW,Water,,,Lee,07080104,Lake,,40.712645,-91.435951
6,22560001,Poll Miller Park Lake,05/14/2008 09:15:00,AMBLAKE-SHL,7664-41-7,Ammonia (as NH3),Total,,0.01,mg/l,False,0.01,,,APHA 8010F,UHLLAKE,Actual,SW,Water,,,Lee,07080104,Lake,,40.712645,-91.435951
6,22560001,Poll Miller Park Lake,05/14/2008 09:15:00,AMBLAKE-SHL,TURB,Turbidity,Total,,17,NTU,True,,,,180.1,UHLLAKE,Actual,SW,Water,,,Lee,07080104,Lake,,40.712645,-91.435951
6,22560001,Poll Miller Park Lake,05/14/2008 09:15:00,AMBLAKE-SHL,SPEC-COND,Specific conductance,Total,,356,umho/cm,True,,,,2510,UHLLAKE,Actual,SW,Water,,,Lee,07080104,Lake,,40.712645,-91.435951
6,22560001,Poll Miller Park Lake,07/23/2008 09:50:00,AMBLAKE-SHL,DEPTH-BOTTOM,"Depth, bottom",Total,,7.5,m,True,,,,Unknown,,Actual,SW,Water,,,Lee,07080104,Lake,,40.712645,-91.435951
6,22560001,Poll Miller Park Lake,07/23/2008 09:50:00,AMBLAKE-SHL,DEPTH-SECCHI,"Depth, Secchi disk depth",Total,,1.6,m,True,,,,Unknown,,Actual,SW,Water,,,Lee,07080104,Lake,,40.712645,-91.435951
6,22560001,Poll Miller Park Lake,07/23/2008 09:50:00,AMBLAKE-SHL,TEMP-WATER,"Temperature, water",Total,,28.1,deg C,True,,,,Unknown,,Actual,SW,Water,,,Lee,07080104,Lake,,40.712645,-91.435951
6,22560001,Poll Miller Park Lake,07/23/2008 09:50:00,AMBLAKE-SHL,PH,pH,Total,,8.7,None,True,,,,4500-H,,Actual,SW,Water,,,Lee,07080104,Lake,,40.712645,-91.435951
6,22560001,Poll Miller Park Lake,07/23/2008 09:50:00,AMBLAKE-SHL,7782-44-7,Dissolved oxygen (DO),Total,,9.6,mg/l,True,,,,4500-O-G,,Actual,SW,Water,,,Lee,07080104,Lake,,40.712645,-91.435951
6,22560001,Poll Miller Park Lake,07/23/2008 09:50:00,AMBLAKE-SHL,NIT-AMM,Ammonia-nitrogen (as N),Total,,0.05,mg/l,False,0.05,,,350.1,UHLLAKE,Actual,SW,Water,,,Lee,07080104,Lake,,40.712645,-91.435951
6,22560001,Poll Miller Park Lake,07/23/2008 09:50:00,AMBLAKE-SHL,14265-44-2,Orthophosphate (as P),Dissolved,,0.02,mg/l,False,0.02,,,365.1,UHLLAKE,Actual,SW,Water,,,Lee,07080104,Lake,,40.712645,-91.435951
6,22560001,Poll Miller Park Lake,07/23/2008 09:50:00,AMBLAKE-SHL,SPEC-COND,Specific conductance,Total,,309,umho/cm,True,,,,2510,UHLLAKE,Actual,SW,Water,,,Lee,07080104,Lake,,40.712645,-91.435951
6,22560001,Poll Miller Park Lake,07/23/2008 09:50:00,AMBLAKE-SHL,7664-41-7,Ammonia (as NH3),Total,,0.01,mg/l,False,0.01,,,APHA 8010F,UHLLAKE,Actual,SW,Water,,,Lee,07080104,Lake,,40.712645,-91.435951
6,22560001,Poll Miller Park Lake,07/23/2008 09:50:00,AMBLAKE-SHL,7631-86-9,Silica,Dissolved,,3.6,mg/l,True,1,,,4500-SI(D),UHLLAKE,Actual,SW,Water,,,Lee,07080104,Lake,,40.712645,-91.435951
6,22560001,Poll Miller Park Lake,07/23/2008 09:50:00,AMBLAKE-SHL,TFSS,Fixed suspended solids,NonFilt,,2,mg/l,True,1,,,160.4,UHLLAKE,Calculated,SW,Water,,,Lee,07080104,Lake,,40.712645,-91.435951
6,22560001,Poll Miller Park Lake,07/23/2008 09:50:00,AMBLAKE-SHL,TVSS,Volatile Suspended Solids,NonFilt,,3,mg/l,True,1,,,160.4,UHLLAKE,Actual,SW,Water,,,Lee,07080104,Lake,,40.712645,-91.435951
6,22560001,Poll Miller Park Lake,07/23/2008 09:50:00,AMBLAKE-SHL,TURB,Turbidity,Total,,6,NTU,True,,,,180.1,UHLLAKE,Actual,SW,Water,,,Lee,07080104,Lake,,40.712645,-91.435951
6,22560001,Poll Miller Park Lake,07/23/2008 09:50:00,AMBLAKE-SHL,NIT-KJELD,Kjeldahl nitrogen (AS N),Total,,0.7,mg/l,True,0.1,,,351.2,UHLLAKE,Actual,SW,Water,,,Lee,07080104,Lake,,40.712645,-91.435951
6,22560001,Poll Miller Park Lake,07/23/2008 09:50:00,AMBLAKE-SHL,TDS,Total dissolved solids,Dissolved,,198,mg/l,True,,,,160.1,UHLLAKE,Actual,SW,Water,,,Lee,07080104,Lake,,40.712645,-91.435951
6,22560001,Poll Miller Park Lake,07/23/2008 09:50:00,AMBLAKE-SHL,TSS,Total suspended solids,NonFilt,,5,mg/l,True,1,,,I3765,UHLLAKE,Actual,SW,Water,,,Lee,07080104,Lake,,40.712645,-91.435951
6,22560001,Poll Miller Park Lake,07/23/2008 09:50:00,AMBLAKE-SHL,NIT-NO3-NO2,Inorganic nitrogen (nitrate and nitrite) (as N),Total,,0.05,mg/l,False,0.05,,,353.2,UHLLAKE,Actual,SW,Water,,,Lee,07080104,Lake,,40.712645,-91.435951
6,22560001,Poll Miller Park Lake,07/23/2008 09:50:00,AMBLAKE-SHL,PHOSP-PHOSP,Phosphate-phosphorus (as P),Total,,0.03,mg/l,True,0.02,,,365.4,UHLLAKE,Actual,SW,Water,,,Lee,07080104,Lake,,40.712645,-91.435951
6,22560001,Poll Miller Park Lake,07/23/2008 09:50:00,AMBLAKE-SHL,ALK-TOT,"Alkalinity, total",Total,,120,mg/l CaCO3,True,1,,,2320,UHLLAKE,Actual,SW,Water,,,Lee,07080104,Lake,,40.712645,-91.435951
6,22560001,Poll Miller Park Lake,07/23/2008 09:50:00,AMBLAKE-SHL,CLR-A-FREE,"Chlorophyll a, free of pheophytin",NonFilt,,5,ug/l,True,1,,,445,UHLLAKE,Actual,SW,Water,,,Lee,07080104,Lake,,40.712645,-91.435951
6,22560001,Poll Miller Park Lake,07/23/2008 09:50:00,AMBLAKE-SHL,7440-44-0,Carbon,Total,,7.3,mg/l,True,0.5,,,5310-B,UHLLAKE,Actual,SW,Water,,,Lee,07080104,Lake,,40.712645,-91.435951
6,22560001,Poll Miller Park Lake,06/28/2000 10:30:00,AMBLAKE-ISU,7782-44-7,Dissolved oxygen (DO),Total,,10.6,mg/l,True,,,,ISU 4500-O-G,,Actual,SW,Water,,,Lee,07080104,Lake,,40.712645,-91.435951
6,22560001,Poll Miller Park Lake,06/28/2000 10:30:00,AMBLAKE-ISU,DO-SAT,Dissolved oxygen saturation,Total,,125,%,True,,,,ISU 4500-O-G,,Actual,SW,Water,,,Lee,07080104,Lake,,40.712645,-91.435951
6,22560001,Poll Miller Park Lake,06/28/2000 10:30:00,AMBLAKE-ISU,PH,pH,Total,,8.5,None,True,,,,ISU 4500-H,,Actual,SW,Water,,,Lee,07080104,Lake,,40.712645,-91.435951
6,22560001,Poll Miller Park Lake,06/28/2000 10:30:00,AMBLAKE-ISU,SPEC-COND,Specific conductance,Total,,258,uS/cm,True,,,,ISU 2510,,Actual,SW,Water,,,Lee,07080104,Lake,,40.712645,-91.435951
6,22560001,Poll Miller Park Lake,06/28/2000 10:30:00,AMBLAKE-ISU,TEMP-WATER,"Temperature, water",Total,,23.4,deg C,True,,,,ISU 2550,,Actual,SW,Water,,,Lee,07080104,Lake,,40.712645,-91.435951
6,22560001,Poll Miller Park Lake,06/28/2000 10:30:00,AMBLAKE-ISU,TURB,Turbidity,Total,,25,NTU,True,,,,ISU 2130-B,,Actual,SW,Water,,,Lee,07080104,Lake,,40.712645,-91.435951
6,22560001,Poll Miller Park Lake,06/28/2000 10:30:00,AMBLAKE-ISU,ALK-TOT,"Alkalinity, total",Total,,165,mg/l CaCO3,True,2,,,2320,ISULAKE,Actual,SW,Water,,,Lee,07080104,Lake,,40.712645,-91.435951
6,22560001,Poll Miller Park Lake,06/28/2000 10:30:00,AMBLAKE-ISU,479-61-8,Chlorophyll a,NonFilt,,22.3,ug/l,True,1,,,10200-H,ISULAKE,Actual,SW,Water,,,Lee,07080104,Lake,,40.712645,-91.435951
6,22560001,Poll Miller Park Lake,06/28/2000 10:30:00,AMBLAKE-ISU,NIT-NO3-NO2,Inorganic nitrogen (nitrate and nitrite) (as N),Total,,0.19,mg/l,True,0.12,,,SEC_DERIV_UV,ISULAKE,Actual,SW,Water,,,Lee,07080104,Lake,,40.712645,-91.435951
6,22560001,Poll Miller Park Lake,06/28/2000 10:30:00,AMBLAKE-ISU,NIT-NUTRIENT,Nutrient-nitrogen,Total,,1.02,mg/l,True,0.28,,,SEC_DERIV_UV,ISULAKE,Actual,SW,Water,,,Lee,07080104,Lake,,40.712645,-91.435951
6,22560001,Poll Miller Park Lake,06/28/2000 10:30:00,AMBLAKE-ISU,TFSS,Fixed suspended solids,NonFilt,,6,mg/l,True,1,,,2540-E,ISULAKE,Actual,SW,Water,,,Lee,07080104,Lake,,40.712645,-91.435951
6,22560001,Poll Miller Park Lake,06/28/2000 10:30:00,AMBLAKE-ISU,TSS,Total suspended solids,NonFilt,,11,mg/l,True,1,,,2540-E,ISULAKE,Actual,SW,Water,,,Lee,07080104,Lake,,40.712645,-91.435951
6,22560001,Poll Miller Park Lake,06/28/2000 10:30:00,AMBLAKE-ISU,TVSS,Volatile Suspended Solids,NonFilt,,5,mg/l,True,1,,,2540-E,ISULAKE,Actual,SW,Water,,,Lee,07080104,Lake,,40.712645,-91.435951
6,22560001,Poll Miller Park Lake,07/25/2000 15:00:00,AMBLAKE-ISU,DEPTH-BOTTOM,"Depth, bottom",Total,,6.1,m,True,,,,Unknown,,Actual,SW,Water,,,Lee,07080104,Lake,,40.712645,-91.435951
6,22560001,Poll Miller Park Lake,07/25/2000 15:00:00,AMBLAKE-ISU,DEPTH-SECCHI,"Depth, Secchi disk depth",Total,,1.18,m,True,,,,ISU SECCHI,,Actual,SW,Water,,,Lee,07080104,Lake,,40.712645,-91.435951
6,22560001,Poll Miller Park Lake,07/25/2000 15:00:00,AMBLAKE-ISU,7782-44-7,Dissolved oxygen (DO),Total,,7.7,mg/l,True,,,,ISU 4500-O-G,,Actual,SW,Water,,,Lee,07080104,Lake,,40.712645,-91.435951
6,22560001,Poll Miller Park Lake,07/25/2000 15:00:00,AMBLAKE-ISU,DO-SAT,Dissolved oxygen saturation,Total,,92,%,True,,,,ISU 4500-O-G,,Actual,SW,Water,,,Lee,07080104,Lake,,40.712645,-91.435951
6,22560001,Poll Miller Park Lake,07/25/2000 15:00:00,AMBLAKE-ISU,PH,pH,Total,,8.7,None,True,,,,ISU 4500-H,,Actual,SW,Water,,,Lee,07080104,Lake,,40.712645,-91.435951
6,22560001,Poll Miller Park Lake,07/25/2000 15:00:00,AMBLAKE-ISU,SPEC-COND,Specific conductance,Total,,305,uS/cm,True,,,,ISU 2510,,Actual,SW,Water,,,Lee,07080104,Lake,,40.712645,-91.435951
6,22560001,Poll Miller Park Lake,07/25/2000 15:00:00,AMBLAKE-ISU,TEMP-WATER,"Temperature, water",Total,,24.7,deg C,True,,,,ISU 2550,,Actual,SW,Water,,,Lee,07080104,Lake,,40.712645,-91.435951
6,22560001,Poll Miller Park Lake,07/25/2000 15:00:00,AMBLAKE-ISU,TURB,Turbidity,Total,,8,NTU,True,,,,ISU 2130-B,,Actual,SW,Water,,,Lee,07080104,Lake,,40.712645,-91.435951
6,22560001,Poll Miller Park Lake,07/25/2000 15:00:00,AMBLAKE-ISU,ALK-TOT,"Alkalinity, total",Total,,115,mg/l CaCO3,True,2,,,2320,ISULAKE,Actual,SW,Water,,,Lee,07080104,Lake,,40.712645,-91.435951
6,22560001,Poll Miller Park Lake,07/25/2000 15:00:00,AMBLAKE-ISU,479-61-8,Chlorophyll a,NonFilt,,31.2,ug/l,True,1,,,10200-H,ISULAKE,Actual,SW,Water,,,Lee,07080104,Lake,,40.712645,-91.435951
6,22560001,Poll Miller Park Lake,07/25/2000 15:00:00,AMBLAKE-ISU,NIT-NO3-NO2,Inorganic nitrogen (nitrate and nitrite) (as N),Total,,1.27,mg/l,True,0.12,,,SEC_DERIV_UV,ISULAKE,Actual,SW,Water,,,Lee,07080104,Lake,,40.712645,-91.435951
6,22560001,Poll Miller Park Lake,07/25/2000 15:00:00,AMBLAKE-ISU,NIT-NUTRIENT,Nutrient-nitrogen,Total,,2.53,mg/l,True,0.28,,,SEC_DERIV_UV,ISULAKE,Actual,SW,Water,,,Lee,07080104,Lake,,40.712645,-91.435951
6,22560001,Poll Miller Park Lake,08/15/2000 10:00:00,AMBLAKE-ISU,DEPTH-BOTTOM,"Depth, bottom",Total,,7.6,m,True,,,,Unknown,,Actual,SW,Water,,,Lee,07080104,Lake,,40.712645,-91.435951
6,22560001,Poll Miller Park Lake,08/15/2000 10:00:00,AMBLAKE-ISU,DEPTH-SECCHI,"Depth, Secchi disk depth",Total,,2.45,m,True,,,,ISU SECCHI,,Actual,SW,Water,,,Lee,07080104,Lake,,40.712645,-91.435951
6,22560001,Poll Miller Park Lake,08/15/2000 10:00:00,AMBLAKE-ISU,7782-44-7,Dissolved oxygen (DO),Total,,6.8,mg/l,True,,,,ISU 4500-O-G,,Actual,SW,Water,,,Lee,07080104,Lake,,40.712645,-91.435951
6,22560001,Poll Miller Park Lake,08/15/2000 10:00:00,AMBLAKE-ISU,DO-SAT,Dissolved oxygen saturation,Total,,85,%,True,,,,ISU 4500-O-G,,Actual,SW,Water,,,Lee,07080104,Lake,,40.712645,-91.435951
6,22560001,Poll Miller Park Lake,08/15/2000 10:00:00,AMBLAKE-ISU,PH,pH,Total,,8.6,None,True,,,,ISU 4500-H,,Actual,SW,Water,,,Lee,07080104,Lake,,40.712645,-91.435951
6,22560001,Poll Miller Park Lake,08/15/2000 10:00:00,AMBLAKE-ISU,SPEC-COND,Specific conductance,Total,,260,uS/cm,True,,,,ISU 2510,,Actual,SW,Water,,,Lee,07080104,Lake,,40.712645,-91.435951
6,22560001,Poll Miller Park Lake,08/15/2000 10:00:00,AMBLAKE-ISU,TEMP-WATER,"Temperature, water",Total,,26.7,deg C,True,,,,ISU 2550,,Actual,SW,Water,,,Lee,07080104,Lake,,40.712645,-91.435951
6,22560001,Poll Miller Park Lake,08/15/2000 10:00:00,AMBLAKE-ISU,TURB,Turbidity,Total,,10,NTU,True,,,,ISU 2130-B,,Actual,SW,Water,,,Lee,07080104,Lake,,40.712645,-91.435951
6,22560001,Poll Miller Park Lake,08/15/2000 10:00:00,AMBLAKE-ISU,ALK-TOT,"Alkalinity, total",Total,,124,mg/l CaCO3,True,2,,,2320,ISULAKE,Actual,SW,Water,,,Lee,07080104,Lake,,40.712645,-91.435951
6,22560001,Poll Miller Park Lake,08/15/2000 10:00:00,AMBLAKE-ISU,479-61-8,Chlorophyll a,NonFilt,,6.3,ug/l,True,1,,,10200-H,ISULAKE,Actual,SW,Water,,,Lee,07080104,Lake,,40.712645,-91.435951
6,22560001,Poll Miller Park Lake,08/15/2000 10:00:00,AMBLAKE-ISU,NIT-NO3-NO2,Inorganic nitrogen (nitrate and nitrite) (as N),Total,,0.12,mg/l,False,0.12,,,SEC_DERIV_UV,ISULAKE,Actual,SW,Water,,,Lee,07080104,Lake,,40.712645,-91.435951
6,22560001,Poll Miller Park Lake,08/15/2000 10:00:00,AMBLAKE-ISU,NIT-NUTRIENT,Nutrient-nitrogen,Total,,1.13,mg/l,True,0.28,,,SEC_DERIV_UV,ISULAKE,Actual,SW,Water,,,Lee,07080104,Lake,,40.712645,-91.435951
6,22560001,Poll Miller Park Lake,05/30/2001 20:05:00,AMBLAKE-ISU,TFSS,Fixed suspended solids,NonFilt,,4,mg/l,True,1,,,2540-E,ISULAKE,Actual,SW,Water,,,Lee,07080104,Lake,,40.712645,-91.435951
6,22560001,Poll Miller Park Lake,05/30/2001 20:05:00,AMBLAKE-ISU,TSS,Total suspended solids,NonFilt,,9,mg/l,True,1,,,2540-E,ISULAKE,Actual,SW,Water,,,Lee,07080104,Lake,,40.712645,-91.435951
6,22560001,Poll Miller Park Lake,05/30/2001 20:05:00,AMBLAKE-ISU,TVSS,Volatile Suspended Solids,NonFilt,,4,mg/l,True,1,,,2540-E,ISULAKE,Actual,SW,Water,,,Lee,07080104,Lake,,40.712645,-91.435951
6,22560001,Poll Miller Park Lake,06/26/2001 00:00:00,AMBLAKE-ISU,DEPTH-SECCHI,"Depth, Secchi disk depth",Total,,2.5,m,True,,,,ISU SECCHI,,Actual,SW,Water,,,Lee,07080104,Lake,,40.712645,-91.435951
6,22560001,Poll Miller Park Lake,06/26/2001 00:00:00,AMBLAKE-ISU,SPEC-COND,Specific conductance,Total,,312,uS/cm,True,,,,ISU 2510,,Actual,SW,Water,,,Lee,07080104,Lake,,40.712645,-91.435951
6,22560001,Poll Miller Park Lake,06/26/2001 00:00:00,AMBLAKE-ISU,PH,pH,Total,,8.8,None,True,,,,ISU 4500-H,,Actual,SW,Water,,,Lee,07080104,Lake,,40.712645,-91.435951
6,22560001,Poll Miller Park Lake,06/26/2001 00:00:00,AMBLAKE-ISU,ALK-TOT,"Alkalinity, total",Total,,106,mg/l CaCO3,True,2,,,2320,ISULAKE,Actual,SW,Water,,,Lee,07080104,Lake,,40.712645,-91.435951
6,22560001,Poll Miller Park Lake,06/26/2001 00:00:00,AMBLAKE-ISU,NIT-NO3-NO2,Inorganic nitrogen (nitrate and nitrite) (as N),Total,,0.17,mg/l,True,0.12,,,SEC_DERIV_UV,ISULAKE,Actual,SW,Water,,,Lee,07080104,Lake,,40.712645,-91.435951
6,22560001,Poll Miller Park Lake,06/26/2001 00:00:00,AMBLAKE-ISU,NIT-NUTRIENT,Nutrient-nitrogen,Total,,1.46,mg/l,True,0.28,,,SEC_DERIV_UV,ISULAKE,Actual,SW,Water,,,Lee,07080104,Lake,,40.712645,-91.435951
6,22560001,Poll Miller Park Lake,06/26/2001 00:00:00,AMBLAKE-ISU,479-61-8,Chlorophyll a,NonFilt,,7.2,ug/l,True,1,,,10200-H,ISULAKE,Actual,SW,Water,,,Lee,07080104,Lake,,40.712645,-91.435951
6,22560001,Poll Miller Park Lake,06/26/2001 00:00:00,AMBLAKE-ISU,PHOSP-PHOSP,Phosphate-phosphorus (as P),Total,,0.035,mg/l,True,0.002,,,ISU 4500-P-E,ISULAKE,Actual,SW,Water,,,Lee,07080104,Lake,,40.712645,-91.435951
6,22560001,Poll Miller Park Lake,06/26/2001 00:00:00,AMBLAKE-ISU,TFSS,Fixed suspended solids,NonFilt,,6,mg/l,True,1,,,2540-E,ISULAKE,Actual,SW,Water,,,Lee,07080104,Lake,,40.712645,-91.435951
6,22560001,Poll Miller Park Lake,06/26/2001 00:00:00,AMBLAKE-ISU,TSS,Total suspended solids,NonFilt,,10,mg/l,True,1,,,2540-E,ISULAKE,Actual,SW,Water,,,Lee,07080104,Lake,,40.712645,-91.435951
6,22560001,Poll Miller Park Lake,06/26/2001 00:00:00,AMBLAKE-ISU,TVSS,Volatile Suspended Solids,NonFilt,,4,mg/l,True,1,,,2540-E,ISULAKE,Actual,SW,Water,,,Lee,07080104,Lake,,40.712645,-91.435951
6,22560001,Poll Miller Park Lake,07/31/2001 11:00:00,AMBLAKE-ISU,ALK-TOT,"Alkalinity, total",Total,,112,mg/l CaCO3,True,2,,,2320,ISULAKE,Actual,SW,Water,,,Lee,07080104,Lake,,40.712645,-91.435951
6,22560001,Poll Miller Park Lake,07/31/2001 11:00:00,AMBLAKE-ISU,479-61-8,Chlorophyll a,NonFilt,,3.3,ug/l,True,1,,,10200-H,ISULAKE,Actual,SW,Water,,,Lee,07080104,Lake,,40.712645,-91.435951
6,22560001,Poll Miller Park Lake,07/31/2001 11:00:00,AMBLAKE-ISU,NIT-NO3-NO2,Inorganic nitrogen (nitrate and nitrite) (as N),Total,,0.27,mg/l,True,0.12,,,SEC_DERIV_UV,ISULAKE,Actual,SW,Water,,,Lee,07080104,Lake,,40.712645,-91.435951
6,22560001,Poll Miller Park Lake,07/31/2001 11:00:00,AMBLAKE-ISU,NIT-NUTRIENT,Nutrient-nitrogen,Total,,0.52,mg/l,True,0.28,,,SEC_DERIV_UV,ISULAKE,Actual,SW,Water,,,Lee,07080104,Lake,,40.712645,-91.435951
6,22560001,Poll Miller Park Lake,07/31/2001 11:00:00,AMBLAKE-ISU,TFSS,Fixed suspended solids,NonFilt,,1,mg/l,False,1,,,2540-E,ISULAKE,Actual,SW,Water,,,Lee,07080104,Lake,,40.712645,-91.435951
6,22560001,Poll Miller Park Lake,07/31/2001 11:00:00,AMBLAKE-ISU,TSS,Total suspended solids,NonFilt,,2,mg/l,True,1,,,2540-E,ISULAKE,Actual,SW,Water,,,Lee,07080104,Lake,,40.712645,-91.435951
6,22560001,Poll Miller Park Lake,07/31/2001 11:00:00,AMBLAKE-ISU,TVSS,Volatile Suspended Solids,NonFilt,,1,mg/l,False,1,,,2540-E,ISULAKE,Actual,SW,Water,,,Lee,07080104,Lake,,40.712645,-91.435951
6,22560001,Poll Miller Park Lake,07/31/2001 11:00:00,AMBLAKE-ISU,PHOSP-PHOSP,Phosphate-phosphorus (as P),Total,,0.009,mg/l,True,0.002,,,ISU 4500-P-E,ISULAKE,Actual,SW,Water,,,Lee,07080104,Lake,,40.712645,-91.435951
6,22560001,Poll Miller Park Lake,06/04/2002 00:00:00,AMBLAKE-ISU,7782-44-7,Dissolved oxygen (DO),Total,,11.1,mg/l,True,,,,ISU 4500-O-G,,Actual,SW,Water,,,Lee,07080104,Lake,,40.712645,-91.435951
6,22560001,Poll Miller Park Lake,06/04/2002 00:00:00,AMBLAKE-ISU,DO-SAT,Dissolved oxygen saturation,Total,,135,%,True,,,,ISU 4500-O-G,,Actual,SW,Water,,,Lee,07080104,Lake,,40.712645,-91.435951
6,22560001,Poll Miller Park Lake,06/04/2002 00:00:00,AMBLAKE-ISU,DEPTH-BOTTOM,"Depth, bottom",Total,,8.2,m,True,,,,Unknown,,Actual,SW,Water,,,Lee,07080104,Lake,,40.712645,-91.435951
6,22560001,Poll Miller Park Lake,06/04/2002 00:00:00,AMBLAKE-ISU,TEMP-WATER,"Temperature, water",Total,,25.3,deg C,True,,,,ISU 2550,,Actual,SW,Water,,,Lee,07080104,Lake,,40.712645,-91.435951
6,22560001,Poll Miller Park Lake,06/04/2002 00:00:00,AMBLAKE-ISU,TURB,Turbidity,Total,,30,NTU,True,,,,ISU 2130-B,,Actual,SW,Water,,,Lee,07080104,Lake,,40.712645,-91.435951
6,22560001,Poll Miller Park Lake,06/04/2002 00:00:00,AMBLAKE-ISU,DEPTH-SECCHI,"Depth, Secchi disk depth",Total,,1.9,m,True,,,,ISU SECCHI,,Actual,SW,Water,,,Lee,07080104,Lake,,40.712645,-91.435951
6,22560001,Poll Miller Park Lake,06/04/2002 00:00:00,AMBLAKE-ISU,SPEC-COND,Specific conductance,Total,,428,uS/cm,True,,,,ISU 2510,,Actual,SW,Water,,,Lee,07080104,Lake,,40.712645,-91.435951
6,22560001,Poll Miller Park Lake,06/04/2002 00:00:00,AMBLAKE-ISU,PH,pH,Total,,8.4,None,True,,,,ISU 4500-H,,Actual,SW,Water,,,Lee,07080104,Lake,,40.712645,-91.435951
6,22560001,Poll Miller Park Lake,06/04/2002 00:00:00,AMBLAKE-ISU,479-61-8,Chlorophyll a,NonFilt,,24.4,ug/l,True,1,,,445,ISULAKE,Actual,SW,Water,,,Lee,07080104,Lake,,40.712645,-91.435951
6,22560001,Poll Miller Park Lake,06/04/2002 00:00:00,AMBLAKE-ISU,NIT-NO3-NO2,Inorganic nitrogen (nitrate and nitrite) (as N),Total,,0.25,mg/l,True,0.12,,,SEC_DERIV_UV,ISULAKE,Actual,SW,Water,,,Lee,07080104,Lake,,40.712645,-91.435951
6,22560001,Poll Miller Park Lake,06/04/2002 00:00:00,AMBLAKE-ISU,NIT-NUTRIENT,Nutrient-nitrogen,Total,,0.97,mg/l,True,0.28,,,SEC_DERIV_UV,ISULAKE,Actual,SW,Water,,,Lee,07080104,Lake,,40.712645,-91.435951
6,22560001,Poll Miller Park Lake,06/04/2002 00:00:00,AMBLAKE-ISU,PHOSP-PHOSP,Phosphate-phosphorus (as P),Total,,0.028,mg/l,True,0.002,,,ISU 4500-P-E,ISULAKE,Actual,SW,Water,,,Lee,07080104,Lake,,40.712645,-91.435951
6,22560001,Poll Miller Park Lake,06/04/2002 00:00:00,AMBLAKE-ISU,ALK-TOT,"Alkalinity, total",Total,,121,mg/l CaCO3,True,2,,,2320,ISULAKE,Actual,SW,Water,,,Lee,07080104,Lake,,40.712645,-91.435951
6,22560001,Poll Miller Park Lake,06/04/2002 00:00:00,AMBLAKE-ISU,TFSS,Fixed suspended solids,NonFilt,,1,mg/l,False,1,,,2540-E,ISULAKE,Actual,SW,Water,,,Lee,07080104,Lake,,40.712645,-91.435951
6,22560001,Poll Miller Park Lake,06/04/2002 00:00:00,AMBLAKE-ISU,TSS,Total suspended solids,NonFilt,,5,mg/l,True,1,,,2540-E,ISULAKE,Actual,SW,Water,,,Lee,07080104,Lake,,40.712645,-91.435951
6,22560001,Poll Miller Park Lake,06/04/2002 00:00:00,AMBLAKE-ISU,TVSS,Volatile Suspended Solids,NonFilt,,4,mg/l,True,1,,,2540-E,ISULAKE,Actual,SW,Water,,,Lee,07080104,Lake,,40.712645,-91.435951
6,22560001,Poll Miller Park Lake,07/09/2002 16:40:00,AMBLAKE-ISU,TEMP-WATER,"Temperature, water",Total,,31.6,deg C,True,,,,ISU 2550,,Actual,SW,Water,,,Lee,07080104,Lake,,40.712645,-91.435951
6,22560001,Poll Miller Park Lake,07/09/2002 16:40:00,AMBLAKE-ISU,7782-44-7,Dissolved oxygen (DO),Total,,11.4,mg/l,True,,,,ISU 4500-O-G,,Actual,SW,Water,,,Lee,07080104,Lake,,40.712645,-91.435951
6,22560001,Poll Miller Park Lake,07/09/2002 16:40:00,AMBLAKE-ISU,DO-SAT,Dissolved oxygen saturation,Total,,154,%,True,,,,ISU 4500-O-G,,Actual,SW,Water,,,Lee,07080104,Lake,,40.712645,-91.435951
6,22560001,Poll Miller Park Lake,07/09/2002 16:40:00,AMBLAKE-ISU,DEPTH-SECCHI,"Depth, Secchi disk depth",Total,,1.9,m,True,,,,ISU SECCHI,,Actual,SW,Water,,,Lee,07080104,Lake,,40.712645,-91.435951
6,22560001,Poll Miller Park Lake,07/09/2002 16:40:00,AMBLAKE-ISU,DEPTH-BOTTOM,"Depth, bottom",Total,,8.2,m,True,,,,Unknown,,Actual,SW,Water,,,Lee,07080104,Lake,,40.712645,-91.435951
6,22560001,Poll Miller Park Lake,08/06/2002 00:00:00,AMBLAKE-ISU,TURB,Turbidity,Total,,18,NTU,True,,,,ISU 2130-B,,Actual,SW,Water,,,Lee,07080104,Lake,,40.712645,-91.435951
6,22560001,Poll Miller Park Lake,08/06/2002 00:00:00,AMBLAKE-ISU,TEMP-WATER,"Temperature, water",Total,,28.1,deg C,True,,,,ISU 2550,,Actual,SW,Water,,,Lee,07080104,Lake,,40.712645,-91.435951
6,22560001,Poll Miller Park Lake,08/06/2002 00:00:00,AMBLAKE-ISU,SPEC-COND,Specific conductance,Total,,265,uS/cm,True,,,,ISU 2510,,Actual,SW,Water,,,Lee,07080104,Lake,,40.712645,-91.435951
6,22560001,Poll Miller Park Lake,08/06/2002 00:00:00,AMBLAKE-ISU,7440-44-0,Carbon,Dissolved,,9.98,mg/l,True,1.12,,,5310-B,ISULAKE,Actual,SW,Water,,,Lee,07080104,Lake,,40.712645,-91.435951
6,22560001,Poll Miller Park Lake,08/06/2002 00:00:00,AMBLAKE-ISU,PHOSP-PHOSP,Phosphate-phosphorus (as P),Total,,0.051,mg/l,True,0.002,,,ISU 4500-P-E,ISULAKE,Actual,SW,Water,,,Lee,07080104,Lake,,40.712645,-91.435951
6,22560001,Poll Miller Park Lake,08/06/2002 00:00:00,AMBLAKE-ISU,TFSS,Fixed suspended solids,NonFilt,,26,mg/l,True,1,,,2540-E,ISULAKE,Actual,SW,Water,,,Lee,07080104,Lake,,40.712645,-91.435951
6,22560001,Poll Miller Park Lake,08/06/2002 00:00:00,AMBLAKE-ISU,TSS,Total suspended solids,NonFilt,,35,mg/l,True,1,,,2540-E,ISULAKE,Actual,SW,Water,,,Lee,07080104,Lake,,40.712645,-91.435951
6,22560001,Poll Miller Park Lake,08/06/2002 00:00:00,AMBLAKE-ISU,TVSS,Volatile Suspended Solids,NonFilt,,9,mg/l,True,1,,,2540-E,ISULAKE,Actual,SW,Water,,,Lee,07080104,Lake,,40.712645,-91.435951
6,22560001,Poll Miller Park Lake,08/06/2002 00:00:00,AMBLAKE-ISU,479-61-8,Chlorophyll a,NonFilt,,41.5,ug/l,True,1,,,445,ISULAKE,Actual,SW,Water,,,Lee,07080104,Lake,,40.712645,-91.435951
6,22560001,Poll Miller Park Lake,08/06/2002 00:00:00,AMBLAKE-ISU,NIT-NO3-NO2,Inorganic nitrogen (nitrate and nitrite) (as N),Total,,0.13,mg/l,True,0.12,,,SEC_DERIV_UV,ISULAKE,Actual,SW,Water,,,Lee,07080104,Lake,,40.712645,-91.435951
6,22560001,Poll Miller Park Lake,08/06/2002 00:00:00,AMBLAKE-ISU,NIT-NUTRIENT,Nutrient-nitrogen,Total,,0.98,mg/l,True,0.28,,,SEC_DERIV_UV,ISULAKE,Actual,SW,Water,,,Lee,07080104,Lake,,40.712645,-91.435951
6,22560001,Poll Miller Park Lake,08/06/2002 00:00:00,AMBLAKE-ISU,14265-44-2,Orthophosphate (as P),Dissolved,,0.001,mg/l,False,0.001,,,ISU 4500-P-E,ISULAKE,Actual,SW,Water,,,Lee,07080104,Lake,,40.712645,-91.435951
6,22560001,Poll Miller Park Lake,08/06/2002 00:00:00,AMBLAKE-ISU,ALK-TOT,"Alkalinity, total",Total,,98,mg/l CaCO3,True,2,,,2320,ISULAKE,Actual,SW,Water,,,Lee,07080104,Lake,,40.712645,-91.435951
6,22560001,Poll Miller Park Lake,08/06/2002 00:00:00,AMBLAKE-ISU,7631-86-9,Silica,Dissolved,,1.38,mg/l,True,0.33,,,HACH 8185,ISULAKE,Actual,SW,Water,,,Lee,07080104,Lake,,40.712645,-91.435951
6,22560001,Poll Miller Park Lake,06/04/2003 00:00:00,AMBLAKE-ISU,DEPTH-BOTTOM,"Depth, bottom",Total,,8.7,m,True,,,,Unknown,,Actual,SW,Water,,,Lee,07080104,Lake,,40.712645,-91.435951
6,22560001,Poll Miller Park Lake,06/04/2003 00:00:00,AMBLAKE-ISU,DEPTH-SECCHI,"Depth, Secchi disk depth",Total,,4.3,m,True,,,,ISU SECCHI,,Actual,SW,Water,,,Lee,07080104,Lake,,40.712645,-91.435951
6,22560001,Poll Miller Park Lake,06/04/2003 00:00:00,AMBLAKE-ISU,7782-44-7,Dissolved oxygen (DO),Total,,8.3,mg/l,True,,,,ISU 4500-O-G,,Actual,SW,Water,,,Lee,07080104,Lake,,40.712645,-91.435951
6,22560001,Poll Miller Park Lake,06/04/2003 00:00:00,AMBLAKE-ISU,DO-SAT,Dissolved oxygen saturation,Total,,89,%,True,,,,ISU 4500-O-G,,Actual,SW,Water,,,Lee,07080104,Lake,,40.712645,-91.435951
6,22560001,Poll Miller Park Lake,06/04/2003 00:00:00,AMBLAKE-ISU,PH,pH,Total,,8.9,None,True,,,,ISU 4500-H,,Actual,SW,Water,,,Lee,07080104,Lake,,40.712645,-91.435951
6,22560001,Poll Miller Park Lake,06/04/2003 00:00:00,AMBLAKE-ISU,SPEC-COND,Specific conductance,Total,,324,uS/cm,True,,,,ISU 2510,,Actual,SW,Water,,,Lee,07080104,Lake,,40.712645,-91.435951
6,22560001,Poll Miller Park Lake,06/04/2003 00:00:00,AMBLAKE-ISU,TEMP-WATER,"Temperature, water",Total,,18.8,deg C,True,,,,ISU 2550,,Actual,SW,Water,,,Lee,07080104,Lake,,40.712645,-91.435951
6,22560001,Poll Miller Park Lake,06/04/2003 00:00:00,AMBLAKE-ISU,TURB,Turbidity,Total,,2,NTU,True,,,,ISU 2130-B,,Actual,SW,Water,,,Lee,07080104,Lake,,40.712645,-91.435951
6,22560001,Poll Miller Park Lake,07/09/2003 00:00:00,AMBLAKE-ISU,DEPTH-BOTTOM,"Depth, bottom",Total,,8.6,m,True,,,,Unknown,,Actual,SW,Water,,,Lee,07080104,Lake,,40.712645,-91.435951
6,22560001,Poll Miller Park Lake,07/09/2003 00:00:00,AMBLAKE-ISU,DEPTH-SECCHI,"Depth, Secchi disk depth",Total,,0.75,m,True,,,,ISU SECCHI,,Actual,SW,Water,,,Lee,07080104,Lake,,40.712645,-91.435951
6,22560001,Poll Miller Park Lake,07/09/2003 00:00:00,AMBLAKE-ISU,7782-44-7,Dissolved oxygen (DO),Total,,7.2,mg/l,True,,,,ISU 4500-O-G,,Actual,SW,Water,,,Lee,07080104,Lake,,40.712645,-91.435951
6,22560001,Poll Miller Park Lake,07/09/2003 00:00:00,AMBLAKE-ISU,DO-SAT,Dissolved oxygen saturation,Total,,89,%,True,,,,ISU 4500-O-G,,Actual,SW,Water,,,Lee,07080104,Lake,,40.712645,-91.435951
6,22560001,Poll Miller Park Lake,07/09/2003 00:00:00,AMBLAKE-ISU,PH,pH,Total,,8.5,None,True,,,,ISU 4500-H,,Actual,SW,Water,,,Lee,07080104,Lake,,40.712645,-91.435951
6,22560001,Poll Miller Park Lake,07/09/2003 00:00:00,AMBLAKE-ISU,SPEC-COND,Specific conductance,Total,,298,uS/cm,True,,,,ISU 2510,,Actual,SW,Water,,,Lee,07080104,Lake,,40.712645,-91.435951
6,22560001,Poll Miller Park Lake,07/09/2003 00:00:00,AMBLAKE-ISU,TEMP-WATER,"Temperature, water",Total,,26.1,deg C,True,,,,ISU 2550,,Actual,SW,Water,,,Lee,07080104,Lake,,40.712645,-91.435951
6,22560001,Poll Miller Park Lake,07/09/2003 00:00:00,AMBLAKE-ISU,TURB,Turbidity,Total,,53,NTU,True,,,,ISU 2130-B,,Actual,SW,Water,,,Lee,07080104,Lake,,40.712645,-91.435951
6,22560001,Poll Miller Park Lake,07/09/2003 00:00:00,AMBLAKE-ISU,ALK-TOT,"Alkalinity, total",Total,,80,mg/l CaCO3,True,2,,,2320,ISULAKE,Actual,SW,Water,,,Lee,07080104,Lake,,40.712645,-91.435951
6,22560001,Poll Miller Park Lake,07/09/2003 00:00:00,AMBLAKE-ISU,7440-44-0,Carbon,Dissolved,,9.18,mg/l,True,1.12,,,5310-B,ISULAKE,Actual,SW,Water,,,Lee,07080104,Lake,,40.712645,-91.435951
6,22560001,Poll Miller Park Lake,07/09/2003 00:00:00,AMBLAKE-ISU,NIT-NO3-NO2,Inorganic nitrogen (nitrate and nitrite) (as N),Total,,0.18,mg/l,True,0.12,,,SEC_DERIV_UV,ISULAKE,Actual,SW,Water,,,Lee,07080104,Lake,,40.712645,-91.435951
6,22560001,Poll Miller Park Lake,07/09/2003 00:00:00,AMBLAKE-ISU,NIT-NUTRIENT,Nutrient-nitrogen,Total,,0.84,mg/l,True,0.28,,,SEC_DERIV_UV,ISULAKE,Actual,SW,Water,,,Lee,07080104,Lake,,40.712645,-91.435951
6,22560001,Poll Miller Park Lake,07/09/2003 00:00:00,AMBLAKE-ISU,PHOSP-PHOSP,Phosphate-phosphorus (as P),Total,,0.073,mg/l,True,0.002,,,ISU 4500-P-E,ISULAKE,Actual,SW,Water,,,Lee,07080104,Lake,,40.712645,-91.435951
6,22560001,Poll Miller Park Lake,07/09/2003 00:00:00,AMBLAKE-ISU,14265-44-2,Orthophosphate (as P),Dissolved,,0.005,mg/l,True,0.001,,,ISU 4500-P-E,ISULAKE,Actual,SW,Water,,,Lee,07080104,Lake,,40.712645,-91.435951
6,22560001,Poll Miller Park Lake,07/09/2003 00:00:00,AMBLAKE-ISU,7631-86-9,Silica,Dissolved,,1.47,mg/l,True,0.33,,,HACH 8185,ISULAKE,Actual,SW,Water,,,Lee,07080104,Lake,,40.712645,-91.435951
6,22560001,Poll Miller Park Lake,08/06/2003 08:40:00,AMBLAKE-ISU,479-61-8,Chlorophyll a,NonFilt,,33,ug/l,True,1,,,445,ISULAKE,Actual,SW,Water,,,Lee,07080104,Lake,,40.712645,-91.435951
6,22560001,Poll Miller Park Lake,08/06/2003 08:40:00,AMBLAKE-ISU,NIT-NO3-NO2,Inorganic nitrogen (nitrate and nitrite) (as N),Total,,0.12,mg/l,False,0.12,,,SEC_DERIV_UV,ISULAKE,Actual,SW,Water,,,Lee,07080104,Lake,,40.712645,-91.435951
6,22560001,Poll Miller Park Lake,08/06/2003 08:40:00,AMBLAKE-ISU,NIT-NUTRIENT,Nutrient-nitrogen,Total,,1.02,mg/l,True,0.28,,,SEC_DERIV_UV,ISULAKE,Actual,SW,Water,,,Lee,07080104,Lake,,40.712645,-91.435951
6,22560001,Poll Miller Park Lake,08/06/2003 08:40:00,AMBLAKE-ISU,PHOSP-PHOSP,Phosphate-phosphorus (as P),Total,,0.046,mg/l,True,0.002,,,ISU 4500-P-E,ISULAKE,Actual,SW,Water,,,Lee,07080104,Lake,,40.712645,-91.435951
6,22560001,Poll Miller Park Lake,08/06/2003 08:40:00,AMBLAKE-ISU,14265-44-2,Orthophosphate (as P),Dissolved,,0.001,mg/l,False,0.001,,,ISU 4500-P-E,ISULAKE,Actual,SW,Water,,,Lee,07080104,Lake,,40.712645,-91.435951
6,22560001,Poll Miller Park Lake,08/06/2003 08:40:00,AMBLAKE-ISU,7631-86-9,Silica,Dissolved,,0.63,mg/l,True,0.33,,,HACH 8185,ISULAKE,Actual,SW,Water,,,Lee,07080104,Lake,,40.712645,-91.435951
6,22560001,Poll Miller Park Lake,08/06/2003 08:40:00,AMBLAKE-ISU,TFSS,Fixed suspended solids,NonFilt,,2,mg/l,True,1,,,2540-E,ISULAKE,Actual,SW,Water,,,Lee,07080104,Lake,,40.712645,-91.435951
6,22560001,Poll Miller Park Lake,08/06/2003 08:40:00,AMBLAKE-ISU,TSS,Total suspended solids,NonFilt,,8,mg/l,True,1,,,2540-E,ISULAKE,Actual,SW,Water,,,Lee,07080104,Lake,,40.712645,-91.435951
6,22560001,Poll Miller Park Lake,08/06/2003 08:40:00,AMBLAKE-ISU,TVSS,Volatile Suspended Solids,NonFilt,,7,mg/l,True,1,,,2540-E,ISULAKE,Actual,SW,Water,,,Lee,07080104,Lake,,40.712645,-91.435951
6,22560001,Poll Miller Park Lake,06/02/2004 18:30:00,AMBLAKE-ISU,DEPTH-BOTTOM,"Depth, bottom",Total,,9,m,True,,,,Unknown,,Actual,SW,Water,,,Lee,07080104,Lake,,40.712645,-91.435951
6,22560001,Poll Miller Park Lake,06/02/2004 18:30:00,AMBLAKE-ISU,DEPTH-SECCHI,"Depth, Secchi disk depth",Total,,1.6,m,True,,,,ISU SECCHI,,Actual,SW,Water,,,Lee,07080104,Lake,,40.712645,-91.435951
6,22560001,Poll Miller Park Lake,06/02/2004 18:30:00,AMBLAKE-ISU,7782-44-7,Dissolved oxygen (DO),Total,,9.7,mg/l,True,,,,ISU 4500-O-G,,Actual,SW,Water,,,Lee,07080104,Lake,,40.712645,-91.435951
6,22560001,Poll Miller Park Lake,06/02/2004 18:30:00,AMBLAKE-ISU,DO-SAT,Dissolved oxygen saturation,Total,,112,%,True,,,,ISU 4500-O-G,,Actual,SW,Water,,,Lee,07080104,Lake,,40.712645,-91.435951
6,22560001,Poll Miller Park Lake,06/02/2004 18:30:00,AMBLAKE-ISU,PH,pH,Total,,8.7,None,True,,,,ISU 4500-H,,Actual,SW,Water,,,Lee,07080104,Lake,,40.712645,-91.435951
6,22560001,Poll Miller Park Lake,06/02/2004 18:30:00,AMBLAKE-ISU,SPEC-COND,Specific conductance,Total,,347,uS/cm,True,,,,ISU 2510,,Actual,SW,Water,,,Lee,07080104,Lake,,40.712645,-91.435951
6,22560001,Poll Miller Park Lake,06/29/2004 12:00:00,AMBLAKE-ISU,ALK-TOT,"Alkalinity, total",Total,,135,mg/l CaCO3,True,2,,,2320,ISULAKE,Actual,SW,Water,,,Lee,07080104,Lake,,40.712645,-91.435951
6,22560001,Poll Miller Park Lake,06/29/2004 12:00:00,AMBLAKE-ISU,7664-41-7,Ammonia,Total,,0.016,mg/l,False,0.016,,,ISU_UNION_AMMON,ISULAKE,Calculated,SW,Water,,,Lee,07080104,Lake,,40.712645,-91.435951
6,22560001,Poll Miller Park Lake,06/29/2004 12:00:00,AMBLAKE-ISU,7440-44-0,Carbon,Dissolved,,6.08,mg/l,True,1.12,,,5310-B,ISULAKE,Actual,SW,Water,,,Lee,07080104,Lake,,40.712645,-91.435951
6,22560001,Poll Miller Park Lake,06/29/2004 12:00:00,AMBLAKE-ISU,479-61-8,Chlorophyll a,NonFilt,,12.2,ug/l,True,1,,,445,ISULAKE,Actual,SW,Water,,,Lee,07080104,Lake,,40.712645,-91.435951
6,22560001,Poll Miller Park Lake,06/29/2004 12:00:00,AMBLAKE-ISU,NIT-AMM,Ammonia-nitrogen (as N),Total,,0.039,mg/l,True,0.016,,,4500-NH3(F),ISULAKE,Actual,SW,Water,,,Lee,07080104,Lake,,40.712645,-91.435951
6,22560001,Poll Miller Park Lake,06/29/2004 12:00:00,AMBLAKE-ISU,NIT-NO3-NO2,Inorganic nitrogen (nitrate and nitrite) (as N),Total,,0.15,mg/l,True,0.12,,,SEC_DERIV_UV,ISULAKE,Actual,SW,Water,,,Lee,07080104,Lake,,40.712645,-91.435951
6,22560001,Poll Miller Park Lake,06/29/2004 12:00:00,AMBLAKE-ISU,NIT-NUTRIENT,Nutrient-nitrogen,Total,,0.74,mg/l,True,0.28,,,SEC_DERIV_UV,ISULAKE,Actual,SW,Water,,,Lee,07080104,Lake,,40.712645,-91.435951
6,22560001,Poll Miller Park Lake,06/29/2004 12:00:00,AMBLAKE-ISU,PHOSP-PHOSP,Phosphate-phosphorus (as P),Total,,0.034,mg/l,True,0.002,,,ISU 4500-P-E,ISULAKE,Actual,SW,Water,,,Lee,07080104,Lake,,40.712645,-91.435951
6,22560001,Poll Miller Park Lake,06/29/2004 12:00:00,AMBLAKE-ISU,14265-44-2,Orthophosphate (as P),Dissolved,,0.001,mg/l,False,0.001,,,ISU 4500-P-E,ISULAKE,Actual,SW,Water,,,Lee,07080104,Lake,,40.712645,-91.435951
6,22560001,Poll Miller Park Lake,06/29/2004 12:00:00,AMBLAKE-ISU,7631-86-9,Silica,Dissolved,,0.78,mg/l,True,0.33,,,HACH 8185,ISULAKE,Actual,SW,Water,,,Lee,07080104,Lake,,40.712645,-91.435951
6,22560001,Poll Miller Park Lake,06/29/2004 12:00:00,AMBLAKE-ISU,TFSS,Fixed suspended solids,NonFilt,,1,mg/l,False,1,,,2540-E,ISULAKE,Actual,SW,Water,,,Lee,07080104,Lake,,40.712645,-91.435951
6,22560001,Poll Miller Park Lake,06/29/2004 12:00:00,AMBLAKE-ISU,TSS,Total suspended solids,NonFilt,,5,mg/l,True,1,,,2540-E,ISULAKE,Actual,SW,Water,,,Lee,07080104,Lake,,40.712645,-91.435951
6,22560001,Poll Miller Park Lake,06/29/2004 12:00:00,AMBLAKE-ISU,TVSS,Volatile Suspended Solids,NonFilt,,4,mg/l,True,1,,,2540-E,ISULAKE,Actual,SW,Water,,,Lee,07080104,Lake,,40.712645,-91.435951
6,22560001,Poll Miller Park Lake,06/07/2005 10:45:00,AMBLAKE-ISU,PRECIP-DACL,Precipitation during activity (choice list),Total,,0,None,True,,,,Unknown,,,AIR,Air,,,Lee,07080104,Lake,,40.712645,-91.435951
6,22560001,Poll Miller Park Lake,06/07/2005 10:45:00,AMBLAKE-ISU,TEMP-AIR,"Temperature, air",Total,,32.5,deg C,True,,,,Unknown,,Actual,AIR,Air,,,Lee,07080104,Lake,,40.712645,-91.435951
6,22560001,Poll Miller Park Lake,06/07/2005 10:45:00,AMBLAKE-ISU,WIND-DIR,"Wind direction (direction from, expressed 0-360 deg)",Total,,225,Deg,True,,,,Unknown,,Actual,AIR,Air,,,Lee,07080104,Lake,,40.712645,-91.435951
6,22560001,Poll Miller Park Lake,06/07/2005 10:45:00,AMBLAKE-ISU,WIND-FOR,"Wind force, Beaufort scale",Total,,1,None,True,,,,Unknown,,Actual,AIR,Air,,,Lee,07080104,Lake,,40.712645,-91.435951
6,22560001,Poll Miller Park Lake,06/07/2005 10:45:00,AMBLAKE-ISU,WIND-VEL,Wind velocity,Total,,3.9,knots,True,,,,Unknown,,Actual,AIR,Air,,,Lee,07080104,Lake,,40.712645,-91.435951
6,22560001,Poll Miller Park Lake,06/07/2005 10:45:00,AMBLAKE-ISU,TURB,Turbidity,Total,,4,NTU,True,,,,ISU 2130-B,,Actual,SW,Water,,,Lee,07080104,Lake,,40.712645,-91.435951
6,22560001,Poll Miller Park Lake,06/07/2005 10:45:00,AMBLAKE-ISU,DEPTH-SECCHI,"Depth, Secchi disk depth",Total,,5.5,m,True,,,,ISU SECCHI,,Actual,SW,Water,,,Lee,07080104,Lake,,40.712645,-91.435951
6,22560001,Poll Miller Park Lake,06/07/2005 10:45:00,AMBLAKE-ISU,PH,pH,Total,,8.4,None,True,,,,ISU 4500-H,,Actual,SW,Water,,,Lee,07080104,Lake,,40.712645,-91.435951
6,22560001,Poll Miller Park Lake,06/07/2005 10:45:00,AMBLAKE-ISU,DEPTH-BOTTOM,"Depth, bottom",Total,,8.5,m,True,,,,Unknown,,Actual,SW,Water,,,Lee,07080104,Lake,,40.712645,-91.435951
6,22560001,Poll Miller Park Lake,06/07/2005 10:45:00,AMBLAKE-ISU,7782-44-7,Dissolved oxygen (DO),Total,,8.7,mg/l,True,,,,ISU 4500-O-G,,Actual,SW,Water,,,Lee,07080104,Lake,,40.712645,-91.435951
6,22560001,Poll Miller Park Lake,06/07/2005 10:45:00,AMBLAKE-ISU,DO-SAT,Dissolved oxygen saturation,Total,,106,%,True,,,,ISU 4500-O-G,,Actual,SW,Water,,,Lee,07080104,Lake,,40.712645,-91.435951
6,22560001,Poll Miller Park Lake,06/07/2005 10:45:00,AMBLAKE-ISU,TEMP-WATER,"Temperature, water",Total,,25.6,deg C,True,,,,ISU 2550,,Actual,SW,Water,,,Lee,07080104,Lake,,40.712645,-91.435951
6,22560001,Poll Miller Park Lake,06/07/2005 10:45:00,AMBLAKE-ISU,SPEC-COND,Specific conductance,Total,,402,uS/cm,True,,,,ISU 2510,,Actual,SW,Water,,,Lee,07080104,Lake,,40.712645,-91.435951
6,22560001,Poll Miller Park Lake,06/07/2005 10:45:00,AMBLAKE-ISU,PHOSP-PHOSP,Phosphate-phosphorus (as P),Total,,0.021,mg/l,True,0.002,,,ISU 4500-P-E,ISULAKE,Actual,SW,Water,,,Lee,07080104,Lake,,40.712645,-91.435951
6,22560001,Poll Miller Park Lake,06/07/2005 10:45:00,AMBLAKE-ISU,NIT-AMM,Ammonia-nitrogen (as N),Total,,0.104,mg/l,True,0.016,,,4500-NH3(F),ISULAKE,Actual,SW,Water,,,Lee,07080104,Lake,,40.712645,-91.435951
6,22560001,Poll Miller Park Lake,06/07/2005 10:45:00,AMBLAKE-ISU,NIT-NO3-NO2,Inorganic nitrogen (nitrate and nitrite) (as N),Total,,0.23,mg/l,True,0.12,,,SEC_DERIV_UV,ISULAKE,Actual,SW,Water,,,Lee,07080104,Lake,,40.712645,-91.435951
6,22560001,Poll Miller Park Lake,06/07/2005 10:45:00,AMBLAKE-ISU,NIT-NUTRIENT,Nutrient-nitrogen,Total,,0.81,mg/l,True,0.28,,,SEC_DERIV_UV,ISULAKE,Actual,SW,Water,,,Lee,07080104,Lake,,40.712645,-91.435951
6,22560001,Poll Miller Park Lake,06/07/2005 10:45:00,AMBLAKE-ISU,7631-86-9,Silica,Dissolved,,0.66,mg/l,True,0.33,,,HACH 8185,ISULAKE,Actual,SW,Water,,,Lee,07080104,Lake,,40.712645,-91.435951
6,22560001,Poll Miller Park Lake,06/07/2005 10:45:00,AMBLAKE-ISU,479-61-8,Chlorophyll a,NonFilt,,2.3,ug/l,True,1,,,ISU EPA 445,ISULAKE,Actual,SW,Water,,,Lee,07080104,Lake,,40.712645,-91.435951
6,22560001,Poll Miller Park Lake,06/07/2005 10:45:00,AMBLAKE-ISU,7440-44-0,Carbon,Dissolved,,7.03,mg/l,True,1.12,,,5310-B,ISULAKE,Actual,SW,Water,,,Lee,07080104,Lake,,40.712645,-91.435951
6,22560001,Poll Miller Park Lake,06/07/2005 10:45:00,AMBLAKE-ISU,ALK-TOT,"Alkalinity, total",Total,,154,mg/l CaCO3,True,2,,,2320,ISULAKE,Actual,SW,Water,,,Lee,07080104,Lake,,40.712645,-91.435951
6,22560001,Poll Miller Park Lake,07/12/2005 10:45:00,AMBLAKE-ISU,TEMP-AIR,"Temperature, air",Total,,26.8,deg C,True,,,,Unknown,,Actual,AIR,Air,,,Lee,07080104,Lake,,40.712645,-91.435951
6,22560001,Poll Miller Park Lake,07/12/2005 10:45:00,AMBLAKE-ISU,WIND-DIR,"Wind direction (direction from, expressed 0-360 deg)",Total,,90,Deg,True,,,,Unknown,,Actual,AIR,Air,,,Lee,07080104,Lake,,40.712645,-91.435951
6,22560001,Poll Miller Park Lake,07/12/2005 10:45:00,AMBLAKE-ISU,WIND-FOR,"Wind force, Beaufort scale",Total,,1,None,True,,,,Unknown,,Actual,AIR,Air,,,Lee,07080104,Lake,,40.712645,-91.435951
6,22560001,Poll Miller Park Lake,07/12/2005 10:45:00,AMBLAKE-ISU,WIND-VEL,Wind velocity,Total,,4.5,knots,True,,,,Unknown,,Actual,AIR,Air,,,Lee,07080104,Lake,,40.712645,-91.435951
6,22560001,Poll Miller Park Lake,07/12/2005 10:45:00,AMBLAKE-ISU,DEPTH-SECCHI,"Depth, Secchi disk depth",Total,,2.05,m,True,,,,ISU SECCHI,,Actual,SW,Water,,,Lee,07080104,Lake,,40.712645,-91.435951
6,22560001,Poll Miller Park Lake,07/12/2005 10:45:00,AMBLAKE-ISU,TURB,Turbidity,Total,,5,NTU,True,,,,ISU 2130-B,,Actual,SW,Water,,,Lee,07080104,Lake,,40.712645,-91.435951
6,22560001,Poll Miller Park Lake,07/12/2005 10:45:00,AMBLAKE-ISU,7782-44-7,Dissolved oxygen (DO),Total,,7.7,mg/l,True,,,,ISU 4500-O-G,,Actual,SW,Water,,,Lee,07080104,Lake,,40.712645,-91.435951
6,22560001,Poll Miller Park Lake,07/12/2005 10:45:00,AMBLAKE-ISU,DO-SAT,Dissolved oxygen saturation,Total,,96,%,True,,,,ISU 4500-O-G,,Actual,SW,Water,,,Lee,07080104,Lake,,40.712645,-91.435951
6,22560001,Poll Miller Park Lake,07/12/2005 10:45:00,AMBLAKE-ISU,DEPTH-BOTTOM,"Depth, bottom",Total,,8.6,m,True,,,,Unknown,,Actual,SW,Water,,,Lee,07080104,Lake,,40.712645,-91.435951
6,22560001,Poll Miller Park Lake,07/12/2005 10:45:00,AMBLAKE-ISU,PH,pH,Total,,8.6,None,True,,,,ISU 4500-H,,Actual,SW,Water,,,Lee,07080104,Lake,,40.712645,-91.435951
6,22560001,Poll Miller Park Lake,07/12/2005 10:45:00,AMBLAKE-ISU,TEMP-WATER,"Temperature, water",Total,,27.2,deg C,True,,,,ISU 2550,,Actual,SW,Water,,,Lee,07080104,Lake,,40.712645,-91.435951
6,22560001,Poll Miller Park Lake,07/12/2005 10:45:00,AMBLAKE-ISU,SPEC-COND,Specific conductance,Total,,403,uS/cm,True,,,,ISU 2510,,Actual,SW,Water,,,Lee,07080104,Lake,,40.712645,-91.435951
6,22560001,Poll Miller Park Lake,07/12/2005 10:45:00,AMBLAKE-ISU,14265-44-2,Orthophosphate (as P),Dissolved,,0.002,mg/l,True,0.001,,,ISU 4500-P-E,ISULAKE,Actual,SW,Water,,,Lee,07080104,Lake,,40.712645,-91.435951
6,22560001,Poll Miller Park Lake,07/12/2005 10:45:00,AMBLAKE-ISU,PHOSP-PHOSP,Phosphate-phosphorus (as P),Total,,0.041,mg/l,True,0.002,,,ISU 4500-P-E,ISULAKE,Actual,SW,Water,,,Lee,07080104,Lake,,40.712645,-91.435951
6,22560001,Poll Miller Park Lake,07/12/2005 10:45:00,AMBLAKE-ISU,NIT-AMM,Ammonia-nitrogen (as N),Total,,0.043,mg/l,True,0.016,,,4500-NH3(F),ISULAKE,Actual,SW,Water,,,Lee,07080104,Lake,,40.712645,-91.435951
6,22560001,Poll Miller Park Lake,07/12/2005 10:45:00,AMBLAKE-ISU,NIT-NO3-NO2,Inorganic nitrogen (nitrate and nitrite) (as N),Total,,0.12,mg/l,False,0.12,,,SEC_DERIV_UV,ISULAKE,Actual,SW,Water,,,Lee,07080104,Lake,,40.712645,-91.435951
6,22560001,Poll Miller Park Lake,07/12/2005 10:45:00,AMBLAKE-ISU,NIT-NUTRIENT,Nutrient-nitrogen,Total,,0.76,mg/l,True,0.28,,,SEC_DERIV_UV,ISULAKE,Actual,SW,Water,,,Lee,07080104,Lake,,40.712645,-91.435951
6,22560001,Poll Miller Park Lake,08/03/2005 18:55:00,AMBLAKE-ISU,PRECIP-DACL,Precipitation during activity (choice list),Total,,0,None,True,,,,Unknown,,,AIR,Air,,,Lee,07080104,Lake,,40.712645,-91.435951
6,22560001,Poll Miller Park Lake,08/03/2005 18:55:00,AMBLAKE-ISU,TEMP-AIR,"Temperature, air",Total,,30.6,deg C,True,,,,Unknown,,Actual,AIR,Air,,,Lee,07080104,Lake,,40.712645,-91.435951
6,22560001,Poll Miller Park Lake,08/03/2005 18:55:00,AMBLAKE-ISU,WIND-DIR,"Wind direction (direction from, expressed 0-360 deg)",Total,,225,Deg,True,,,,Unknown,,Actual,AIR,Air,,,Lee,07080104,Lake,,40.712645,-91.435951
6,22560001,Poll Miller Park Lake,08/03/2005 18:55:00,AMBLAKE-ISU,WIND-FOR,"Wind force, Beaufort scale",Total,,1,None,True,,,,Unknown,,Actual,AIR,Air,,,Lee,07080104,Lake,,40.712645,-91.435951
6,22560001,Poll Miller Park Lake,08/03/2005 18:55:00,AMBLAKE-ISU,WIND-VEL,Wind velocity,Total,,3.1,knots,True,,,,Unknown,,Actual,AIR,Air,,,Lee,07080104,Lake,,40.712645,-91.435951
6,22560001,Poll Miller Park Lake,08/03/2005 18:55:00,AMBLAKE-ISU,DEPTH-SECCHI,"Depth, Secchi disk depth",Total,,0.95,m,True,,,,ISU SECCHI,,Actual,SW,Water,,,Lee,07080104,Lake,,40.712645,-91.435951
6,22560001,Poll Miller Park Lake,08/03/2005 18:55:00,AMBLAKE-ISU,TURB,Turbidity,Total,,7,NTU,True,,,,ISU 2130-B,,Actual,SW,Water,,,Lee,07080104,Lake,,40.712645,-91.435951
6,22560001,Poll Miller Park Lake,08/03/2005 18:55:00,AMBLAKE-ISU,DEPTH-BOTTOM,"Depth, bottom",Total,,8.4,m,True,,,,Unknown,,Actual,SW,Water,,,Lee,07080104,Lake,,40.712645,-91.435951
6,22560001,Poll Miller Park Lake,08/03/2005 18:55:00,AMBLAKE-ISU,PH,pH,Total,,9,None,True,,,,ISU 4500-H,,Actual,SW,Water,,,Lee,07080104,Lake,,40.712645,-91.435951
6,22560001,Poll Miller Park Lake,08/03/2005 18:55:00,AMBLAKE-ISU,7782-44-7,Dissolved oxygen (DO),Total,,12.4,mg/l,True,,,,ISU 4500-O-G,,Actual,SW,Water,,,Lee,07080104,Lake,,40.712645,-91.435951
6,22560001,Poll Miller Park Lake,08/03/2005 18:55:00,AMBLAKE-ISU,DO-SAT,Dissolved oxygen saturation,Total,,161,%,True,,,,ISU 4500-O-G,,Actual,SW,Water,,,Lee,07080104,Lake,,40.712645,-91.435951
6,22560001,Poll Miller Park Lake,08/03/2005 18:55:00,AMBLAKE-ISU,TEMP-WATER,"Temperature, water",Total,,29,deg C,True,,,,ISU 2550,,Actual,SW,Water,,,Lee,07080104,Lake,,40.712645,-91.435951
6,22560001,Poll Miller Park Lake,08/03/2005 18:55:00,AMBLAKE-ISU,SPEC-COND,Specific conductance,Total,,374,uS/cm,True,,,,ISU 2510,,Actual,SW,Water,,,Lee,07080104,Lake,,40.712645,-91.435951
6,22560001,Poll Miller Park Lake,08/03/2005 18:55:00,AMBLAKE-ISU,PHOSP-PHOSP,Phosphate-phosphorus (as P),Total,,0.04,mg/l,True,0.002,,,ISU 4500-P-E,ISULAKE,Actual,SW,Water,,,Lee,07080104,Lake,,40.712645,-91.435951
6,22560001,Poll Miller Park Lake,08/03/2005 18:55:00,AMBLAKE-ISU,NIT-NO3-NO2,Inorganic nitrogen (nitrate and nitrite) (as N),Total,,0.13,mg/l,True,0.12,,,SEC_DERIV_UV,ISULAKE,Actual,SW,Water,,,Lee,07080104,Lake,,40.712645,-91.435951
6,22560001,Poll Miller Park Lake,08/03/2005 18:55:00,AMBLAKE-ISU,NIT-NUTRIENT,Nutrient-nitrogen,Total,,0.82,mg/l,True,0.28,,,SEC_DERIV_UV,ISULAKE,Actual,SW,Water,,,Lee,07080104,Lake,,40.712645,-91.435951
6,22560001,Poll Miller Park Lake,06/06/2006 12:00:00,AMBLAKE-ISU,PRECIP-DACL,Precipitation during activity (choice list),Total,,0,None,True,,,,Unknown,,,AIR,Air,,,Lee,07080104,Lake,,40.712645,-91.435951
6,22560001,Poll Miller Park Lake,06/06/2006 12:00:00,AMBLAKE-ISU,TEMP-AIR,"Temperature, air",Total,,26.3,deg C,True,,,,Unknown,,Actual,AIR,Air,,,Lee,07080104,Lake,,40.712645,-91.435951
6,22560001,Poll Miller Park Lake,06/06/2006 12:00:00,AMBLAKE-ISU,WIND-DIR,"Wind direction (direction from, expressed 0-360 deg)",Total,,315,Deg,True,,,,Unknown,,Actual,AIR,Air,,,Lee,07080104,Lake,,40.712645,-91.435951
6,22560001,Poll Miller Park Lake,06/06/2006 12:00:00,AMBLAKE-ISU,WIND-FOR,"Wind force, Beaufort scale",Total,,1,None,True,,,,Unknown,,Actual,AIR,Air,,,Lee,07080104,Lake,,40.712645,-91.435951
6,22560001,Poll Miller Park Lake,06/06/2006 12:00:00,AMBLAKE-ISU,WIND-VEL,Wind velocity,Total,,4,knots,True,,,,Unknown,,Actual,AIR,Air,,,Lee,07080104,Lake,,40.712645,-91.435951
6,22560001,Poll Miller Park Lake,06/06/2006 12:00:00,AMBLAKE-ISU,DEPTH-SECCHI,"Depth, Secchi disk depth",Total,,3.1,m,True,,,,ISU SECCHI,,Actual,SW,Water,,,Lee,07080104,Lake,,40.712645,-91.435951
6,22560001,Poll Miller Park Lake,06/06/2006 12:00:00,AMBLAKE-ISU,DEPTH-BOTTOM,"Depth, bottom",Total,,8.1,m,True,,,,Unknown,,Actual,SW,Water,,,Lee,07080104,Lake,,40.712645,-91.435951
6,22560001,Poll Miller Park Lake,06/06/2006 12:00:00,AMBLAKE-ISU,PHOSP-PHOSP,Phosphate-phosphorus (as P),Total,,0.026,mg/l,True,0.002,,,ISU 4500-P-E,ISULAKE,Actual,SW,Water,,,Lee,07080104,Lake,,40.712645,-91.435951
6,22560001,Poll Miller Park Lake,06/06/2006 12:00:00,AMBLAKE-ISU,NIT-NO3-NO2,Inorganic nitrogen (nitrate and nitrite) (as N),Total,,0.12,mg/l,False,0.12,,,SEC_DERIV_UV,ISULAKE,Actual,SW,Water,,,Lee,07080104,Lake,,40.712645,-91.435951
6,22560001,Poll Miller Park Lake,06/06/2006 12:00:00,AMBLAKE-ISU,NIT-NUTRIENT,Nutrient-nitrogen,Total,,0.66,mg/l,True,0.28,,,SEC_DERIV_UV,ISULAKE,Actual,SW,Water,,,Lee,07080104,Lake,,40.712645,-91.435951
6,22560001,Poll Miller Park Lake,07/11/2006 16:03:00,AMBLAKE-ISU,PRECIP-DACL,Precipitation during activity (choice list),Total,,0,None,True,,,,Unknown,,,AIR,Air,,,Lee,07080104,Lake,,40.712645,-91.435951
6,22560001,Poll Miller Park Lake,07/11/2006 16:03:00,AMBLAKE-ISU,TEMP-AIR,"Temperature, air",Total,,27.8,deg C,True,,,,Unknown,,Actual,AIR,Air,,,Lee,07080104,Lake,,40.712645,-91.435951
6,22560001,Poll Miller Park Lake,07/11/2006 16:03:00,AMBLAKE-ISU,WIND-DIR,"Wind direction (direction from, expressed 0-360 deg)",Total,,135,Deg,True,,,,Unknown,,Actual,AIR,Air,,,Lee,07080104,Lake,,40.712645,-91.435951
6,22560001,Poll Miller Park Lake,07/11/2006 16:03:00,AMBLAKE-ISU,WIND-FOR,"Wind force, Beaufort scale",Total,,0,None,True,,,,Unknown,,Actual,AIR,Air,,,Lee,07080104,Lake,,40.712645,-91.435951
6,22560001,Poll Miller Park Lake,07/11/2006 16:03:00,AMBLAKE-ISU,WIND-VEL,Wind velocity,Total,,0.6,knots,True,,,,Unknown,,Actual,AIR,Air,,,Lee,07080104,Lake,,40.712645,-91.435951
6,22560001,Poll Miller Park Lake,07/11/2006 16:03:00,AMBLAKE-ISU,DEPTH-SECCHI,"Depth, Secchi disk depth",Total,,1.45,m,True,,,,ISU SECCHI,,Actual,SW,Water,,,Lee,07080104,Lake,,40.712645,-91.435951
6,22560001,Poll Miller Park Lake,07/11/2006 16:03:00,AMBLAKE-ISU,DEPTH-BOTTOM,"Depth, bottom",Total,,7.8,m,True,,,,Unknown,,Actual,SW,Water,,,Lee,07080104,Lake,,40.712645,-91.435951
6,22560001,Poll Miller Park Lake,07/11/2006 16:03:00,AMBLAKE-ISU,PH,pH,Total,,8.5,None,True,,,,ISU 4500-H,,Actual,SW,Water,,,Lee,07080104,Lake,,40.712645,-91.435951
6,22560001,Poll Miller Park Lake,07/11/2006 16:03:00,AMBLAKE-ISU,7782-44-7,Dissolved oxygen (DO),Total,,8.9,mg/l,True,,,,ISU 4500-O-G,,Actual,SW,Water,,,Lee,07080104,Lake,,40.712645,-91.435951
6,22560001,Poll Miller Park Lake,07/11/2006 16:03:00,AMBLAKE-ISU,DO-SAT,Dissolved oxygen saturation,Total,,109,%,True,,,,ISU 4500-O-G,,Actual,SW,Water,,,Lee,07080104,Lake,,40.712645,-91.435951
6,22560001,Poll Miller Park Lake,07/11/2006 16:03:00,AMBLAKE-ISU,TURB,Turbidity,Total,,9,NTU,True,,,,ISU 2130-B,,Actual,SW,Water,,,Lee,07080104,Lake,,40.712645,-91.435951
6,22560001,Poll Miller Park Lake,07/11/2006 16:03:00,AMBLAKE-ISU,TEMP-WATER,"Temperature, water",Total,,25.7,deg C,True,,,,ISU 2550,,Actual,SW,Water,,,Lee,07080104,Lake,,40.712645,-91.435951
6,22560001,Poll Miller Park Lake,08/09/2006 06:38:00,AMBLAKE-ISU,PRECIP-DACL,Precipitation during activity (choice list),Total,,0,None,True,,,,Unknown,,,AIR,Air,,,Lee,07080104,Lake,,40.712645,-91.435951
6,22560001,Poll Miller Park Lake,08/09/2006 06:38:00,AMBLAKE-ISU,TEMP-AIR,"Temperature, air",Total,,20.2,deg C,True,,,,Unknown,,Actual,AIR,Air,,,Lee,07080104,Lake,,40.712645,-91.435951
6,22560001,Poll Miller Park Lake,08/09/2006 06:38:00,AMBLAKE-ISU,WIND-DIR,"Wind direction (direction from, expressed 0-360 deg)",Total,,360,Deg,True,,,,Unknown,,Actual,AIR,Air,,,Lee,07080104,Lake,,40.712645,-91.435951
6,22560001,Poll Miller Park Lake,08/09/2006 06:38:00,AMBLAKE-ISU,WIND-FOR,"Wind force, Beaufort scale",Total,,1,None,True,,,,Unknown,,Actual,AIR,Air,,,Lee,07080104,Lake,,40.712645,-91.435951
6,22560001,Poll Miller Park Lake,08/09/2006 06:38:00,AMBLAKE-ISU,WIND-VEL,Wind velocity,Total,,2.4,knots,True,,,,Unknown,,Actual,AIR,Air,,,Lee,07080104,Lake,,40.712645,-91.435951
6,22560001,Poll Miller Park Lake,08/09/2006 06:38:00,AMBLAKE-ISU,DEPTH-SECCHI,"Depth, Secchi disk depth",Total,,0.7,m,True,,,,ISU SECCHI,,Actual,SW,Water,,,Lee,07080104,Lake,,40.712645,-91.435951
6,22560001,Poll Miller Park Lake,08/09/2006 06:38:00,AMBLAKE-ISU,TURB,Turbidity,Total,,3,NTU,True,,,,ISU 2130-B,,Actual,SW,Water,,,Lee,07080104,Lake,,40.712645,-91.435951
6,22560001,Poll Miller Park Lake,08/09/2006 06:38:00,AMBLAKE-ISU,7782-44-7,Dissolved oxygen (DO),Total,,6.3,mg/l,True,,,,ISU 4500-O-G,,Actual,SW,Water,,,Lee,07080104,Lake,,40.712645,-91.435951
6,22560001,Poll Miller Park Lake,08/09/2006 06:38:00,AMBLAKE-ISU,DO-SAT,Dissolved oxygen saturation,Total,,79,%,True,,,,ISU 4500-O-G,,Actual,SW,Water,,,Lee,07080104,Lake,,40.712645,-91.435951
6,22560001,Poll Miller Park Lake,08/09/2006 06:38:00,AMBLAKE-ISU,DEPTH-BOTTOM,"Depth, bottom",Total,,8.2,m,True,,,,Unknown,,Actual,SW,Water,,,Lee,07080104,Lake,,40.712645,-91.435951
6,22560001,Poll Miller Park Lake,08/09/2006 06:38:00,AMBLAKE-ISU,PH,pH,Total,,8.4,None,True,,,,ISU 4500-H,,Actual,SW,Water,,,Lee,07080104,Lake,,40.712645,-91.435951
6,22560001,Poll Miller Park Lake,08/09/2006 06:38:00,AMBLAKE-ISU,TEMP-WATER,"Temperature, water",Total,,26.8,deg C,True,,,,ISU 2550,,Actual,SW,Water,,,Lee,07080104,Lake,,40.712645,-91.435951
6,22560001,Poll Miller Park Lake,08/09/2006 06:38:00,AMBLAKE-ISU,SPEC-COND,Specific conductance,Total,,365,uS/cm,True,,,,ISU 2510,,Actual,SW,Water,,,Lee,07080104,Lake,,40.712645,-91.435951
6,22560001,Poll Miller Park Lake,08/09/2006 06:38:00,AMBLAKE-ISU,PHOSP-PHOSP,Phosphate-phosphorus (as P),Total,,0.039,mg/l,True,0.002,,,ISU 4500-P-E,ISULAKE,Actual,SW,Water,,,Lee,07080104,Lake,,40.712645,-91.435951
6,22560001,Poll Miller Park Lake,08/09/2006 06:38:00,AMBLAKE-ISU,NIT-NO3-NO2,Inorganic nitrogen (nitrate and nitrite) (as N),Total,,0.12,mg/l,False,0.12,,,SEC_DERIV_UV,ISULAKE,Actual,SW,Water,,,Lee,07080104,Lake,,40.712645,-91.435951
6,22560001,Poll Miller Park Lake,08/09/2006 06:38:00,AMBLAKE-ISU,NIT-NUTRIENT,Nutrient-nitrogen,Total,,1,mg/l,True,0.28,,,SEC_DERIV_UV,ISULAKE,Actual,SW,Water,,,Lee,07080104,Lake,,40.712645,-91.435951
6,22560001,Poll Miller Park Lake,08/09/2006 06:38:00,AMBLAKE-ISU,7440-44-0,Carbon,Dissolved,,6.07,mg/l,True,1.12,,,5310-B,ISULAKE,Actual,SW,Water,,,Lee,07080104,Lake,,40.712645,-91.435951
6,22560001,Poll Miller Park Lake,08/09/2006 06:38:00,AMBLAKE-ISU,TFSS,Fixed suspended solids,NonFilt,,2,mg/l,True,1,,,2540-E,ISULAKE,Actual,SW,Water,,,Lee,07080104,Lake,,40.712645,-91.435951
6,22560001,Poll Miller Park Lake,08/09/2006 06:38:00,AMBLAKE-ISU,TSS,Total suspended solids,NonFilt,,11,mg/l,True,1,,,2540-E,ISULAKE,Actual,SW,Water,,,Lee,07080104,Lake,,40.712645,-91.435951
6,22560001,Poll Miller Park Lake,08/09/2006 06:38:00,AMBLAKE-ISU,TVSS,Volatile Suspended Solids,NonFilt,,9,mg/l,True,1,,,2540-E,ISULAKE,Actual,SW,Water,,,Lee,07080104,Lake,,40.712645,-91.435951
6,22560001,Poll Miller Park Lake,08/09/2006 06:38:00,AMBLAKE-ISU,479-61-8,Chlorophyll a,NonFilt,,21.1,ug/l,True,1,,,ISU EPA 445,ISULAKE,Actual,SW,Water,,,Lee,07080104,Lake,,40.712645,-91.435951
6,22560001,Poll Miller Park Lake,08/09/2006 06:38:00,AMBLAKE-ISU,ALK-TOT,"Alkalinity, total",Total,,123,mg/l CaCO3,True,2,,,2320,ISULAKE,Actual,SW,Water,,,Lee,07080104,Lake,,40.712645,-91.435951
6,22560001,Poll Miller Park Lake,08/09/2006 06:38:00,AMBLAKE-ISU,14265-44-2,Orthophosphate (as P),Dissolved,,0.001,mg/l,False,0.001,,,ISU 4500-P-E,ISULAKE,Actual,SW,Water,,,Lee,07080104,Lake,,40.712645,-91.435951
6,22560001,Poll Miller Park Lake,08/09/2006 06:38:00,AMBLAKE-ISU,NIT-AMM,Ammonia-nitrogen (as N),Total,,0.016,mg/l,False,0.016,,,4500-NH3(F),ISULAKE,Actual,SW,Water,,,Lee,07080104,Lake,,40.712645,-91.435951
6,22560001,Poll Miller Park Lake,08/09/2006 06:38:00,AMBLAKE-ISU,7664-41-7,Ammonia,Total,,0.016,mg/l,False,0.016,,,ISU_UNION_AMMON,ISULAKE,Calculated,SW,Water,,,Lee,07080104,Lake,,40.712645,-91.435951
6,22560001,Poll Miller Park Lake,06/05/2007 14:30:00,AMBLAKE-ISU,BAR-PRES,Barometric pressure,Total,,98390,Pascal,True,,,,ISU_AIR_MSRS,,Actual,AIR,Air,,,Lee,07080104,Lake,,40.712645,-91.435951
6,22560001,Poll Miller Park Lake,06/05/2007 14:30:00,AMBLAKE-ISU,PRECIP-DACL,Precipitation during activity (choice list),Total,,0,None,True,,,,Unknown,,,AIR,Air,,,Lee,07080104,Lake,,40.712645,-91.435951
6,22560001,Poll Miller Park Lake,06/05/2007 14:30:00,AMBLAKE-ISU,TEMP-AIR,"Temperature, air",Total,,29,deg C,True,,,,Unknown,,Actual,AIR,Air,,,Lee,07080104,Lake,,40.712645,-91.435951
6,22560001,Poll Miller Park Lake,06/05/2007 14:30:00,AMBLAKE-ISU,WIND-DIR,"Wind direction (direction from, expressed 0-360 deg)",Total,,315,Deg,True,,,,Unknown,,Actual,AIR,Air,,,Lee,07080104,Lake,,40.712645,-91.435951
6,22560001,Poll Miller Park Lake,06/05/2007 14:30:00,AMBLAKE-ISU,WIND-FOR,"Wind force, Beaufort scale",Total,,1,None,True,,,,Unknown,,Actual,AIR,Air,,,Lee,07080104,Lake,,40.712645,-91.435951
6,22560001,Poll Miller Park Lake,06/05/2007 14:30:00,AMBLAKE-ISU,WIND-VEL,Wind velocity,Total,,4.6,knots,True,,,,Unknown,,Actual,AIR,Air,,,Lee,07080104,Lake,,40.712645,-91.435951
6,22560001,Poll Miller Park Lake,06/05/2007 14:30:00,AMBLAKE-ISU,DEPTH-BOTTOM,"Depth, bottom",Total,,8.3,m,True,,,,Unknown,,Actual,SW,Water,,,Lee,07080104,Lake,,40.712645,-91.435951
6,22560001,Poll Miller Park Lake,06/05/2007 14:30:00,AMBLAKE-ISU,DEPTH-SECCHI,"Depth, Secchi disk depth",Total,,2.92,m,True,,,,ISU SECCHI,,Actual,SW,Water,,,Lee,07080104,Lake,,40.712645,-91.435951
6,22560001,Poll Miller Park Lake,06/05/2007 14:30:00,AMBLAKE-ISU,7782-44-7,Dissolved oxygen (DO),Total,,7.7,mg/l,True,,,,ISU 4500-O-G,,Actual,SW,Water,,,Lee,07080104,Lake,,40.712645,-91.435951
6,22560001,Poll Miller Park Lake,06/05/2007 14:30:00,AMBLAKE-ISU,DO-SAT,Dissolved oxygen saturation,Total,,90,%,True,,,,ISU 4500-O-G,,Actual,SW,Water,,,Lee,07080104,Lake,,40.712645,-91.435951
6,22560001,Poll Miller Park Lake,06/05/2007 14:30:00,AMBLAKE-ISU,PH,pH,Total,,8.3,None,True,,,,ISU 4500-H,,Actual,SW,Water,,,Lee,07080104,Lake,,40.712645,-91.435951
6,22560001,Poll Miller Park Lake,06/05/2007 14:30:00,AMBLAKE-ISU,SPEC-COND,Specific conductance,Total,,339,uS/cm,True,,,,ISU 2510,,Actual,SW,Water,,,Lee,07080104,Lake,,40.712645,-91.435951
6,22560001,Poll Miller Park Lake,06/05/2007 14:30:00,AMBLAKE-ISU,TEMP-WATER,"Temperature, water",Total,,22.8,deg C,True,,,,ISU 2550,,Actual,SW,Water,,,Lee,07080104,Lake,,40.712645,-91.435951
6,22560001,Poll Miller Park Lake,06/05/2007 14:30:00,AMBLAKE-ISU,TURB,Turbidity,Total,,5,NTU,True,,,,ISU 2130-B,,Actual,SW,Water,,,Lee,07080104,Lake,,40.712645,-91.435951
6,22560001,Poll Miller Park Lake,07/10/2007 12:00:00,AMBLAKE-ISU,TURB,Turbidity,Total,,2,NTU,True,,,,ISU 2130-B,,Actual,SW,Water,,,Lee,07080104,Lake,,40.712645,-91.435951
6,22560001,Poll Miller Park Lake,07/10/2007 12:00:00,AMBLAKE-ISU,ALK-TOT,"Alkalinity, total",Total,,137,mg/l CaCO3,True,2,,10,2320,ISULAKE,Actual,SW,Water,,,Lee,07080104,Lake,,40.712645,-91.435951
6,22560001,Poll Miller Park Lake,07/10/2007 12:00:00,AMBLAKE-ISU,7664-41-7,Ammonia,Total,,0,,True,0.016,Present Below Quantification Limit,0.082,ISU_UNION_AMMON,ISULAKE,Calculated,SW,Water,,,Lee,07080104,Lake,,40.712645,-91.435951
6,22560001,Poll Miller Park Lake,07/10/2007 12:00:00,AMBLAKE-ISU,7440-44-0,Carbon,Dissolved,,6.39,mg/l,True,1.12,,5.6,5310-B,ISULAKE,Actual,SW,Water,,,Lee,07080104,Lake,,40.712645,-91.435951
6,22560001,Poll Miller Park Lake,07/10/2007 12:00:00,AMBLAKE-ISU,479-61-8,Chlorophyll a,NonFilt,,0,,True,1,Present Below Quantification Limit,5,ISU EPA 445,ISULAKE,Actual,SW,Water,,,Lee,07080104,Lake,,40.712645,-91.435951
6,22560001,Poll Miller Park Lake,07/10/2007 12:00:00,AMBLAKE-ISU,NIT-AMM,Ammonia-nitrogen (as N),Total,,0,,True,0.016,Present Below Quantification Limit,0.082,4500-NH3(F),ISULAKE,Actual,SW,Water,,,Lee,07080104,Lake,,40.712645,-91.435951
6,22560001,Poll Miller Park Lake,07/10/2007 12:00:00,AMBLAKE-ISU,NIT-NO3-NO2,Inorganic nitrogen (nitrate and nitrite) (as N),Total,,0,,True,0.12,Present Below Quantification Limit,0.58,SEC_DERIV_UV,ISULAKE,Actual,SW,Water,,,Lee,07080104,Lake,,40.712645,-91.435951
6,22560001,Poll Miller Park Lake,07/10/2007 12:00:00,AMBLAKE-ISU,NIT-NUTRIENT,Nutrient-nitrogen,Total,,0,,True,0.28,Present Below Quantification Limit,1.38,SEC_DERIV_UV,ISULAKE,Actual,SW,Water,,,Lee,07080104,Lake,,40.712645,-91.435951
6,22560001,Poll Miller Park Lake,07/10/2007 12:00:00,AMBLAKE-ISU,PHOSP-PHOSP,Phosphate-phosphorus (as P),Total,,0.015,mg/l,True,0.002,,0.01,4500-P-E,ISULAKE,Actual,SW,Water,,,Lee,07080104,Lake,,40.712645,-91.435951
6,22560001,Poll Miller Park Lake,07/10/2007 12:00:00,AMBLAKE-ISU,14265-44-2,Orthophosphate (as P),Dissolved,,0,,True,0.001,Present Below Quantification Limit,0.005,4500-P-E,ISULAKE,Actual,SW,Water,,,Lee,07080104,Lake,,40.712645,-91.435951
6,22560001,Poll Miller Park Lake,07/10/2007 12:00:00,AMBLAKE-ISU,TFSS,Fixed suspended solids,NonFilt,,0,,True,1,Present Below Quantification Limit,4,2540-E,ISULAKE,Actual,SW,Water,,,Lee,07080104,Lake,,40.712645,-91.435951
6,22560001,Poll Miller Park Lake,07/10/2007 12:00:00,AMBLAKE-ISU,TSS,Total suspended solids,NonFilt,,0,,True,1,Present Below Quantification Limit,6,2540-E,ISULAKE,Actual,SW,Water,,,Lee,07080104,Lake,,40.712645,-91.435951
6,22560001,Poll Miller Park Lake,07/10/2007 12:00:00,AMBLAKE-ISU,TVSS,Volatile Suspended Solids,NonFilt,,0,,True,1,Present Below Quantification Limit,6,2540-E,ISULAKE,Actual,SW,Water,,,Lee,07080104,Lake,,40.712645,-91.435951
6,22560001,Poll Miller Park Lake,08/06/2007 14:15:00,AMBLAKE-ISU,DEPTH-SECCHI,"Depth, Secchi disk depth",Total,,3.2,m,True,,,,ISU SECCHI,,Actual,SW,Water,,,Lee,07080104,Lake,,40.712645,-91.435951
6,22560001,Poll Miller Park Lake,08/06/2007 14:15:00,AMBLAKE-ISU,7782-44-7,Dissolved oxygen (DO),Total,,7.6,mg/l,True,,,,ISU 4500-O-G,,Actual,SW,Water,,,Lee,07080104,Lake,,40.712645,-91.435951
6,22560001,Poll Miller Park Lake,08/06/2007 14:15:00,AMBLAKE-ISU,DO-SAT,Dissolved oxygen saturation,Total,,97,%,True,,,,ISU 4500-O-G,,Actual,SW,Water,,,Lee,07080104,Lake,,40.712645,-91.435951
6,22560001,Poll Miller Park Lake,08/06/2007 14:15:00,AMBLAKE-ISU,PH,pH,Total,,8.2,None,True,,,,ISU 4500-H,,Actual,SW,Water,,,Lee,07080104,Lake,,40.712645,-91.435951
6,22560001,Poll Miller Park Lake,08/06/2007 14:15:00,AMBLAKE-ISU,SPEC-COND,Specific conductance,Total,,321,uS/cm,True,,,,ISU 2510,,Actual,SW,Water,,,Lee,07080104,Lake,,40.712645,-91.435951
6,22560001,Poll Miller Park Lake,08/06/2007 14:15:00,AMBLAKE-ISU,TEMP-WATER,"Temperature, water",Total,,27.7,deg C,True,,,,ISU 2550,,Actual,SW,Water,,,Lee,07080104,Lake,,40.712645,-91.435951
6,22560001,Poll Miller Park Lake,08/06/2007 14:15:00,AMBLAKE-ISU,TURB,Turbidity,Total,,8,NTU,True,,,,ISU 2130-B,,Actual,SW,Water,,,Lee,07080104,Lake,,40.712645,-91.435951
6,22560001,Poll Miller Park Lake,08/06/2007 14:15:00,AMBLAKE-ISU,ALK-TOT,"Alkalinity, total",Total,,122,mg/l CaCO3,True,2,,10,2320,ISULAKE,Actual,SW,Water,,,Lee,07080104,Lake,,40.712645,-91.435951
6,22560001,Poll Miller Park Lake,08/06/2007 14:15:00,AMBLAKE-ISU,7664-41-7,Ammonia,Total,,0,,True,0.016,Present Below Quantification Limit,0.082,ISU_UNION_AMMON,ISULAKE,Calculated,SW,Water,,,Lee,07080104,Lake,,40.712645,-91.435951
6,22560001,Poll Miller Park Lake,08/06/2007 14:15:00,AMBLAKE-ISU,7440-44-0,Carbon,Dissolved,,6.5,mg/l,True,1.12,,5.6,5310-B,ISULAKE,Actual,SW,Water,,,Lee,07080104,Lake,,40.712645,-91.435951
6,22560001,Poll Miller Park Lake,08/06/2007 14:15:00,AMBLAKE-ISU,479-61-8,Chlorophyll a,NonFilt,,11.9,ug/l,True,1,,5,ISU EPA 445,ISULAKE,Actual,SW,Water,,,Lee,07080104,Lake,,40.712645,-91.435951
6,22560001,Poll Miller Park Lake,08/06/2007 14:15:00,AMBLAKE-ISU,NIT-AMM,Ammonia-nitrogen (as N),Total,,0,,True,0.016,Present Below Quantification Limit,0.082,4500-NH3(F),ISULAKE,Actual,SW,Water,,,Lee,07080104,Lake,,40.712645,-91.435951
6,22560001,Poll Miller Park Lake,08/06/2007 14:15:00,AMBLAKE-ISU,NIT-NO3-NO2,Inorganic nitrogen (nitrate and nitrite) (as N),Total,,0,,True,0.12,Present Below Quantification Limit,0.58,SEC_DERIV_UV,ISULAKE,Actual,SW,Water,,,Lee,07080104,Lake,,40.712645,-91.435951
6,22560001,Poll Miller Park Lake,08/06/2007 14:15:00,AMBLAKE-ISU,NIT-NUTRIENT,Nutrient-nitrogen,Total,,0,,True,0.28,Present Below Quantification Limit,1.38,SEC_DERIV_UV,ISULAKE,Actual,SW,Water,,,Lee,07080104,Lake,,40.712645,-91.435951
6,22560001,Poll Miller Park Lake,08/06/2007 14:15:00,AMBLAKE-ISU,PHOSP-PHOSP,Phosphate-phosphorus (as P),Total,,0.03,mg/l,True,0.002,,0.01,4500-P-E,ISULAKE,Actual,SW,Water,,,Lee,07080104,Lake,,40.712645,-91.435951
6,22560001,Poll Miller Park Lake,08/06/2007 14:15:00,AMBLAKE-ISU,14265-44-2,Orthophosphate (as P),Dissolved,,0,,True,0.001,Present Below Quantification Limit,0.005,4500-P-E,ISULAKE,Actual,SW,Water,,,Lee,07080104,Lake,,40.712645,-91.435951
6,22560001,Poll Miller Park Lake,08/06/2007 14:15:00,AMBLAKE-ISU,TFSS,Fixed suspended solids,NonFilt,,0,,True,1,Present Below Quantification Limit,4,2540-E,ISULAKE,Actual,SW,Water,,,Lee,07080104,Lake,,40.712645,-91.435951
6,22560001,Poll Miller Park Lake,08/06/2007 14:15:00,AMBLAKE-ISU,TSS,Total suspended solids,NonFilt,,9,mg/l,True,1,,6,2540-E,ISULAKE,Actual,SW,Water,,,Lee,07080104,Lake,,40.712645,-91.435951
6,22560001,Poll Miller Park Lake,08/06/2007 14:15:00,AMBLAKE-ISU,TVSS,Volatile Suspended Solids,NonFilt,,9,mg/l,True,1,,6,2540-E,ISULAKE,Actual,SW,Water,,,Lee,07080104,Lake,,40.712645,-91.435951
6,16560001,Bonnell Creek,06/27/2002 10:20:00,REMAP,TDS,Total dissolved solids,Dissolved,,280,mg/l,True,1,,,160.1,UHL001,Actual,SW,Water,,,Lee,07080104,River/Stream,,40.680037,-91.502556
6,16560001,Bonnell Creek,06/27/2002 10:20:00,REMAP,TSS,Total suspended solids,NonFilt,,120,mg/l,True,1,,,I3765,UHL001,Actual,SW,Water,,,Lee,07080104,River/Stream,,40.680037,-91.502556
6,16560001,Bonnell Creek,06/27/2002 10:20:00,REMAP,14265-44-2,Orthophosphate (as P),Dissolved,,0.21,mg/l,True,0.05,,,365.1,UHL001,Actual,SW,Water,,,Lee,07080104,River/Stream,,40.680037,-91.502556
6,16560001,Bonnell Creek,06/27/2002 10:20:00,REMAP,TURB,Turbidity,Total,,160,NTU,True,1,,,180.1,UHL001,Actual,SW,Water,,,Lee,07080104,River/Stream,,40.680037,-91.502556
6,16560001,Bonnell Creek,06/27/2002 10:20:00,REMAP,NIT-KJELD,Kjeldahl nitrogen (AS N),Total,,2.1,mg/l,True,0.05,,,351.1,UHL001,Actual,SW,Water,,,Lee,07080104,River/Stream,,40.680037,-91.502556
6,16560001,Bonnell Creek,06/27/2002 10:20:00,REMAP,PHOSP-PHOSP,Phosphate-phosphorus (as P),Total,,0.44,mg/l,True,0.05,,,365.4,UHL001,Actual,SW,Water,,,Lee,07080104,River/Stream,,40.680037,-91.502556
6,16560001,Bonnell Creek,06/27/2002 10:20:00,REMAP,7631-86-9,Silica,Dissolved,,10,mg/l,True,1,,,370.1,UHL001,Actual,SW,Water,,,Lee,07080104,River/Stream,,40.680037,-91.502556
6,16560001,Bonnell Creek,07/11/2002 10:10:00,REMAP,7782-44-7,Dissolved oxygen (DO),Total,,7,mg/l,True,0.1,,,Unknown,,Actual,SW,Water,,,Lee,07080104,River/Stream,,40.680037,-91.502556
6,16560001,Bonnell Creek,07/11/2002 10:10:00,REMAP,TEMP-WATER,"Temperature, water",Total,,21,deg C,True,0,,,Unknown,,Actual,SW,Water,,,Lee,07080104,River/Stream,,40.680037,-91.502556
6,16560001,Bonnell Creek,07/11/2002 10:10:00,REMAP,FLOW,Flow,Total,,0.1,cfs,True,0.1,,,USGS CA8,,Actual,SW,Water,,,Lee,07080104,River/Stream,,40.680037,-91.502556
6,16560001,Bonnell Creek,07/11/2002 10:10:00,REMAP,PH,pH,Total,,7.9,None,True,,,,4500-H,,Actual,SW,Water,,,Lee,07080104,River/Stream,,40.680037,-91.502556
6,16560001,Bonnell Creek,07/11/2002 10:10:00,REMAP,11003-45-5,Chlorophyll c,NonFilt,,1,ug/l,False,1,,,10200-H,UHL001,Actual,SW,Water,,,Lee,07080104,River/Stream,,40.680037,-91.502556
6,16560001,Bonnell Creek,07/11/2002 10:10:00,REMAP,479-61-8,Chlorophyll a,NonFilt,,3,ug/l,True,1,,,10200-H,UHL001,Actual,SW,Water,,,Lee,07080104,River/Stream,,40.680037,-91.502556
6,16560001,Bonnell Creek,07/11/2002 10:10:00,REMAP,519-62-0,Chlorophyll b,NonFilt,,1,ug/l,False,1,,,10200-H,UHL001,Actual,SW,Water,,,Lee,07080104,River/Stream,,40.680037,-91.502556
6,16560001,Bonnell Creek,07/11/2002 10:10:00,REMAP,603-17-8,Pheophytin a,NonFilt,,1,ug/l,False,1,,,10200-H,UHL001,Actual,SW,Water,,,Lee,07080104,River/Stream,,40.680037,-91.502556
6,16560001,Bonnell Creek,07/11/2002 10:10:00,REMAP,CLR-A-UCP,"Chlorophyll a, uncorrected for pheophytin",NonFilt,,3,ug/l,True,1,,,10200-H,UHL001,Actual,SW,Water,,,Lee,07080104,River/Stream,,40.680037,-91.502556
6,16560001,Bonnell Creek,07/11/2002 10:10:00,REMAP,14265-44-2,Orthophosphate (as P),Dissolved,,0.18,mg/l,True,0.05,,,365.1,UHL001,Actual,SW,Water,,,Lee,07080104,River/Stream,,40.680037,-91.502556
6,16560003,Des Moines River - Site 202,09/14/2006 09:45:00,REMAP,7782-44-7,Dissolved oxygen (DO),Total,,8.3,mg/l,True,0.1,,,Unknown,,Actual,SW,Water,,,Lee,07100009,River/Stream,,40.597417,-91.715468
6,16560003,Des Moines River - Site 202,09/14/2006 09:45:00,REMAP,TEMP-WATER,"Temperature, water",Total,,19,deg C,True,0,,,Unknown,,Actual,SW,Water,,,Lee,07100009,River/Stream,,40.597417,-91.715468
6,16560003,Des Moines River - Site 202,09/14/2006 09:45:00,REMAP,FLOW,Flow,Total,,8000,cfs,True,0.1,,,USGS CA8,,Actual,SW,Water,,,Lee,07100009,River/Stream,,40.597417,-91.715468
6,16560003,Des Moines River - Site 202,10/17/2006 10:10:00,REMAP,PH,pH,Total,,8.6,None,True,,,,4500-H,,Actual,SW,Water,,,Lee,07100009,River/Stream,,40.597417,-91.715468
6,16560003,Des Moines River - Site 202,10/17/2006 10:10:00,REMAP,7782-44-7,Dissolved oxygen (DO),Total,,11.5,mg/l,True,0.1,,,Unknown,,Actual,SW,Water,,,Lee,07100009,River/Stream,,40.597417,-91.715468
6,16560003,Des Moines River - Site 202,10/17/2006 10:10:00,REMAP,TEMP-WATER,"Temperature, water",Total,,11.4,deg C,True,0,,,Unknown,,Actual,SW,Water,,,Lee,07100009,River/Stream,,40.597417,-91.715468
6,16560003,Des Moines River - Site 202,10/17/2006 10:10:00,REMAP,FLOW,Flow,Total,,1500,cfs,True,0.1,,,USGS CA8,,Actual,SW,Water,,,Lee,07100009,River/Stream,,40.597417,-91.715468
6,16560003,Des Moines River - Site 202,10/17/2006 10:10:00,REMAP,16887-00-6,Chloride,Total,,32,mg/l,True,1,,,300(A),UHL001,Actual,SW,Water,,,Lee,07100009,River/Stream,,40.597417,-91.715468
6,16560003,Des Moines River - Site 202,10/17/2006 10:10:00,REMAP,TURB,Turbidity,Total,,3.8,NTU,True,1,,,180.1,UHL001,Actual,SW,Water,,,Lee,07100009,River/Stream,,40.597417,-91.715468
6,16560003,Des Moines River - Site 202,10/17/2006 10:10:00,REMAP,NIT-NO3-NO2,Inorganic nitrogen (nitrate and nitrite) (as N),Total,,3.6,mg/l,True,0.05,,,353.2,UHL001,Actual,SW,Water,,,Lee,07100009,River/Stream,,40.597417,-91.715468
6,16560003,Des Moines River - Site 202,10/17/2006 10:10:00,REMAP,14265-44-2,Orthophosphate (as P),Dissolved,,0.12,mg/l,True,0.02,,,365.1,UHL001,Actual,SW,Water,,,Lee,07100009,River/Stream,,40.597417,-91.715468
6,16560003,Des Moines River - Site 202,10/17/2006 10:10:00,REMAP,NIT-KJELD,Kjeldahl nitrogen (AS N),Total,,0.8,mg/l,True,0.1,,,351.2,UHL001,Actual,SW,Water,,,Lee,07100009,River/Stream,,40.597417,-91.715468
6,16560003,Des Moines River - Site 202,10/17/2006 10:10:00,REMAP,7631-86-9,Silica,Dissolved,,13,mg/l,True,1,,,370.1,UHL001,Actual,SW,Water,,,Lee,07100009,River/Stream,,40.597417,-91.715468
6,16560003,Des Moines River - Site 202,10/17/2006 10:10:00,REMAP,TDS,Total dissolved solids,Dissolved,,290,mg/l,True,1,,,160.1,UHL001,Actual,SW,Water,,,Lee,07100009,River/Stream,,40.597417,-91.715468
6,16560003,Des Moines River - Site 202,10/17/2006 10:10:00,REMAP,NIT-AMM,Ammonia-nitrogen (as N),Total,,0.05,mg/l,False,0.05,,,350.1,UHL001,Actual,SW,Water,,,Lee,07100009,River/Stream,,40.597417,-91.715468
6,22560001,Poll Miller Park Lake,10/04/2005 09:20:00,AMBLAKE-SHL,DEPTH-THERMO,"Depth, thermocline",Total,,5.7,m,True,,,,Unknown,,Actual,SW,Water,,,Lee,07080104,Lake,,40.712645,-91.435951
6,22560001,Poll Miller Park Lake,08/14/2006 10:15:00,AMBLAKE-SHL,DEPTH-THERMO,"Depth, thermocline",Total,,2.8,m,True,,,,Unknown,,Actual,SW,Water,,,Lee,07080104,Lake,,40.712645,-91.435951
6,22560001,Poll Miller Park Lake,09/20/2006 10:00:00,AMBLAKE-SHL,DEPTH-THERMO,"Depth, thermocline",Total,,5.5,m,True,,,,Unknown,,Actual,SW,Water,,,Lee,07080104,Lake,,40.712645,-91.435951
6,22560001,Poll Miller Park Lake,07/06/2006 10:20:00,AMBLAKE-SHL,DEPTH-THERMO,"Depth, thermocline",Total,,2.8,m,True,,,,Unknown,,Actual,SW,Water,,,Lee,07080104,Lake,,40.712645,-91.435951
6,22560001,Poll Miller Park Lake,05/07/2007 13:15:00,AMBLAKE-SHL,DEPTH-THERMO,"Depth, thermocline",Total,,3.3,m,True,,,,Unknown,,Actual,SW,Water,,,Lee,07080104,Lake,,40.712645,-91.435951
6,22560001,Poll Miller Park Lake,07/23/2007 09:35:00,AMBLAKE-SHL,DEPTH-THERMO,"Depth, thermocline",Total,,3.6,m,True,,,,Unknown,,Actual,SW,Water,,,Lee,07080104,Lake,,40.712645,-91.435951
6,22560001,Poll Miller Park Lake,08/23/2007 13:15:00,AMBLAKE-SHL,DEPTH-THERMO,"Depth, thermocline",Total,,4.5,m,True,,,,Unknown,,Actual,SW,Water,,,Lee,07080104,Lake,,40.712645,-91.435951
6,22560001,Poll Miller Park Lake,06/16/2009 14:32:00,AMBLAKE-ISU,NIT-AMM,Ammonia-nitrogen (as N),Total,,0.13,mg/l,False,0.13,,,4500-NH3(F),ISULAKE,Actual,SW,Water,,,Lee,07080104,Lake,,40.712645,-91.435951
6,22560001,Poll Miller Park Lake,06/16/2009 14:32:00,AMBLAKE-ISU,ALK-TOT,"Alkalinity, total",Total,,115,mg/l CaCO3,True,10,,,2320-B,ISULAKE,Actual,SW,Water,,,Lee,07080104,Lake,,40.712645,-91.435951
6,22560001,Poll Miller Park Lake,06/16/2009 14:32:00,AMBLAKE-ISU,479-61-8,Chlorophyll a,NonFilt,,11,ug/l,True,5,,,445,ISULAKE,Actual,SW,Water,,,Lee,07080104,Lake,,40.712645,-91.435951
6,22560001,Poll Miller Park Lake,06/16/2009 14:32:00,AMBLAKE-ISU,TFSS,Fixed suspended solids,NonFilt,,4,mg/l,False,4,,,2540-E,ISULAKE,Actual,SW,Water,,,Lee,07080104,Lake,,40.712645,-91.435951
6,22560001,Poll Miller Park Lake,06/16/2009 14:32:00,AMBLAKE-ISU,TSS,Total suspended solids,NonFilt,,8.5,mg/l,True,5,,,2540-E,ISULAKE,Actual,SW,Water,,,Lee,07080104,Lake,,40.712645,-91.435951
6,22560001,Poll Miller Park Lake,06/16/2009 14:32:00,AMBLAKE-ISU,TVSS,Volatile Suspended Solids,NonFilt,,8,mg/l,False,8,,,2540-E,ISULAKE,Actual,SW,Water,,,Lee,07080104,Lake,,40.712645,-91.435951
6,22560001,Poll Miller Park Lake,06/16/2009 14:32:00,AMBLAKE-ISU,NIT-NO3-NO2,Inorganic nitrogen (nitrate and nitrite) (as N),Total,,0.5,mg/l,False,0.5,,,SEC_DERIV_UV,ISULAKE,Actual,SW,Water,,,Lee,07080104,Lake,,40.712645,-91.435951
6,22560001,Poll Miller Park Lake,06/16/2009 14:32:00,AMBLAKE-ISU,NIT-NUTRIENT,Nutrient-nitrogen,Total,,0.76,mg/l,True,0.75,,,SEC_DERIV_UV,ISULAKE,Actual,SW,Water,,,Lee,07080104,Lake,,40.712645,-91.435951
6,22560001,Poll Miller Park Lake,06/16/2009 14:32:00,AMBLAKE-ISU,7440-44-0,Carbon,Dissolved,,6.2,mg/l,False,6.2,,,5310-B,ISULAKE,Actual,SW,Water,,,Lee,07080104,Lake,,40.712645,-91.435951
6,22560001,Poll Miller Park Lake,06/16/2009 14:32:00,AMBLAKE-ISU,14265-44-2,Orthophosphate (as P),Dissolved,,0.009,mg/l,False,0.009,,,ISU 4500-P-E,ISULAKE,Actual,SW,Water,,,Lee,07080104,Lake,,40.712645,-91.435951
6,22560001,Poll Miller Park Lake,06/16/2009 14:32:00,AMBLAKE-ISU,PHOSP-PHOSP,Phosphate-phosphorus (AS P),Total,,0.0456,mg/l,True,0.014,,,ISU 4500-P-E,ISULAKE,Actual,SW,Water,,,Lee,07080104,Lake,,40.712645,-91.435951
6,22560001,Poll Miller Park Lake,07/22/2009 11:45:00,AMBLAKE-ISU,NIT-AMM,Ammonia-nitrogen (as N),Total,,0.13,mg/l,False,0.13,,,4500-NH3(F),ISULAKE,Actual,SW,Water,,,Lee,07080104,Lake,,40.712645,-91.435951
6,22560001,Poll Miller Park Lake,07/22/2009 11:45:00,AMBLAKE-ISU,ALK-TOT,"Alkalinity, total",Total,,113,mg/l CaCO3,True,10,,,2320-B,ISULAKE,Actual,SW,Water,,,Lee,07080104,Lake,,40.712645,-91.435951
6,22560001,Poll Miller Park Lake,07/22/2009 11:45:00,AMBLAKE-ISU,479-61-8,Chlorophyll a,NonFilt,,6,ug/l,True,5,,,445,ISULAKE,Actual,SW,Water,,,Lee,07080104,Lake,,40.712645,-91.435951
6,22560001,Poll Miller Park Lake,07/22/2009 11:45:00,AMBLAKE-ISU,TFSS,Fixed suspended solids,NonFilt,,4.3,mg/l,True,4,,,2540-E,ISULAKE,Actual,SW,Water,,,Lee,07080104,Lake,,40.712645,-91.435951
6,22560001,Poll Miller Park Lake,07/22/2009 11:45:00,AMBLAKE-ISU,TSS,Total suspended solids,NonFilt,,7.7,mg/l,True,5,,,2540-E,ISULAKE,Actual,SW,Water,,,Lee,07080104,Lake,,40.712645,-91.435951
6,22560001,Poll Miller Park Lake,07/22/2009 11:45:00,AMBLAKE-ISU,TVSS,Volatile Suspended Solids,NonFilt,,8,mg/l,False,8,,,2540-E,ISULAKE,Actual,SW,Water,,,Lee,07080104,Lake,,40.712645,-91.435951
6,22560001,Poll Miller Park Lake,07/22/2009 11:45:00,AMBLAKE-ISU,NIT-NO3-NO2,Inorganic nitrogen (nitrate and nitrite) (as N),Total,,0.5,mg/l,False,0.5,,,SEC_DERIV_UV,ISULAKE,Actual,SW,Water,,,Lee,07080104,Lake,,40.712645,-91.435951
6,22560001,Poll Miller Park Lake,07/22/2009 11:45:00,AMBLAKE-ISU,NIT-NUTRIENT,Nutrient-nitrogen,Total,,0.83,mg/l,True,0.75,,,SEC_DERIV_UV,ISULAKE,Actual,SW,Water,,,Lee,07080104,Lake,,40.712645,-91.435951
6,22560001,Poll Miller Park Lake,07/22/2009 11:45:00,AMBLAKE-ISU,7440-44-0,Carbon,Dissolved,,6.2,mg/l,False,6.2,,,5310-B,ISULAKE,Actual,SW,Water,,,Lee,07080104,Lake,,40.712645,-91.435951
6,22560001,Poll Miller Park Lake,07/22/2009 11:45:00,AMBLAKE-ISU,14265-44-2,Orthophosphate (as P),Dissolved,,0.009,mg/l,False,0.009,,,ISU 4500-P-E,ISULAKE,Actual,SW,Water,,,Lee,07080104,Lake,,40.712645,-91.435951
6,22560001,Poll Miller Park Lake,07/22/2009 11:45:00,AMBLAKE-ISU,PHOSP-PHOSP,Phosphate-phosphorus (AS P),Total,,0.0359,mg/l,True,0.014,,,ISU 4500-P-E,ISULAKE,Actual,SW,Water,,,Lee,07080104,Lake,,40.712645,-91.435951
6,22560001,Poll Miller Park Lake,08/17/2009 15:00:00,AMBLAKE-ISU,DEPTH-BOTTOM,"Depth, bottom",Total,,7.7,m,True,,,,Unknown,ISULAKE,Actual,SW,Water,,,Lee,07080104,Lake,,40.712645,-91.435951
6,22560001,Poll Miller Park Lake,08/17/2009 15:00:00,AMBLAKE-ISU,DEPTH-THERMO,"Depth, thermocline",Total,,2.5,m,True,0,,,Unknown,ISULAKE,Actual,SW,Water,,,Lee,07080104,Lake,,40.712645,-91.435951
6,22560001,Poll Miller Park Lake,08/17/2009 15:00:00,AMBLAKE-ISU,DEPTH-SECCHI,"Depth, Secchi disk depth",Total,,0.6,m,True,,,,ISU SECCHI,ISULAKE,Actual,SW,Water,,,Lee,07080104,Lake,,40.712645,-91.435951
6,22560001,Poll Miller Park Lake,08/17/2009 15:00:00,AMBLAKE-ISU,7782-44-7,Dissolved oxygen (DO),Total,,7.5,mg/l,True,1,,,ISU 4500-O-G,ISULAKE,Actual,SW,Water,,,Lee,07080104,Lake,,40.712645,-91.435951
6,22560001,Poll Miller Park Lake,08/17/2009 15:00:00,AMBLAKE-ISU,DO-SAT,Dissolved oxygen saturation,Total,,92,%,True,10,,,ISU 4500-O-G,ISULAKE,Actual,SW,Water,,,Lee,07080104,Lake,,40.712645,-91.435951
6,22560001,Poll Miller Park Lake,08/17/2009 15:00:00,AMBLAKE-ISU,PH,pH,Total,,8.2,None,True,,,,ISU 2510,ISULAKE,Actual,SW,Water,,,Lee,07080104,Lake,,40.712645,-91.435951
6,22560001,Poll Miller Park Lake,08/17/2009 15:00:00,AMBLAKE-ISU,SPEC-COND,Specific conductance,Total,,270,uS/cm,True,5,,,ISU 2510,ISULAKE,Actual,SW,Water,,,Lee,07080104,Lake,,40.712645,-91.435951
6,22560001,Poll Miller Park Lake,08/17/2009 15:00:00,AMBLAKE-ISU,TEMP-WATER,"Temperature, water",Total,,25.5,deg C,True,0,,,ISU 2510,ISULAKE,Actual,SW,Water,,,Lee,07080104,Lake,,40.712645,-91.435951
6,22560001,Poll Miller Park Lake,08/17/2009 15:00:00,AMBLAKE-ISU,TURB,Turbidity,Total,,16,NTU,True,0.3,,,ISU 2130-B,ISULAKE,Actual,SW,Water,,,Lee,07080104,Lake,,40.712645,-91.435951
6,21560001,Pollmiller Park Beach,06/01/2010 07:30:00,BEACHCCO,68583-22-2,Escherichia coli,Total,,10,MPN/100ml,False,10,,,9223-B,BEA002,Actual,SW,Water,,,Lee,07080104,Lake,,40.71262,-91.437202
6,21560001,Pollmiller Park Beach,06/07/2010 07:36:00,BEACHCCO,68583-22-2,Escherichia coli,Total,,20,MPN/100ml,True,10,,,9223-B,BEA002,Actual,SW,Water,,,Lee,07080104,Lake,,40.71262,-91.437202
6,21560001,Pollmiller Park Beach,06/21/2010 07:15:00,BEACHCCO,68583-22-2,Escherichia coli,Total,,63,MPN/100ml,True,10,,,9223-B,BEA002,Actual,SW,Water,,,Lee,07080104,Lake,,40.71262,-91.437202
6,21560001,Pollmiller Park Beach,08/09/2010 07:52:00,BEACHCCO,68583-22-2,Escherichia coli,Total,,10,MPN/100ml,False,10,,,9223-B,BEA002,Actual,SW,Water,,,Lee,07080104,Lake,,40.71262,-91.437202
6,22560001,Poll Miller Park Lake,05/26/2010 11:45:00,AMBLAKE-ISU,TURB,Turbidity,Total,,26.7,NTU,True,0.3,,,ISU 2130-B,ISULAKE,Actual,SW,Water,,,Lee,07080104,Lake,,40.712645,-91.435951
6,22560001,Poll Miller Park Lake,05/26/2010 11:45:00,AMBLAKE-ISU,PH,pH,Total,,9.3,None,True,0.2,,,ISU 2510,ISULAKE,Actual,SW,Water,,,Lee,07080104,Lake,,40.712645,-91.435951
6,22560001,Poll Miller Park Lake,05/26/2010 11:45:00,AMBLAKE-ISU,SPEC-COND,Specific conductance,Total,,300,uS/cm,True,1,,,ISU 2510,ISULAKE,Actual,SW,Water,,,Lee,07080104,Lake,,40.712645,-91.435951
6,22560001,Poll Miller Park Lake,05/26/2010 11:45:00,AMBLAKE-ISU,TEMP-WATER,"Temperature, water",Total,,25.8,deg C,True,-5,,,ISU 2550,ISULAKE,Actual,SW,Water,,,Lee,07080104,Lake,,40.712645,-91.435951
6,22560001,Poll Miller Park Lake,05/26/2010 11:45:00,AMBLAKE-ISU,7782-44-7,Dissolved oxygen (DO),Total,,14.4,mg/l,True,0.2,,,ISU 4500-O-G,ISULAKE,Actual,SW,Water,,,Lee,07080104,Lake,,40.712645,-91.435951
6,22560001,Poll Miller Park Lake,05/26/2010 11:45:00,AMBLAKE-ISU,DO-SAT,Dissolved oxygen saturation,Total,,176.4,%,True,2,,,ISU 4500-O-G,ISULAKE,Actual,SW,Water,,,Lee,07080104,Lake,,40.712645,-91.435951
6,22560001,Poll Miller Park Lake,05/26/2010 11:45:00,AMBLAKE-ISU,DEPTH-SECCHI,"Depth, Secchi disk depth",Total,,0.2,m,True,0,,,ISU SECCHI,ISULAKE,Actual,SW,Water,,,Lee,07080104,Lake,,40.712645,-91.435951
6,22560001,Poll Miller Park Lake,05/26/2010 11:45:00,AMBLAKE-ISU,DEPTH-BOTTOM,"Depth, bottom",Total,,8.3,m,True,0,,,Unknown,ISULAKE,Actual,SW,Water,,,Lee,07080104,Lake,,40.712645,-91.435951
6,22560001,Poll Miller Park Lake,05/26/2010 11:45:00,AMBLAKE-ISU,DEPTH-THERMO,"Depth, thermocline",Total,,0.7,m,True,0,,,Unknown,ISULAKE,Actual,SW,Water,,,Lee,07080104,Lake,,40.712645,-91.435951
6,22560001,Poll Miller Park Lake,05/26/2010 11:45:00,AMBLAKE-ISU,TVSS,Volatile Suspended Solids,NonFilt,,24,mg/l,True,9,,,160.4,ISULAKE,Actual,SW,Water,,,Lee,07080104,Lake,,40.712645,-91.435951
6,22560001,Poll Miller Park Lake,05/26/2010 11:45:00,AMBLAKE-ISU,NIT-KJELD,Kjeldahl nitrogen (AS N),Total,,2.22,mg/l,True,0.5,,,351.2,ISULAKE,Actual,SW,Water,,,Lee,07080104,Lake,,40.712645,-91.435951
6,22560001,Poll Miller Park Lake,05/26/2010 11:45:00,AMBLAKE-ISU,479-61-8,Chlorophyll a,NonFilt,,110,ug/l,True,5,,,445,ISULAKE,Actual,SW,Water,,,Lee,07080104,Lake,,40.712645,-91.435951
6,22560001,Poll Miller Park Lake,05/26/2010 11:45:00,AMBLAKE-ISU,ALK-TOT,"Alkalinity, total",Total,,83,mg/l CaCO3,True,10,,,2320-B,ISULAKE,Actual,SW,Water,,,Lee,07080104,Lake,,40.712645,-91.435951
6,22560001,Poll Miller Park Lake,08/25/2010 11:15:00,AMBLAKE-ISU,TEMP-WATER,"Temperature, water",Total,,25.8,deg C,True,-5,,,ISU 2550,ISULAKE,Actual,SW,Water,,,Lee,07080104,Lake,,40.712645,-91.435951
6,22560001,Poll Miller Park Lake,08/25/2010 11:15:00,AMBLAKE-ISU,7782-44-7,Dissolved oxygen (DO),Total,,8,mg/l,True,0.2,,,ISU 4500-O-G,ISULAKE,Actual,SW,Water,,,Lee,07080104,Lake,,40.712645,-91.435951
6,22560001,Poll Miller Park Lake,08/25/2010 11:15:00,AMBLAKE-ISU,DO-SAT,Dissolved oxygen saturation,Total,,98.6,%,True,2,,,ISU 4500-O-G,ISULAKE,Actual,SW,Water,,,Lee,07080104,Lake,,40.712645,-91.435951
6,22560001,Poll Miller Park Lake,08/25/2010 11:15:00,AMBLAKE-ISU,DEPTH-SECCHI,"Depth, Secchi disk depth",Total,,1,m,True,0,,,ISU SECCHI,ISULAKE,Actual,SW,Water,,,Lee,07080104,Lake,,40.712645,-91.435951
6,22560001,Poll Miller Park Lake,08/25/2010 11:15:00,AMBLAKE-ISU,DEPTH-BOTTOM,"Depth, bottom",Total,,7.9,m,True,0,,,Unknown,ISULAKE,Actual,SW,Water,,,Lee,07080104,Lake,,40.712645,-91.435951
6,22560001,Poll Miller Park Lake,08/25/2010 11:15:00,AMBLAKE-ISU,DEPTH-THERMO,"Depth, thermocline",Total,,3.5,m,True,0,,,Unknown,ISULAKE,Actual,SW,Water,,,Lee,07080104,Lake,,40.712645,-91.435951
6,22560001,Poll Miller Park Lake,08/25/2010 11:15:00,AMBLAKE-ISU,TVSS,Volatile Suspended Solids,NonFilt,,9,mg/l,False,9,,,160.4,ISULAKE,Actual,SW,Water,,,Lee,07080104,Lake,,40.712645,-91.435951
6,22560001,Poll Miller Park Lake,08/25/2010 11:15:00,AMBLAKE-ISU,NIT-KJELD,Kjeldahl nitrogen (AS N),Total,,0.5,mg/l,False,0.5,,,351.2,ISULAKE,Actual,SW,Water,,,Lee,07080104,Lake,,40.712645,-91.435951
6,22560001,Poll Miller Park Lake,08/25/2010 11:15:00,AMBLAKE-ISU,ALK-TOT,"Alkalinity, total",Total,,100,mg/l CaCO3,True,10,,,2320-B,ISULAKE,Actual,SW,Water,,,Lee,07080104,Lake,,40.712645,-91.435951
6,22560001,Poll Miller Park Lake,08/25/2010 11:15:00,AMBLAKE-ISU,TSS,Total suspended solids,NonFilt,,9.5,mg/l,True,5,,,2540-D,ISULAKE,Actual,SW,Water,,,Lee,07080104,Lake,,40.712645,-91.435951
6,22560001,Poll Miller Park Lake,08/25/2010 11:15:00,AMBLAKE-ISU,TFSS,Fixed suspended solids,NonFilt,,4.3,mg/l,True,4,,,2540-E,ISULAKE,Actual,SW,Water,,,Lee,07080104,Lake,,40.712645,-91.435951
6,22560001,Poll Miller Park Lake,08/25/2010 11:15:00,AMBLAKE-ISU,NIT-AMM,Ammonia-nitrogen (as N),Total,,0.136,mg/l,False,0.136,,,4500-NH3(F),ISULAKE,Calculated,SW,Water,,,Lee,07080104,Lake,,40.712645,-91.435951
6,22560001,Poll Miller Park Lake,08/25/2010 11:15:00,AMBLAKE-ISU,NIT-NO3-NO2,Inorganic nitrogen (nitrate and nitrite) (as N),Total,,0.5,mg/l,False,0.5,,,4500-NO3(E),ISULAKE,Actual,SW,Water,,,Lee,07080104,Lake,,40.712645,-91.435951
6,22560001,Poll Miller Park Lake,08/25/2010 11:15:00,AMBLAKE-ISU,7440-44-0,Carbon,Total,,5.6,mg/l,False,5.6,,,5310-B,ISULAKE,Actual,SW,Water,,,Lee,07080104,Lake,,40.712645,-91.435951
6,22560001,Poll Miller Park Lake,08/25/2010 11:15:00,AMBLAKE-ISU,14265-44-2,Orthophosphate (as P),Dissolved,,0.008,mg/l,False,0.008,,,ISU 4500-P-E,ISULAKE,Actual,SW,Water,,,Lee,07080104,Lake,,40.712645,-91.435951
6,22560001,Poll Miller Park Lake,08/25/2010 11:15:00,AMBLAKE-ISU,PHOSP-PHOSP,Phosphate-phosphorus (as P),Total,,0.0398,mg/l,True,0.011,,,ISU 4500-P-E,ISULAKE,Actual,SW,Water,,,Lee,07080104,Lake,,40.712645,-91.435951
6,22560001,Poll Miller Park Lake,07/12/2011 14:57:00,AMBLAKE-ISU,NIT-NO3-NO2,Inorganic nitrogen (nitrate and nitrite) (as N),Total,,0.4,mg/l,False,0.4,,,353.2,ISULAKE,Actual,SW,Water,,,Lee,07080104,Lake,,40.712645,-91.435951
6,22560001,Poll Miller Park Lake,07/12/2011 14:57:00,AMBLAKE-ISU,NIT-KJELD,Kjeldahl nitrogen (AS N),Total,,0.66,mg/l,True,0.5,,,4500-NOR(B),ISULAKE,Actual,SW,Water,,,Lee,07080104,Lake,,40.712645,-91.435951
6,22560001,Poll Miller Park Lake,07/12/2011 14:57:00,AMBLAKE-ISU,7440-44-0,Carbon,Total,,7.6,mg/l,False,7.6,,,5310-B,ISULAKE,Actual,SW,Water,,,Lee,07080104,Lake,,40.712645,-91.435951
6,22560001,Poll Miller Park Lake,07/12/2011 14:57:00,AMBLAKE-ISU,14265-44-2,Orthophosphate (as P),Dissolved,,0.011,mg/l,False,0.011,,,ISU 4500-P-E,ISULAKE,Actual,SW,Water,,,Lee,07080104,Lake,,40.712645,-91.435951
6,22560001,Poll Miller Park Lake,07/12/2011 14:57:00,AMBLAKE-ISU,PHOSP-PHOSP,Phosphate-phosphorus (as P),Total,,0.0462,mg/l,True,0.0155,,,ISU 4500-P-E,ISULAKE,Actual,SW,Water,,,Lee,07080104,Lake,,40.712645,-91.435951
6,22560001,Poll Miller Park Lake,07/12/2011 14:57:00,AMBLAKE-ISU,TVSS,Volatile Suspended Solids,NonFilt,,8,mg/l,False,8,,,160.4,ISULAKE,Actual,SW,Water,,,Lee,07080104,Lake,,40.712645,-91.435951
6,22560001,Poll Miller Park Lake,07/12/2011 14:57:00,AMBLAKE-ISU,TSS,Total suspended solids,NonFilt,,9.4,mg/l,True,6,,,2540-D,ISULAKE,Actual,SW,Water,,,Lee,07080104,Lake,,40.712645,-91.435951
6,22560001,Poll Miller Park Lake,05/25/2011 11:30:00,AMBLAKE-ISU,NIT-NO3-NO2,Inorganic nitrogen (nitrate and nitrite) (as N),Total,,0.4,mg/l,False,0.4,,,353.2,ISULAKE,Actual,SW,Water,,,Lee,07080104,Lake,,40.712645,-91.435951
6,22560001,Poll Miller Park Lake,05/25/2011 11:30:00,AMBLAKE-ISU,NIT-KJELD,Kjeldahl nitrogen (AS N),Total,,0.5,mg/l,False,0.5,,,4500-NOR(B),ISULAKE,Actual,SW,Water,,,Lee,07080104,Lake,,40.712645,-91.435951
6,22560001,Poll Miller Park Lake,05/25/2011 11:30:00,AMBLAKE-ISU,7440-44-0,Carbon,Total,,7.6,mg/l,False,7.6,,,5310-B,ISULAKE,Actual,SW,Water,,,Lee,07080104,Lake,,40.712645,-91.435951
6,22560001,Poll Miller Park Lake,05/25/2011 11:30:00,AMBLAKE-ISU,14265-44-2,Orthophosphate (as P),Dissolved,,0.011,mg/l,False,0.011,,,ISU 4500-P-E,ISULAKE,Actual,SW,Water,,,Lee,07080104,Lake,,40.712645,-91.435951
6,22560001,Poll Miller Park Lake,05/25/2011 11:30:00,AMBLAKE-ISU,PHOSP-PHOSP,Phosphate-phosphorus (as P),Total,,0.0741,mg/l,True,0.0155,,,ISU 4500-P-E,ISULAKE,Actual,SW,Water,,,Lee,07080104,Lake,,40.712645,-91.435951
6,22560001,Poll Miller Park Lake,05/25/2011 11:30:00,AMBLAKE-ISU,TVSS,Volatile Suspended Solids,NonFilt,,8,mg/l,False,8,,,160.4,ISULAKE,Actual,SW,Water,,,Lee,07080104,Lake,,40.712645,-91.435951
6,22560001,Poll Miller Park Lake,05/25/2011 11:30:00,AMBLAKE-ISU,TSS,Total suspended solids,NonFilt,,18,mg/l,True,6,,,2540-D,ISULAKE,Actual,SW,Water,,,Lee,07080104,Lake,,40.712645,-91.435951
6,22560001,Poll Miller Park Lake,07/12/2011 14:57:00,AMBLAKE-ISU,DEPTH-BOTTOM,"Depth, bottom",Total,,8.4,m,True,0,,,Unknown,ISULAKE,Actual,SW,Water,,,Lee,07080104,Lake,,40.712645,-91.435951
6,22560001,Poll Miller Park Lake,07/12/2011 14:57:00,AMBLAKE-ISU,DEPTH-THERMO,"Depth, thermocline",Total,,1.9,m,True,0,,,Unknown,ISULAKE,Actual,SW,Water,,,Lee,07080104,Lake,,40.712645,-91.435951
6,22560001,Poll Miller Park Lake,07/12/2011 14:57:00,AMBLAKE-ISU,DEPTH-SECCHI,"Depth, Secchi disk depth",Total,,1,m,True,0,,,ISU SECCHI,ISULAKE,Actual,SW,Water,,,Lee,07080104,Lake,,40.712645,-91.435951
6,22560001,Poll Miller Park Lake,07/12/2011 14:57:00,AMBLAKE-ISU,7782-44-7,Dissolved oxygen (DO),Total,,10,mg/l,True,0.2,,,ISU 4500-O-G,ISULAKE,Actual,SW,Water,,,Lee,07080104,Lake,,40.712645,-91.435951
6,22560001,Poll Miller Park Lake,07/12/2011 14:57:00,AMBLAKE-ISU,PH,pH,Total,,8.8,None,True,0.2,,,ISU 4500-H,ISULAKE,Actual,SW,Water,,,Lee,07080104,Lake,,40.712645,-91.435951
6,22560001,Poll Miller Park Lake,07/12/2011 14:57:00,AMBLAKE-ISU,SPEC-COND,Specific conductance,Dissolved,,290,uS/cm,True,1,,,ISU 2510,ISULAKE,Actual,SW,Water,,,Lee,07080104,Lake,,40.712645,-91.435951
6,22560001,Poll Miller Park Lake,07/12/2011 14:57:00,AMBLAKE-ISU,TDS,Total dissolved solids,Dissolved,,200,mg/l,True,0.65,,,ISU 2510,ISULAKE,Calculated,SW,Water,,,Lee,07080104,Lake,,40.712645,-91.435951
6,22560001,Poll Miller Park Lake,07/12/2011 14:57:00,AMBLAKE-ISU,TEMP-WATER,"Temperature, water",Total,,29.6,deg C,True,-5,,,ISU 2550,ISULAKE,Actual,SW,Water,,,Lee,07080104,Lake,,40.712645,-91.435951
6,22560001,Poll Miller Park Lake,07/12/2011 14:57:00,AMBLAKE-ISU,TURB,Turbidity,Total,,10,NTU,True,0.3,,,ISU 2130-B,ISULAKE,Actual,SW,Water,,,Lee,07080104,Lake,,40.712645,-91.435951
6,22560001,Poll Miller Park Lake,08/23/2011 12:15:00,AMBLAKE-ISU,TEMP-WATER,"Temperature, water",Total,,26.5,deg C,True,-5,,,ISU 2550,ISULAKE,Actual,SW,Water,,,Lee,07080104,Lake,,40.712645,-91.435951
6,22560001,Poll Miller Park Lake,08/23/2011 12:15:00,AMBLAKE-ISU,TURB,Turbidity,Total,,7,NTU,True,0.3,,,ISU 2130-B,ISULAKE,Actual,SW,Water,,,Lee,07080104,Lake,,40.712645,-91.435951
6,22560001,Poll Miller Park Lake,05/25/2011 11:30:00,AMBLAKE-ISU,DEPTH-BOTTOM,"Depth, bottom",Total,,7.6,m,True,0,,,Unknown,ISULAKE,Actual,SW,Water,,,Lee,07080104,Lake,,40.712645,-91.435951
6,22560001,Poll Miller Park Lake,05/25/2011 11:30:00,AMBLAKE-ISU,DEPTH-THERMO,"Depth, thermocline",Total,,2.2,m,True,0,,,Unknown,ISULAKE,Actual,SW,Water,,,Lee,07080104,Lake,,40.712645,-91.435951
6,22560001,Poll Miller Park Lake,05/25/2011 11:30:00,AMBLAKE-ISU,DEPTH-SECCHI,"Depth, Secchi disk depth",Total,,0.7,m,True,0,,,ISU SECCHI,ISULAKE,Actual,SW,Water,,,Lee,07080104,Lake,,40.712645,-91.435951
6,22560001,Poll Miller Park Lake,05/25/2011 11:30:00,AMBLAKE-ISU,7782-44-7,Dissolved oxygen (DO),Total,,11.5,mg/l,True,0.2,,,ISU 4500-O-G,ISULAKE,Actual,SW,Water,,,Lee,07080104,Lake,,40.712645,-91.435951
6,22560001,Poll Miller Park Lake,05/25/2011 11:30:00,AMBLAKE-ISU,PH,pH,Total,,8.5,None,True,0.2,,,ISU 4500-H,ISULAKE,Actual,SW,Water,,,Lee,07080104,Lake,,40.712645,-91.435951
6,22560001,Poll Miller Park Lake,05/25/2011 11:30:00,AMBLAKE-ISU,SPEC-COND,Specific conductance,Dissolved,,360,uS/cm,True,1,,,ISU 2510,ISULAKE,Actual,SW,Water,,,Lee,07080104,Lake,,40.712645,-91.435951
6,22560001,Poll Miller Park Lake,05/25/2011 11:30:00,AMBLAKE-ISU,TDS,Total dissolved solids,Dissolved,,200,mg/l,True,0.65,,,ISU 2510,ISULAKE,Calculated,SW,Water,,,Lee,07080104,Lake,,40.712645,-91.435951
6,22560001,Poll Miller Park Lake,05/25/2011 11:30:00,AMBLAKE-ISU,TEMP-WATER,"Temperature, water",Total,,21.8,deg C,True,-5,,,ISU 2550,ISULAKE,Actual,SW,Water,,,Lee,07080104,Lake,,40.712645,-91.435951
6,22560001,Poll Miller Park Lake,05/25/2011 11:30:00,AMBLAKE-ISU,TURB,Turbidity,Total,,11.3,NTU,True,0.3,,,ISU 2130-B,ISULAKE,Actual,SW,Water,,,Lee,07080104,Lake,,40.712645,-91.435951
6,12560001,Lick Creek-Shimek State Forest - Farmington,07/06/2010 12:45:00,AMBBIO,TEMP-WATER,"Temperature, water",Total,,26,deg C,True,,,,2550,,Actual,SW,Water,,,Lee,07100009,River/Stream,,40.60723655,-91.68276295
6,12560001,Lick Creek-Shimek State Forest - Farmington,07/06/2010 12:45:00,AMBBIO,PH,pH,Total,,8.1,None,True,,,,4500-H,,Actual,SW,Water,,,Lee,07100009,River/Stream,,40.60723655,-91.68276295
6,12560001,Lick Creek-Shimek State Forest - Farmington,07/06/2010 12:45:00,AMBBIO,7782-44-7,Dissolved oxygen (DO),Total,,8.5,mg/l,True,,,,D888(C),,Actual,SW,Water,,,Lee,07100009,River/Stream,,40.60723655,-91.68276295
6,12560001,Lick Creek-Shimek State Forest - Farmington,07/06/2010 12:45:00,AMBBIO,FLOW,Flow,Total,,7.9,cfs,True,,,,USGS CA8,,Actual,SW,Water,,,Lee,07100009,River/Stream,,40.60723655,-91.68276295
6,12560001,Lick Creek-Shimek State Forest - Farmington,07/06/2010 12:45:00,AMBBIO,NIT-AMM,Ammonia-nitrogen (as N),Total,,0.05,mg/l,False,0.05,,,LAC10-107-06-1J,UHL001,Actual,SW,Water,,,Lee,07100009,River/Stream,,40.60723655,-91.68276295
6,12560001,Lick Creek-Shimek State Forest - Farmington,07/06/2010 12:45:00,AMBBIO,NIT-NO3-NO2,Inorganic nitrogen (nitrate and nitrite) (as N),Total,,0.1,mg/l,False,0.1,,,353.2,UHL001,Actual,SW,Water,,,Lee,07100009,River/Stream,,40.60723655,-91.68276295
6,12560001,Lick Creek-Shimek State Forest - Farmington,07/06/2010 12:45:00,AMBBIO,CLR-A-FREE,"Chlorophyll a, free of pheophytin",NonFilt,,5,ug/l,True,1,,,445,UHL001,Actual,SW,Water,,,Lee,07100009,River/Stream,,40.60723655,-91.68276295
6,12560001,Lick Creek-Shimek State Forest - Farmington,07/06/2010 12:45:00,AMBBIO,NIT-KJELD,Kjeldahl nitrogen (AS N),Total,,0.6,mg/l,True,0.1,,,LAC10-107-06-2E,UHL001,Actual,SW,Water,,,Lee,07100009,River/Stream,,40.60723655,-91.68276295
6,12560001,Lick Creek-Shimek State Forest - Farmington,08/10/2010 13:00:00,AMBBIO,PHOSP-PHOSP,Phosphate-phosphorus (as P),Total,,0.05,mg/l,True,0.02,,,LAC10-115-01-1D,UHL001,Actual,SW,Water,,,Lee,07100009,River/Stream,,40.60723655,-91.68276295
6,12560001,Lick Creek-Shimek State Forest - Farmington,08/10/2010 13:00:00,AMBBIO,TSS,Total suspended solids,NonFilt,,5,mg/l,True,1,,,I3765,UHL001,Actual,SW,Water,,,Lee,07100009,River/Stream,,40.60723655,-91.68276295
6,12560001,Lick Creek-Shimek State Forest - Farmington,09/10/2010 08:15:00,AMBBIO,TSS,Total suspended solids,NonFilt,,1,mg/l,True,1,,,I3765,UHL001,Actual,SW,Water,,,Lee,07100009,River/Stream,,40.60723655,-91.68276295
6,12560001,Lick Creek-Shimek State Forest - Farmington,09/10/2010 08:15:00,AMBBIO,TURB,Turbidity,Total,,1.3,NTU,True,1,,,2130-B,UHL001,Actual,SW,Water,,,Lee,07100009,River/Stream,,40.60723655,-91.68276295
6,12560001,Lick Creek-Shimek State Forest - Farmington,09/10/2010 08:15:00,AMBBIO,14808-79-8,Sulfate (as SO4),Total,,33,mg/l,True,1,,,300.0,UHL001,Actual,SW,Water,,,Lee,07100009,River/Stream,,40.60723655,-91.68276295
6,12560001,Lick Creek-Shimek State Forest - Farmington,09/10/2010 08:15:00,AMBBIO,16887-00-6,Chloride,Total,,4.7,mg/l,True,1,,,300.0,UHL001,Actual,SW,Water,,,Lee,07100009,River/Stream,,40.60723655,-91.68276295
6,12560001,Lick Creek-Shimek State Forest - Farmington,09/10/2010 08:15:00,AMBBIO,HARD-CARB,"Hardness, carbonate",Total,,220,mg/l,True,1,,,2340C,UHL001,Actual,SW,Water,,,Lee,07100009,River/Stream,,40.60723655,-91.68276295
6,12560001,Lick Creek-Shimek State Forest - Farmington,09/10/2010 08:15:00,AMBBIO,CBOD-SC,"Carbonaceous biochemical oxygen demand, standard conditions",Total,,2,mg/l,False,2,,,5210-B,UHL001,Actual,SW,Water,,,Lee,07100009,River/Stream,,40.60723655,-91.68276295
6,12560001,Lick Creek-Shimek State Forest - Farmington,09/10/2010 08:15:00,AMBBIO,14265-44-2,Orthophosphate (as P),Dissolved,,0.03,mg/l,True,0.02,,,4500-P-E,UHL001,Actual,SW,Water,,,Lee,07100009,River/Stream,,40.60723655,-91.68276295
6,12560001,Lick Creek-Shimek State Forest - Farmington,10/05/2010 13:45:00,AMBBIO,TEMP-WATER,"Temperature, water",Total,,13.3,deg C,True,,,,2550,,Actual,SW,Water,,,Lee,07100009,River/Stream,,40.60723655,-91.68276295
6,12560001,Lick Creek-Shimek State Forest - Farmington,10/05/2010 13:45:00,AMBBIO,PH,pH,Total,,8.1,None,True,,,,4500-H,,Actual,SW,Water,,,Lee,07100009,River/Stream,,40.60723655,-91.68276295
6,12560001,Lick Creek-Shimek State Forest - Farmington,10/05/2010 13:45:00,AMBBIO,7782-44-7,Dissolved oxygen (DO),Total,,12.4,mg/l,True,,,,4500-O-G,,Actual,SW,Water,,,Lee,07100009,River/Stream,,40.60723655,-91.68276295
6,12560001,Lick Creek-Shimek State Forest - Farmington,10/05/2010 13:45:00,AMBBIO,FLOW,Flow,Total,,2.1,cfs,True,,,,USGS CA8,,Actual,SW,Water,,,Lee,07100009,River/Stream,,40.60723655,-91.68276295
6,12560001,Lick Creek-Shimek State Forest - Farmington,10/05/2010 13:45:00,AMBBIO,NIT-AMM,Ammonia-nitrogen (as N),Total,,0.05,mg/l,False,0.05,,,LAC10-107-06-1J,UHL001,Actual,SW,Water,,,Lee,07100009,River/Stream,,40.60723655,-91.68276295
6,12560001,Lick Creek-Shimek State Forest - Farmington,10/05/2010 13:45:00,AMBBIO,NIT-NO3-NO2,Inorganic nitrogen (nitrate and nitrite) (as N),Total,,0.1,mg/l,False,0.1,,,353.2,UHL001,Actual,SW,Water,,,Lee,07100009,River/Stream,,40.60723655,-91.68276295
6,12560001,Lick Creek-Shimek State Forest - Farmington,10/05/2010 13:45:00,AMBBIO,CLR-A-FREE,"Chlorophyll a, free of pheophytin",NonFilt,,1,ug/l,False,1,,,445,UHL001,Actual,SW,Water,,,Lee,07100009,River/Stream,,40.60723655,-91.68276295
6,12560001,Lick Creek-Shimek State Forest - Farmington,10/05/2010 13:45:00,AMBBIO,NIT-KJELD,Kjeldahl nitrogen (AS N),Total,,0.4,mg/l,True,0.1,,,LAC10-107-06-2E,UHL001,Actual,SW,Water,,,Lee,07100009,River/Stream,,40.60723655,-91.68276295
6,12560001,Lick Creek-Shimek State Forest - Farmington,10/05/2010 13:45:00,AMBBIO,TURB,Turbidity,Total,,2.1,NTU,True,1,,,2130-B,UHL001,Actual,SW,Water,,,Lee,07100009,River/Stream,,40.60723655,-91.68276295
6,12560001,Lick Creek-Shimek State Forest - Farmington,10/05/2010 13:45:00,AMBBIO,14265-44-2,Orthophosphate (as P),Dissolved,,0.02,mg/l,True,0.02,,,LAC10-115-01-1A,UHL001,Actual,SW,Water,,,Lee,07100009,River/Stream,,40.60723655,-91.68276295
6,12560001,Lick Creek-Shimek State Forest - Farmington,10/05/2010 13:45:00,AMBBIO,PHOSP-PHOSP,Phosphate-phosphorus (as P),Total,,0.03,mg/l,True,0.02,,,LAC10-115-01-1D,UHL001,Actual,SW,Water,,,Lee,07100009,River/Stream,,40.60723655,-91.68276295
6,12560001,Lick Creek-Shimek State Forest - Farmington,10/05/2010 13:45:00,AMBBIO,TSS,Total suspended solids,NonFilt,,1,mg/l,True,1,,,I3765,UHL001,Actual,SW,Water,,,Lee,07100009,River/Stream,,40.60723655,-91.68276295
6,22560001,Poll Miller Park Lake,05/23/2012 09:02:00,AMBLAKE-ISU,7664-41-7,Ammonia (as N),Dissolved,,0.014,mg/l,False,0.014,,,350.1,ISULAKE,Calculated,SW,Water,,,Lee,07080104,Lake,,40.712645,-91.435951
6,22560001,Poll Miller Park Lake,05/23/2012 09:02:00,AMBLAKE-ISU,NIT-AMM,Ammonia-nitrogen (as N),Dissolved,,0.014,mg/l,False,0.014,,,350.1,ISULAKE,Actual,SW,Water,,,Lee,07080104,Lake,,40.712645,-91.435951
6,22560001,Poll Miller Park Lake,05/23/2012 09:02:00,AMBLAKE-ISU,CAL-CARB,Calcium carbonate (as CaCO3),Total,,131,mg/l,True,4,,,2320-B,ISULAKE,Actual,SW,Water,,,Lee,07080104,Lake,,40.712645,-91.435951
6,22560001,Poll Miller Park Lake,05/23/2012 09:02:00,AMBLAKE-ISU,479-61-8,Chlorophyll a,NonFilt,,9,ug/l,True,2,,,445,ISULAKE,Actual,SW,Water,,,Lee,07080104,Lake,,40.712645,-91.435951
6,22560001,Poll Miller Park Lake,05/23/2012 09:02:00,AMBLAKE-ISU,TFSS,Fixed suspended solids,NonFilt,,4,mg/l,True,3.2,,,2540-E,ISULAKE,Actual,SW,Water,,,Lee,07080104,Lake,,40.712645,-91.435951
6,22560001,Poll Miller Park Lake,05/23/2012 09:02:00,AMBLAKE-ISU,NIT-NO3-NO2,Inorganic nitrogen (nitrate and nitrite) (as N),Dissolved,,0.51,mg/l,True,0.06,,,353.2,ISULAKE,Actual,SW,Water,,,Lee,07080104,Lake,,40.712645,-91.435951
6,22560001,Poll Miller Park Lake,05/23/2012 09:02:00,AMBLAKE-ISU,NIT-KJELD,Kjeldahl nitrogen (AS N),Total,,0.89,mg/l,True,0.1,,,351.2,ISULAKE,Actual,SW,Water,,,Lee,07080104,Lake,,40.712645,-91.435951
6,22560001,Poll Miller Park Lake,05/23/2012 09:02:00,AMBLAKE-ISU,7440-44-0,Carbon,Dissolved,,5.75,mg/l,True,2.68,,,5310-B,ISULAKE,Actual,SW,Water,,,Lee,07080104,Lake,,40.712645,-91.435951
6,22560001,Poll Miller Park Lake,05/23/2012 09:02:00,AMBLAKE-ISU,14265-44-2,Orthophosphate (as P),Dissolved,,0.01,mg/l,False,0.01,,,365.1,ISULAKE,Actual,SW,Water,,,Lee,07080104,Lake,,40.712645,-91.435951
6,22560001,Poll Miller Park Lake,05/23/2012 09:02:00,AMBLAKE-ISU,PHOSP-PHOSP,Phosphate-phosphorus (as P),Total,,0.0274,mg/l,True,0.01,,,365.1,ISULAKE,Actual,SW,Water,,,Lee,07080104,Lake,,40.712645,-91.435951
6,22560001,Poll Miller Park Lake,05/23/2012 09:02:00,AMBLAKE-ISU,TSS,Total suspended solids,NonFilt,,6.4,mg/l,True,2.4,,,2540-D,ISULAKE,Actual,SW,Water,,,Lee,07080104,Lake,,40.712645,-91.435951
6,22560001,Poll Miller Park Lake,05/23/2012 09:02:00,AMBLAKE-ISU,TVSS,Volatile Suspended Solids,NonFilt,,3.2,mg/l,False,3.2,,,160.4,ISULAKE,Actual,SW,Water,,,Lee,07080104,Lake,,40.712645,-91.435951
6,22560001,Poll Miller Park Lake,07/10/2012 15:15:00,AMBLAKE-ISU,14265-44-2,Orthophosphate (as P),Dissolved,,0.01,mg/l,False,0.01,,,365.1,ISULAKE,Actual,SW,Water,,,Lee,07080104,Lake,,40.712645,-91.435951
6,22560001,Poll Miller Park Lake,07/10/2012 15:15:00,AMBLAKE-ISU,PHOSP-PHOSP,Phosphate-phosphorus (as P),Total,,0.0339,mg/l,True,0.01,,,365.1,ISULAKE,Actual,SW,Water,,,Lee,07080104,Lake,,40.712645,-91.435951
6,22560001,Poll Miller Park Lake,07/10/2012 15:15:00,AMBLAKE-ISU,TSS,Total suspended solids,NonFilt,,4.8,mg/l,True,2.4,,,2540-D,ISULAKE,Actual,SW,Water,,,Lee,07080104,Lake,,40.712645,-91.435951
6,22560001,Poll Miller Park Lake,07/10/2012 15:15:00,AMBLAKE-ISU,TVSS,Volatile Suspended Solids,NonFilt,,3.2,mg/l,False,3.2,,,160.4,ISULAKE,Actual,SW,Water,,,Lee,07080104,Lake,,40.712645,-91.435951
6,22560001,Poll Miller Park Lake,08/23/2012 11:30:00,AMBLAKE-ISU,7664-41-7,Ammonia (as N),Dissolved,,0.014,mg/l,False,0.014,,,350.1,ISULAKE,Calculated,SW,Water,,,Lee,07080104,Lake,,40.712645,-91.435951
6,22560001,Poll Miller Park Lake,08/23/2012 11:30:00,AMBLAKE-ISU,NIT-AMM,Ammonia-nitrogen (as N),Dissolved,,0.014,mg/l,False,0.014,,,350.1,ISULAKE,Actual,SW,Water,,,Lee,07080104,Lake,,40.712645,-91.435951
6,22560001,Poll Miller Park Lake,08/23/2012 11:30:00,AMBLAKE-ISU,CAL-CARB,Calcium carbonate (as CaCO3),Total,,141,mg/l,True,4,,,2320-B,ISULAKE,Actual,SW,Water,,,Lee,07080104,Lake,,40.712645,-91.435951
6,22560001,Poll Miller Park Lake,05/23/2012 09:02:00,AMBLAKE-ISU,DEPTH-BOTTOM,"Depth, bottom",Total,,8.1,m,True,0,,,Unknown,ISULAKE,Actual,SW,Water,,,Lee,07080104,Lake,,40.712645,-91.435951
6,22560001,Poll Miller Park Lake,05/23/2012 09:02:00,AMBLAKE-ISU,DEPTH-THERMO,"Depth, thermocline",Total,,1.9,m,True,0,,,Unknown,ISULAKE,Actual,SW,Water,,,Lee,07080104,Lake,,40.712645,-91.435951
6,22560001,Poll Miller Park Lake,05/23/2012 09:02:00,AMBLAKE-ISU,DEPTH-SECCHI,"Depth, Secchi disk depth",Total,,1.2,m,True,0,,,ISU SECCHI,ISULAKE,Actual,SW,Water,,,Lee,07080104,Lake,,40.712645,-91.435951
6,22560001,Poll Miller Park Lake,05/23/2012 09:02:00,AMBLAKE-ISU,7782-44-7,Dissolved oxygen (DO),Total,,8.9,mg/l,True,0.2,,,ISU 4500-O-G,ISULAKE,Actual,SW,Water,,,Lee,07080104,Lake,,40.712645,-91.435951
6,22560001,Poll Miller Park Lake,05/23/2012 09:02:00,AMBLAKE-ISU,DO-SAT,Dissolved oxygen saturation,Total,,102.2,%,True,2,,,ISU 4500-O-G,ISULAKE,Actual,SW,Water,,,Lee,07080104,Lake,,40.712645,-91.435951
6,22560001,Poll Miller Park Lake,05/23/2012 09:02:00,AMBLAKE-ISU,PH,pH,Total,,8.3,None,True,0.2,,,ISU 4500-H,ISULAKE,Actual,SW,Water,,,Lee,07080104,Lake,,40.712645,-91.435951
6,22560001,Poll Miller Park Lake,05/23/2012 09:02:00,AMBLAKE-ISU,SPEC-COND,Specific conductance,Dissolved,,350,uS/cm,True,1,,,ISU 2510,ISULAKE,Actual,SW,Water,,,Lee,07080104,Lake,,40.712645,-91.435951
6,22560001,Poll Miller Park Lake,05/23/2012 09:02:00,AMBLAKE-ISU,TDS,Total dissolved solids,Dissolved,,230,mg/l,True,0.65,,,ISU 2510,ISULAKE,Calculated,SW,Water,,,Lee,07080104,Lake,,40.712645,-91.435951
6,22560001,Poll Miller Park Lake,05/23/2012 09:02:00,AMBLAKE-ISU,TEMP-WATER,"Temperature, water",Total,,22.4,deg C,True,-5,,,ISU 2550,ISULAKE,Actual,SW,Water,,,Lee,07080104,Lake,,40.712645,-91.435951
6,22560001,Poll Miller Park Lake,05/23/2012 09:02:00,AMBLAKE-ISU,TURB,Turbidity,Total,,5.3,NTU,True,0.3,,,ISU 2130-B,ISULAKE,Actual,SW,Water,,,Lee,07080104,Lake,,40.712645,-91.435951
6,22560001,Poll Miller Park Lake,07/10/2012 15:15:00,AMBLAKE-ISU,DEPTH-BOTTOM,"Depth, bottom",Total,,5.1,m,True,0,,,Unknown,ISULAKE,Actual,SW,Water,,,Lee,07080104,Lake,,40.712645,-91.435951
6,22560001,Poll Miller Park Lake,07/10/2012 15:15:00,AMBLAKE-ISU,DEPTH-THERMO,"Depth, thermocline",Total,,2.6,m,True,0,,,Unknown,ISULAKE,Actual,SW,Water,,,Lee,07080104,Lake,,40.712645,-91.435951
6,22560001,Poll Miller Park Lake,07/10/2012 15:15:00,AMBLAKE-ISU,DEPTH-SECCHI,"Depth, Secchi disk depth",Total,,1.2,m,True,0,,,ISU SECCHI,ISULAKE,Actual,SW,Water,,,Lee,07080104,Lake,,40.712645,-91.435951
6,22560001,Poll Miller Park Lake,07/10/2012 15:15:00,AMBLAKE-ISU,7782-44-7,Dissolved oxygen (DO),Total,,8.3,mg/l,True,0.2,,,ISU 4500-O-G,ISULAKE,Actual,SW,Water,,,Lee,07080104,Lake,,40.712645,-91.435951
6,22560001,Poll Miller Park Lake,07/10/2012 15:15:00,AMBLAKE-ISU,DO-SAT,Dissolved oxygen saturation,Total,,110.7,%,True,2,,,ISU 4500-O-G,ISULAKE,Actual,SW,Water,,,Lee,07080104,Lake,,40.712645,-91.435951
6,22560001,Poll Miller Park Lake,07/10/2012 15:15:00,AMBLAKE-ISU,PH,pH,Total,,8.4,None,True,0.2,,,ISU 4500-H,ISULAKE,Actual,SW,Water,,,Lee,07080104,Lake,,40.712645,-91.435951
6,22560001,Poll Miller Park Lake,07/10/2012 15:15:00,AMBLAKE-ISU,SPEC-COND,Specific conductance,Dissolved,,360,uS/cm,True,1,,,ISU 2510,ISULAKE,Actual,SW,Water,,,Lee,07080104,Lake,,40.712645,-91.435951
6,22560001,Poll Miller Park Lake,07/10/2012 15:15:00,AMBLAKE-ISU,TDS,Total dissolved solids,Dissolved,,230,mg/l,True,0.65,,,ISU 2510,ISULAKE,Calculated,SW,Water,,,Lee,07080104,Lake,,40.712645,-91.435951
6,22560001,Poll Miller Park Lake,07/10/2012 15:15:00,AMBLAKE-ISU,TEMP-WATER,"Temperature, water",Total,,30.4,deg C,True,-5,,,ISU 2550,ISULAKE,Actual,SW,Water,,,Lee,07080104,Lake,,40.712645,-91.435951
6,22560001,Poll Miller Park Lake,07/10/2012 15:15:00,AMBLAKE-ISU,TURB,Turbidity,Total,,2.4,NTU,True,0.3,,,ISU 2130-B,ISULAKE,Actual,SW,Water,,,Lee,07080104,Lake,,40.712645,-91.435951
6,21560001,Pollmiller Park Beach,06/05/2012 10:00:00,BEACHCCO,68583-22-2,Escherichia coli,Total,,10,MPN/100ml,True,10,,,9223-B,BEA002,Actual,SW,Water,,,Lee,07080104,Lake,,40.71262,-91.437202
6,21560001,Pollmiller Park Beach,06/05/2012 10:00:00,BEACHCCO,TOT-COL,Total Coliform,Total,,2500,MPN/100ml,True,10,,,9223-B,BEA002,Actual,SW,Water,,,Lee,07080104,Lake,,40.71262,-91.437202
6,21560001,Pollmiller Park Beach,06/11/2012 07:00:00,BEACHCCO,68583-22-2,Escherichia coli,Total,,20,MPN/100ml,True,10,,,9223-B,BEA002,Actual,SW,Water,,,Lee,07080104,Lake,,40.71262,-91.437202
6,21560001,Pollmiller Park Beach,06/11/2012 07:00:00,BEACHCCO,TOT-COL,Total Coliform,Total,,3700,MPN/100ml,True,10,,,9223-B,BEA002,Actual,SW,Water,,,Lee,07080104,Lake,,40.71262,-91.437202
6,21560001,Pollmiller Park Beach,06/18/2012 06:15:00,BEACHCCO,68583-22-2,Escherichia coli,Total,,10,MPN/100ml,False,10,,,9223-B,BEA002,Actual,SW,Water,,,Lee,07080104,Lake,,40.71262,-91.437202
6,21560001,Pollmiller Park Beach,06/18/2012 06:15:00,BEACHCCO,TOT-COL,Total Coliform,Total,,2800,MPN/100ml,True,10,,,9223-B,BEA002,Actual,SW,Water,,,Lee,07080104,Lake,,40.71262,-91.437202
6,21560001,Pollmiller Park Beach,06/25/2012 19:00:00,BEACHCCO,68583-22-2,Escherichia coli,Total,,20,MPN/100ml,True,10,,,9223-B,BEA002,Actual,SW,Water,,,Lee,07080104,Lake,,40.71262,-91.437202
6,21560001,Pollmiller Park Beach,06/25/2012 19:00:00,BEACHCCO,TOT-COL,Total Coliform,Total,,3300,MPN/100ml,True,10,,,9223-B,BEA002,Actual,SW,Water,,,Lee,07080104,Lake,,40.71262,-91.437202
6,21560001,Pollmiller Park Beach,07/02/2012 07:00:00,BEACHCCO,68583-22-2,Escherichia coli,Total,,10,MPN/100ml,True,10,,,9223-B,BEA002,Actual,SW,Water,,,Lee,07080104,Lake,,40.71262,-91.437202
6,21560001,Pollmiller Park Beach,07/02/2012 07:00:00,BEACHCCO,TOT-COL,Total Coliform,Total,,910,MPN/100ml,True,10,,,9223-B,BEA002,Actual,SW,Water,,,Lee,07080104,Lake,,40.71262,-91.437202
6,21560001,Pollmiller Park Beach,07/09/2012 08:00:00,BEACHCCO,68583-22-2,Escherichia coli,Total,,10,MPN/100ml,False,10,,,9223-B,BEA002,Actual,SW,Water,,,Lee,07080104,Lake,,40.71262,-91.437202
6,21560001,Pollmiller Park Beach,07/09/2012 08:00:00,BEACHCCO,TOT-COL,Total Coliform,Total,,2400,MPN/100ml,True,10,,,9223-B,BEA002,Actual,SW,Water,,,Lee,07080104,Lake,,40.71262,-91.437202
6,21560001,Pollmiller Park Beach,07/16/2012 07:15:00,BEACHCCO,68583-22-2,Escherichia coli,Total,,20,MPN/100ml,True,10,,,9223-B,BEA002,Actual,SW,Water,,,Lee,07080104,Lake,,40.71262,-91.437202
6,21560001,Pollmiller Park Beach,07/16/2012 07:15:00,BEACHCCO,TOT-COL,Total Coliform,Total,,2900,MPN/100ml,True,10,,,9223-B,BEA002,Actual,SW,Water,,,Lee,07080104,Lake,,40.71262,-91.437202
6,21560001,Pollmiller Park Beach,07/23/2012 09:12:00,BEACHCCO,68583-22-2,Escherichia coli,Total,,10,MPN/100ml,False,10,,,9223-B,BEA002,Actual,SW,Water,,,Lee,07080104,Lake,,40.71262,-91.437202
6,21560001,Pollmiller Park Beach,07/23/2012 09:12:00,BEACHCCO,TOT-COL,Total Coliform,Total,,2400,MPN/100ml,True,10,,,9223-B,BEA002,Actual,SW,Water,,,Lee,07080104,Lake,,40.71262,-91.437202
6,21560001,Pollmiller Park Beach,07/30/2012 07:30:00,BEACHCCO,68583-22-2,Escherichia coli,Total,,10,MPN/100ml,False,10,,,9223-B,BEA002,Actual,SW,Water,,,Lee,07080104,Lake,,40.71262,-91.437202
6,21560001,Pollmiller Park Beach,07/30/2012 07:30:00,BEACHCCO,TOT-COL,Total Coliform,Total,,1500,MPN/100ml,True,10,,,9223-B,BEA002,Actual,SW,Water,,,Lee,07080104,Lake,,40.71262,-91.437202
6,21560001,Pollmiller Park Beach,08/06/2012 07:00:00,BEACHCCO,68583-22-2,Escherichia coli,Total,,10,MPN/100ml,False,10,,,9223-B,BEA002,Actual,SW,Water,,,Lee,07080104,Lake,,40.71262,-91.437202
6,21560001,Pollmiller Park Beach,08/06/2012 07:00:00,BEACHCCO,TOT-COL,Total Coliform,Total,,2800,MPN/100ml,True,10,,,9223-B,BEA002,Actual,SW,Water,,,Lee,07080104,Lake,,40.71262,-91.437202
6,21560001,Pollmiller Park Beach,08/13/2012 07:17:00,BEACHCCO,68583-22-2,Escherichia coli,Total,,20,MPN/100ml,True,10,,,9223-B,BEA002,Actual,SW,Water,,,Lee,07080104,Lake,,40.71262,-91.437202
6,21560001,Pollmiller Park Beach,08/13/2012 07:17:00,BEACHCCO,TOT-COL,Total Coliform,Total,,1600,MPN/100ml,True,10,,,9223-B,BEA002,Actual,SW,Water,,,Lee,07080104,Lake,,40.71262,-91.437202
6,21560001,Pollmiller Park Beach,05/28/2013 07:42:00,BEACHCCO,68583-22-2,Escherichia coli,Total,,160,MPN/100ml,True,10,,,9223-B,BEA002,Actual,SW,Water,,,Lee,07080104,Lake,,40.71262,-91.437202
6,21560001,Pollmiller Park Beach,05/28/2013 07:42:00,BEACHCCO,TOT-COL,Total Coliform,Total,,12000,MPN/100ml,True,10,,,9223-B,BEA002,Actual,SW,Water,,,Lee,07080104,Lake,,40.71262,-91.437202
6,21560001,Pollmiller Park Beach,06/17/2013 07:19:00,BEACHCCO,68583-22-2,Escherichia coli,Total,,20,MPN/100ml,True,10,,,9223-B,BEA002,Actual,SW,Water,,,Lee,07080104,Lake,,40.71262,-91.437202
6,21560001,Pollmiller Park Beach,06/17/2013 07:19:00,BEACHCCO,TOT-COL,Total Coliform,Total,,1300,MPN/100ml,True,10,,,9223-B,BEA002,Actual,SW,Water,,,Lee,07080104,Lake,,40.71262,-91.437202
6,21560001,Pollmiller Park Beach,06/24/2013 09:54:00,BEACHCCO,68583-22-2,Escherichia coli,Total,,31,MPN/100ml,True,10,,,9223-B,BEA002,Actual,SW,Water,,,Lee,07080104,Lake,,40.71262,-91.437202
6,21560001,Pollmiller Park Beach,06/24/2013 09:54:00,BEACHCCO,TOT-COL,Total Coliform,Total,,1300,MPN/100ml,True,10,,,9223-B,BEA002,Actual,SW,Water,,,Lee,07080104,Lake,,40.71262,-91.437202
6,21560001,Pollmiller Park Beach,07/01/2013 06:10:00,BEACHCCO,68583-22-2,Escherichia coli,Total,,41,MPN/100ml,True,10,,,9223-B,BEA002,Actual,SW,Water,,,Lee,07080104,Lake,,40.71262,-91.437202
6,21560001,Pollmiller Park Beach,07/01/2013 06:10:00,BEACHCCO,TOT-COL,Total Coliform,Total,,3900,MPN/100ml,True,10,,,9223-B,BEA002,Actual,SW,Water,,,Lee,07080104,Lake,,40.71262,-91.437202
6,21560001,Pollmiller Park Beach,07/08/2013 08:10:00,BEACHCCO,68583-22-2,Escherichia coli,Total,,20,MPN/100ml,True,10,,,9223-B,BEA002,Actual,SW,Water,,,Lee,07080104,Lake,,40.71262,-91.437202
6,21560001,Pollmiller Park Beach,07/08/2013 08:10:00,BEACHCCO,TOT-COL,Total Coliform,Total,,1800,MPN/100ml,True,10,,,9223-B,BEA002,Actual,SW,Water,,,Lee,07080104,Lake,,40.71262,-91.437202
6,21560001,Pollmiller Park Beach,07/15/2013 12:55:00,BEACHCCO,68583-22-2,Escherichia coli,Total,,10,MPN/100ml,False,10,,,9223-B,BEA002,Actual,SW,Water,,,Lee,07080104,Lake,,40.71262,-91.437202
6,21560001,Pollmiller Park Beach,07/15/2013 12:55:00,BEACHCCO,TOT-COL,Total Coliform,Total,,1400,MPN/100ml,True,10,,,9223-B,BEA002,Actual,SW,Water,,,Lee,07080104,Lake,,40.71262,-91.437202
6,21560001,Pollmiller Park Beach,07/22/2013 07:45:00,BEACHCCO,68583-22-2,Escherichia coli,Total,,10,MPN/100ml,False,10,,,9223-B,BEA002,Actual,SW,Water,,,Lee,07080104,Lake,,40.71262,-91.437202
6,21560001,Pollmiller Park Beach,07/22/2013 07:45:00,BEACHCCO,TOT-COL,Total Coliform,Total,,1300,MPN/100ml,True,10,,,9223-B,BEA002,Actual,SW,Water,,,Lee,07080104,Lake,,40.71262,-91.437202
6,21560001,Pollmiller Park Beach,07/29/2013 07:52:00,BEACHCCO,68583-22-2,Escherichia coli,Total,,10,MPN/100ml,True,10,,,9223-B,BEA002,Actual,SW,Water,,,Lee,07080104,Lake,,40.71262,-91.437202
6,21560001,Pollmiller Park Beach,07/29/2013 07:52:00,BEACHCCO,TOT-COL,Total Coliform,Total,,2400,MPN/100ml,True,10,,,9223-B,BEA002,Actual,SW,Water,,,Lee,07080104,Lake,,40.71262,-91.437202
6,21560001,Pollmiller Park Beach,08/19/2013 07:44:00,BEACHCCO,68583-22-2,Escherichia coli,Total,,10,MPN/100ml,False,10,,,9223-B,BEA002,Actual,SW,Water,,,Lee,07080104,Lake,,40.71262,-91.437202
6,21560001,Pollmiller Park Beach,08/19/2013 07:44:00,BEACHCCO,TOT-COL,Total Coliform,Total,,680,MPN/100ml,True,10,,,9223-B,BEA002,Actual,SW,Water,,,Lee,07080104,Lake,,40.71262,-91.437202
6,21560001,Pollmiller Park Beach,08/26/2013 08:00:00,BEACHCCO,68583-22-2,Escherichia coli,Total,,10,MPN/100ml,False,10,,,9223-B,BEA002,Actual,SW,Water,,,Lee,07080104,Lake,,40.71262,-91.437202
6,21560001,Pollmiller Park Beach,08/26/2013 08:00:00,BEACHCCO,TOT-COL,Total Coliform,Total,,990,MPN/100ml,True,10,,,9223-B,BEA002,Actual,SW,Water,,,Lee,07080104,Lake,,40.71262,-91.437202
6,22560001,Poll Miller Park Lake,07/10/2012 15:15:00,AMBLAKE-ISU,7664-41-7,Ammonia (as N),Dissolved,,0.014,mg/l,False,0.014,,,350.1,ISULAKE,Calculated,SW,Water,,,Lee,07080104,Lake,,40.712645,-91.435951
6,22560001,Poll Miller Park Lake,07/10/2012 15:15:00,AMBLAKE-ISU,NIT-AMM,Ammonia-nitrogen (as N),Dissolved,,0.014,mg/l,False,0.014,,,350.1,ISULAKE,Actual,SW,Water,,,Lee,07080104,Lake,,40.712645,-91.435951
6,22560001,Poll Miller Park Lake,07/10/2012 15:15:00,AMBLAKE-ISU,CAL-CARB,Calcium carbonate (as CaCO3),Total,,138,mg/l,True,4,,,2320-B,ISULAKE,Actual,SW,Water,,,Lee,07080104,Lake,,40.712645,-91.435951
6,22560001,Poll Miller Park Lake,07/10/2012 15:15:00,AMBLAKE-ISU,479-61-8,Chlorophyll a,NonFilt,,6,ug/l,True,2,,,445,ISULAKE,Actual,SW,Water,,,Lee,07080104,Lake,,40.712645,-91.435951
6,22560001,Poll Miller Park Lake,07/10/2012 15:15:00,AMBLAKE-ISU,TFSS,Fixed suspended solids,NonFilt,,3.2,mg/l,True,3.2,,,2540-E,ISULAKE,Actual,SW,Water,,,Lee,07080104,Lake,,40.712645,-91.435951
6,22560001,Poll Miller Park Lake,07/10/2012 15:15:00,AMBLAKE-ISU,NIT-NO3-NO2,Inorganic nitrogen (nitrate and nitrite) (as N),Dissolved,,0.06,mg/l,False,0.06,,,353.2,ISULAKE,Actual,SW,Water,,,Lee,07080104,Lake,,40.712645,-91.435951
6,22560001,Poll Miller Park Lake,07/10/2012 15:15:00,AMBLAKE-ISU,NIT-KJELD,Kjeldahl nitrogen (AS N),Total,,0.7,mg/l,True,0.1,,,351.2,ISULAKE,Actual,SW,Water,,,Lee,07080104,Lake,,40.712645,-91.435951
6,22560001,Poll Miller Park Lake,07/10/2012 15:15:00,AMBLAKE-ISU,7440-44-0,Carbon,Dissolved,,6.96,mg/l,True,2.68,,,5310-B,ISULAKE,Actual,SW,Water,,,Lee,07080104,Lake,,40.712645,-91.435951
6,22560001,Poll Miller Park Lake,08/23/2012 11:30:00,AMBLAKE-ISU,479-61-8,Chlorophyll a,NonFilt,,8,ug/l,True,2,,,445,ISULAKE,Actual,SW,Water,,,Lee,07080104,Lake,,40.712645,-91.435951
6,22560001,Poll Miller Park Lake,08/23/2012 11:30:00,AMBLAKE-ISU,TFSS,Fixed suspended solids,NonFilt,,2.8,mg/l,True,3.2,,,2540-E,ISULAKE,Actual,SW,Water,,,Lee,07080104,Lake,,40.712645,-91.435951
6,22560001,Poll Miller Park Lake,08/23/2012 11:30:00,AMBLAKE-ISU,NIT-NO3-NO2,Inorganic nitrogen (nitrate and nitrite) (as N),Dissolved,,0.06,mg/l,False,0.06,,,353.2,ISULAKE,Actual,SW,Water,,,Lee,07080104,Lake,,40.712645,-91.435951
6,22560001,Poll Miller Park Lake,08/23/2012 11:30:00,AMBLAKE-ISU,NIT-KJELD,Kjeldahl nitrogen (AS N),Total,,0.48,mg/l,True,0.1,,,351.2,ISULAKE,Actual,SW,Water,,,Lee,07080104,Lake,,40.712645,-91.435951
6,22560001,Poll Miller Park Lake,08/23/2012 11:30:00,AMBLAKE-ISU,7440-44-0,Carbon,Dissolved,,5.31,mg/l,True,2.68,,,5310-B,ISULAKE,Actual,SW,Water,,,Lee,07080104,Lake,,40.712645,-91.435951
6,22560001,Poll Miller Park Lake,08/23/2012 11:30:00,AMBLAKE-ISU,14265-44-2,Orthophosphate (as P),Dissolved,,0.01,mg/l,False,0.01,,,365.1,ISULAKE,Actual,SW,Water,,,Lee,07080104,Lake,,40.712645,-91.435951
6,22560001,Poll Miller Park Lake,08/23/2012 11:30:00,AMBLAKE-ISU,PHOSP-PHOSP,Phosphate-phosphorus (as P),Total,,0.0218,mg/l,True,0.01,,,365.1,ISULAKE,Actual,SW,Water,,,Lee,07080104,Lake,,40.712645,-91.435951
6,22560001,Poll Miller Park Lake,08/23/2012 11:30:00,AMBLAKE-ISU,TSS,Total suspended solids,NonFilt,,5.7,mg/l,True,2.4,,,2540-D,ISULAKE,Actual,SW,Water,,,Lee,07080104,Lake,,40.712645,-91.435951
6,22560001,Poll Miller Park Lake,08/23/2012 11:30:00,AMBLAKE-ISU,TVSS,Volatile Suspended Solids,NonFilt,,3.2,mg/l,False,3.2,,,160.4,ISULAKE,Actual,SW,Water,,,Lee,07080104,Lake,,40.712645,-91.435951
6,22560001,Poll Miller Park Lake,05/22/2013 15:57:00,AMBLAKE-ISU,TURB,Turbidity,Total,,7.3,NTU,True,,,,ISU 2130-B,,Actual,SW,Water,,,Lee,07080104,Lake,,40.712645,-91.435951
6,22560001,Poll Miller Park Lake,05/22/2013 15:57:00,AMBLAKE-ISU,SPEC-COND,Specific conductance,Dissolved,,310,uS/cm,True,,,,ISU 2510,,Actual,SW,Water,,,Lee,07080104,Lake,,40.712645,-91.435951
6,22560001,Poll Miller Park Lake,05/22/2013 15:57:00,AMBLAKE-ISU,TDS,Total dissolved solids,Dissolved,,200,mg/l,True,,,,ISU 2510,,Actual,SW,Water,,,Lee,07080104,Lake,,40.712645,-91.435951
6,22560001,Poll Miller Park Lake,05/22/2013 15:57:00,AMBLAKE-ISU,TEMP-WATER,"Temperature, water",Total,,23.3,deg C,True,,,,ISU 2550,,Actual,SW,Water,,,Lee,07080104,Lake,,40.712645,-91.435951
6,22560001,Poll Miller Park Lake,05/22/2013 15:57:00,AMBLAKE-ISU,PH,pH,Total,,8.6,None,True,,,,ISU 4500-H,,Actual,SW,Water,,,Lee,07080104,Lake,,40.712645,-91.435951
6,22560001,Poll Miller Park Lake,05/22/2013 15:57:00,AMBLAKE-ISU,7782-44-7,Dissolved oxygen (DO),Total,,10.9,mg/l,True,,,,ISU 4500-O-G,,Actual,SW,Water,,,Lee,07080104,Lake,,40.712645,-91.435951
6,22560001,Poll Miller Park Lake,05/22/2013 15:57:00,AMBLAKE-ISU,DO-SAT,Dissolved oxygen saturation,Total,,127.3,%,True,,,,ISU 4500-O-G,,Actual,SW,Water,,,Lee,07080104,Lake,,40.712645,-91.435951
6,22560001,Poll Miller Park Lake,05/22/2013 15:57:00,AMBLAKE-ISU,DEPTH-BOTTOM,"Depth, bottom",Total,,7.8,m,True,,,,Unknown,,Actual,SW,Water,,,Lee,07080104,Lake,,40.712645,-91.435951
6,22560001,Poll Miller Park Lake,05/22/2013 15:57:00,AMBLAKE-ISU,DEPTH-SECCHI,"Depth, Secchi disk depth",Total,,1.2,m,True,,,,Unknown,,Actual,SW,Water,,,Lee,07080104,Lake,,40.712645,-91.435951
6,22560001,Poll Miller Park Lake,05/22/2013 15:57:00,AMBLAKE-ISU,DEPTH-THERMO,"Depth, thermocline",Total,,1.7,m,True,,,,Unknown,,Actual,SW,Water,,,Lee,07080104,Lake,,40.712645,-91.435951
6,22560001,Poll Miller Park Lake,05/22/2013 15:57:00,AMBLAKE-ISU,TVSS,Volatile Suspended Solids,NonFilt,,3.6,mg/l,True,2.4,,,160.4,ISULAKE,Actual,SW,Water,,,Lee,07080104,Lake,,40.712645,-91.435951
6,22560001,Poll Miller Park Lake,05/22/2013 15:57:00,AMBLAKE-ISU,CAL-CARB,Calcium carbonate (AS CACO3),Total,,112,mg/l,True,4,,,2320-B,ISULAKE,Actual,SW,Water,,,Lee,07080104,Lake,,40.712645,-91.435951
6,22560001,Poll Miller Park Lake,05/22/2013 15:57:00,AMBLAKE-ISU,TSS,Total suspended solids,NonFilt,,8,mg/l,True,2.8,,,2540-D,ISULAKE,Actual,SW,Water,,,Lee,07080104,Lake,,40.712645,-91.435951
6,22560001,Poll Miller Park Lake,05/22/2013 15:57:00,AMBLAKE-ISU,TFSS,Fixed suspended solids,NonFilt,,4.4,mg/l,True,3.2,,,2540-E,ISULAKE,Actual,SW,Water,,,Lee,07080104,Lake,,40.712645,-91.435951
6,22560001,Poll Miller Park Lake,05/22/2013 15:57:00,AMBLAKE-ISU,7664-41-7,Ammonia (AS N),Dissolved,,0.002,mg/l,True,0.0001,,,350.1,ISULAKE,Calculated,SW,Water,,,Lee,07080104,Lake,,40.712645,-91.435951
6,22560001,Poll Miller Park Lake,05/22/2013 15:57:00,AMBLAKE-ISU,NIT-AMM,Ammonia-nitrogen (AS N),Dissolved,,0.013,mg/l,True,0.010,,,350.1,ISULAKE,Actual,SW,Water,,,Lee,07080104,Lake,,40.712645,-91.435951
6,22560001,Poll Miller Park Lake,05/22/2013 15:57:00,AMBLAKE-ISU,NIT-KJELD,Kjeldahl nitrogen (AS N),Total,,0.87,mg/l,True,0.28,,,351.2,ISULAKE,Actual,SW,Water,,,Lee,07080104,Lake,,40.712645,-91.435951
6,22560001,Poll Miller Park Lake,05/22/2013 15:57:00,AMBLAKE-ISU,NIT-NO3-NO2,Inorganic nitrogen (nitrate and nitrite) (AS N),Dissolved,,0.14,mg/l,False,0.14,,,353.2,ISULAKE,Actual,SW,Water,,,Lee,07080104,Lake,,40.712645,-91.435951
6,22560001,Poll Miller Park Lake,05/22/2013 15:57:00,AMBLAKE-ISU,14265-44-2,Orthophosphate (AS P),Dissolved,,0.014,mg/l,False,0.0140,,,365.1,ISULAKE,Actual,SW,Water,,,Lee,07080104,Lake,,40.712645,-91.435951
6,22560001,Poll Miller Park Lake,05/22/2013 15:57:00,AMBLAKE-ISU,PHOSP-PHOSP,Phosphate-phosphorus (AS P),Total,,0.0334,mg/l,True,0.0284,,,365.1,ISULAKE,Actual,SW,Water,,,Lee,07080104,Lake,,40.712645,-91.435951
6,22560001,Poll Miller Park Lake,05/22/2013 15:57:00,AMBLAKE-ISU,479-61-8,Chlorophyll a,NonFilt,,16,ug/l,True,2,,,445,ISULAKE,Actual,SW,Water,,,Lee,07080104,Lake,,40.712645,-91.435951
6,22560001,Poll Miller Park Lake,05/22/2013 15:57:00,AMBLAKE-ISU,7440-44-0,Carbon,Dissolved,,7.68,mg/l,True,1.40,,,5310-B,ISULAKE,Actual,SW,Water,,,Lee,07080104,Lake,,40.712645,-91.435951
6,22560001,Poll Miller Park Lake,07/10/2013 08:48:00,AMBLAKE-ISU,TURB,Turbidity,Total,,1.9,NTU,True,,,,ISU 2130-B,,Actual,SW,Water,,,Lee,07080104,Lake,,40.712645,-91.435951
6,22560001,Poll Miller Park Lake,07/10/2013 08:48:00,AMBLAKE-ISU,SPEC-COND,Specific conductance,Dissolved,,310,uS/cm,True,,,,ISU 2510,,Actual,SW,Water,,,Lee,07080104,Lake,,40.712645,-91.435951
6,22560001,Poll Miller Park Lake,07/10/2013 08:48:00,AMBLAKE-ISU,TDS,Total dissolved solids,Dissolved,,200,mg/l,True,,,,ISU 2510,,Actual,SW,Water,,,Lee,07080104,Lake,,40.712645,-91.435951
6,22560001,Poll Miller Park Lake,07/10/2013 08:48:00,AMBLAKE-ISU,TEMP-WATER,"Temperature, water",Total,,28.5,deg C,True,,,,ISU 2550,,Actual,SW,Water,,,Lee,07080104,Lake,,40.712645,-91.435951
6,22560001,Poll Miller Park Lake,07/10/2013 08:48:00,AMBLAKE-ISU,PH,pH,Total,,8.4,None,True,,,,ISU 4500-H,,Actual,SW,Water,,,Lee,07080104,Lake,,40.712645,-91.435951
6,22560001,Poll Miller Park Lake,07/10/2013 08:48:00,AMBLAKE-ISU,7782-44-7,Dissolved oxygen (DO),Total,,8.9,mg/l,True,,,,ISU 4500-O-G,,Actual,SW,Water,,,Lee,07080104,Lake,,40.712645,-91.435951
6,22560001,Poll Miller Park Lake,07/10/2013 08:48:00,AMBLAKE-ISU,DO-SAT,Dissolved oxygen saturation,Total,,114.8,%,True,,,,ISU 4500-O-G,,Actual,SW,Water,,,Lee,07080104,Lake,,40.712645,-91.435951
6,22560001,Poll Miller Park Lake,07/10/2013 08:48:00,AMBLAKE-ISU,DEPTH-BOTTOM,"Depth, bottom",Total,,7.9,m,True,,,,Unknown,,Actual,SW,Water,,,Lee,07080104,Lake,,40.712645,-91.435951
6,22560001,Poll Miller Park Lake,07/10/2013 08:48:00,AMBLAKE-ISU,DEPTH-SECCHI,"Depth, Secchi disk depth",Total,,1.9,m,True,,,,Unknown,,Actual,SW,Water,,,Lee,07080104,Lake,,40.712645,-91.435951
6,22560001,Poll Miller Park Lake,07/10/2013 08:48:00,AMBLAKE-ISU,DEPTH-THERMO,"Depth, thermocline",Total,,1.4,m,True,,,,Unknown,,Actual,SW,Water,,,Lee,07080104,Lake,,40.712645,-91.435951
6,22560001,Poll Miller Park Lake,07/10/2013 08:48:00,AMBLAKE-ISU,TVSS,Volatile Suspended Solids,NonFilt,,2.4,mg/l,False,2.4,,,160.4,ISULAKE,Actual,SW,Water,,,Lee,07080104,Lake,,40.712645,-91.435951
6,22560001,Poll Miller Park Lake,07/10/2013 08:48:00,AMBLAKE-ISU,CAL-CARB,Calcium carbonate (AS CACO3),Total,,119,mg/l,True,4,,,2320-B,ISULAKE,Actual,SW,Water,,,Lee,07080104,Lake,,40.712645,-91.435951
6,22560001,Poll Miller Park Lake,07/10/2013 08:48:00,AMBLAKE-ISU,TSS,Total suspended solids,NonFilt,,2.8,mg/l,False,2.8,,,2540-D,ISULAKE,Actual,SW,Water,,,Lee,07080104,Lake,,40.712645,-91.435951
6,22560001,Poll Miller Park Lake,07/10/2013 08:48:00,AMBLAKE-ISU,TFSS,Fixed suspended solids,NonFilt,,3.2,mg/l,False,3.2,,,2540-E,ISULAKE,Actual,SW,Water,,,Lee,07080104,Lake,,40.712645,-91.435951
6,22560001,Poll Miller Park Lake,07/10/2013 08:48:00,AMBLAKE-ISU,7664-41-7,Ammonia (AS N),Dissolved,,0.0001,mg/l,False,0.0001,,,350.1,ISULAKE,Calculated,SW,Water,,,Lee,07080104,Lake,,40.712645,-91.435951
6,22560001,Poll Miller Park Lake,07/10/2013 08:48:00,AMBLAKE-ISU,NIT-AMM,Ammonia-nitrogen (AS N),Dissolved,,0.01,mg/l,False,0.010,,,350.1,ISULAKE,Actual,SW,Water,,,Lee,07080104,Lake,,40.712645,-91.435951
6,22560001,Poll Miller Park Lake,07/10/2013 08:48:00,AMBLAKE-ISU,NIT-KJELD,Kjeldahl nitrogen (AS N),Total,,0.42,mg/l,True,0.28,,,351.2,ISULAKE,Actual,SW,Water,,,Lee,07080104,Lake,,40.712645,-91.435951
6,22560001,Poll Miller Park Lake,07/10/2013 08:48:00,AMBLAKE-ISU,NIT-NO3-NO2,Inorganic nitrogen (nitrate and nitrite) (AS N),Dissolved,,0.14,mg/l,False,0.14,,,353.2,ISULAKE,Actual,SW,Water,,,Lee,07080104,Lake,,40.712645,-91.435951
6,22560001,Poll Miller Park Lake,07/10/2013 08:48:00,AMBLAKE-ISU,14265-44-2,Orthophosphate (AS P),Dissolved,,0.014,mg/l,False,0.0140,,,365.1,ISULAKE,Actual,SW,Water,,,Lee,07080104,Lake,,40.712645,-91.435951
6,22560001,Poll Miller Park Lake,07/10/2013 08:48:00,AMBLAKE-ISU,PHOSP-PHOSP,Phosphate-phosphorus (AS P),Total,,0.0284,mg/l,False,0.0284,,,365.1,ISULAKE,Actual,SW,Water,,,Lee,07080104,Lake,,40.712645,-91.435951
6,22560001,Poll Miller Park Lake,07/10/2013 08:48:00,AMBLAKE-ISU,479-61-8,Chlorophyll a,NonFilt,,7,ug/l,True,2,,,445,ISULAKE,Actual,SW,Water,,,Lee,07080104,Lake,,40.712645,-91.435951
6,22560001,Poll Miller Park Lake,07/10/2013 08:48:00,AMBLAKE-ISU,7440-44-0,Carbon,Dissolved,,5.15,mg/l,True,1.40,,,5310-B,ISULAKE,Actual,SW,Water,,,Lee,07080104,Lake,,40.712645,-91.435951
6,22560001,Poll Miller Park Lake,08/21/2013 09:40:00,AMBLAKE-ISU,TURB,Turbidity,Total,,5.7,NTU,True,,,,ISU 2130-B,,Actual,SW,Water,,,Lee,07080104,Lake,,40.712645,-91.435951
6,22560001,Poll Miller Park Lake,08/21/2013 09:40:00,AMBLAKE-ISU,SPEC-COND,Specific conductance,Dissolved,,320,uS/cm,True,,,,ISU 2510,,Actual,SW,Water,,,Lee,07080104,Lake,,40.712645,-91.435951
6,22560001,Poll Miller Park Lake,08/21/2013 09:40:00,AMBLAKE-ISU,TDS,Total dissolved solids,Dissolved,,210,mg/l,True,,,,ISU 2510,,Actual,SW,Water,,,Lee,07080104,Lake,,40.712645,-91.435951
6,22560001,Poll Miller Park Lake,08/21/2013 09:40:00,AMBLAKE-ISU,TEMP-WATER,"Temperature, water",Total,,24.6,deg C,True,,,,ISU 2550,,Actual,SW,Water,,,Lee,07080104,Lake,,40.712645,-91.435951
6,22560001,Poll Miller Park Lake,08/21/2013 09:40:00,AMBLAKE-ISU,PH,pH,Total,,8.7,None,True,,,,ISU 4500-H,,Actual,SW,Water,,,Lee,07080104,Lake,,40.712645,-91.435951
6,22560001,Poll Miller Park Lake,08/21/2013 09:40:00,AMBLAKE-ISU,7782-44-7,Dissolved oxygen (DO),Total,,10.2,mg/l,True,,,,ISU 4500-O-G,,Actual,SW,Water,,,Lee,07080104,Lake,,40.712645,-91.435951
6,22560001,Poll Miller Park Lake,08/21/2013 09:40:00,AMBLAKE-ISU,DO-SAT,Dissolved oxygen saturation,Total,,122.7,%,True,,,,ISU 4500-O-G,,Actual,SW,Water,,,Lee,07080104,Lake,,40.712645,-91.435951
6,22560001,Poll Miller Park Lake,08/21/2013 09:40:00,AMBLAKE-ISU,DEPTH-BOTTOM,"Depth, bottom",Total,,7.5,m,True,,,,Unknown,,Actual,SW,Water,,,Lee,07080104,Lake,,40.712645,-91.435951
6,22560001,Poll Miller Park Lake,08/21/2013 09:40:00,AMBLAKE-ISU,DEPTH-SECCHI,"Depth, Secchi disk depth",Total,,1.3,m,True,,,,Unknown,,Actual,SW,Water,,,Lee,07080104,Lake,,40.712645,-91.435951
6,22560001,Poll Miller Park Lake,08/21/2013 09:40:00,AMBLAKE-ISU,DEPTH-THERMO,"Depth, thermocline",Total,,3.5,m,True,,,,Unknown,,Actual,SW,Water,,,Lee,07080104,Lake,,40.712645,-91.435951
6,22560001,Poll Miller Park Lake,08/21/2013 09:40:00,AMBLAKE-ISU,TVSS,Volatile Suspended Solids,NonFilt,,4.4,mg/l,True,2.4,,,160.4,ISULAKE,Actual,SW,Water,,,Lee,07080104,Lake,,40.712645,-91.435951
6,22560001,Poll Miller Park Lake,08/21/2013 09:40:00,AMBLAKE-ISU,CAL-CARB,Calcium carbonate (AS CACO3),Total,,123,mg/l,True,4,,,2320-B,ISULAKE,Actual,SW,Water,,,Lee,07080104,Lake,,40.712645,-91.435951
6,22560001,Poll Miller Park Lake,08/21/2013 09:40:00,AMBLAKE-ISU,TSS,Total suspended solids,NonFilt,,7,mg/l,True,2.8,,,2540-D,ISULAKE,Actual,SW,Water,,,Lee,07080104,Lake,,40.712645,-91.435951
6,22560001,Poll Miller Park Lake,08/21/2013 09:40:00,AMBLAKE-ISU,TFSS,Fixed suspended solids,NonFilt,,3.2,mg/l,False,3.2,,,2540-E,ISULAKE,Actual,SW,Water,,,Lee,07080104,Lake,,40.712645,-91.435951
6,22560001,Poll Miller Park Lake,08/21/2013 09:40:00,AMBLAKE-ISU,7664-41-7,Ammonia (AS N),Dissolved,,0.0001,mg/l,False,0.0001,,,350.1,ISULAKE,Calculated,SW,Water,,,Lee,07080104,Lake,,40.712645,-91.435951
6,22560001,Poll Miller Park Lake,08/21/2013 09:40:00,AMBLAKE-ISU,NIT-AMM,Ammonia-nitrogen (AS N),Dissolved,,0.01,mg/l,False,0.010,,,350.1,ISULAKE,Actual,SW,Water,,,Lee,07080104,Lake,,40.712645,-91.435951
6,22560001,Poll Miller Park Lake,08/21/2013 09:40:00,AMBLAKE-ISU,NIT-KJELD,Kjeldahl nitrogen (AS N),Total,,0.71,mg/l,True,0.28,,,351.2,ISULAKE,Actual,SW,Water,,,Lee,07080104,Lake,,40.712645,-91.435951
6,22560001,Poll Miller Park Lake,08/21/2013 09:40:00,AMBLAKE-ISU,NIT-NO3-NO2,Inorganic nitrogen (nitrate and nitrite) (AS N),Dissolved,,0.14,mg/l,False,0.14,,,353.2,ISULAKE,Actual,SW,Water,,,Lee,07080104,Lake,,40.712645,-91.435951
6,22560001,Poll Miller Park Lake,08/21/2013 09:40:00,AMBLAKE-ISU,14265-44-2,Orthophosphate (AS P),Dissolved,,0.014,mg/l,False,0.0140,,,365.1,ISULAKE,Actual,SW,Water,,,Lee,07080104,Lake,,40.712645,-91.435951
6,22560001,Poll Miller Park Lake,08/21/2013 09:40:00,AMBLAKE-ISU,PHOSP-PHOSP,Phosphate-phosphorus (AS P),Total,,0.0332,mg/l,True,0.0284,,,365.1,ISULAKE,Actual,SW,Water,,,Lee,07080104,Lake,,40.712645,-91.435951
6,22560001,Poll Miller Park Lake,08/21/2013 09:40:00,AMBLAKE-ISU,479-61-8,Chlorophyll a,NonFilt,,15,ug/l,True,2,,,445,ISULAKE,Actual,SW,Water,,,Lee,07080104,Lake,,40.712645,-91.435951
6,22560001,Poll Miller Park Lake,08/21/2013 09:40:00,AMBLAKE-ISU,7440-44-0,Carbon,Dissolved,,5.41,mg/l,True,1.40,,,5310-B,ISULAKE,Actual,SW,Water,,,Lee,07080104,Lake,,40.712645,-91.435951
6,22560001,Poll Miller Park Lake,05/28/2014 15:10:00,AMBLAKE-ISU,TURB,Turbidity,Total,,2.48,NTU,True,,,,ISU 2130-B,,Actual,SW,Water,,,Lee,07080104,Lake,,40.712645,-91.435951
6,22560001,Poll Miller Park Lake,05/28/2014 15:10:00,AMBLAKE-ISU,SPEC-COND,Specific conductance,Dissolved,,320,uS/cm,True,,,,ISU 2510,,Actual,SW,Water,,,Lee,07080104,Lake,,40.712645,-91.435951
6,22560001,Poll Miller Park Lake,05/28/2014 15:10:00,AMBLAKE-ISU,TDS,Total dissolved solids,Dissolved,,210,mg/l,True,,,,ISU 2510,,Actual,SW,Water,,,Lee,07080104,Lake,,40.712645,-91.435951
6,22560001,Poll Miller Park Lake,05/28/2014 15:10:00,AMBLAKE-ISU,TEMP-WATER,"Temperature, water",Total,,24.55,deg C,True,,,,ISU 2550,,Actual,SW,Water,,,Lee,07080104,Lake,,40.712645,-91.435951
6,22560001,Poll Miller Park Lake,05/28/2014 15:10:00,AMBLAKE-ISU,PH,pH,Total,,8.13,None,True,,,,ISU 4500-H,,Actual,SW,Water,,,Lee,07080104,Lake,,40.712645,-91.435951
6,22560001,Poll Miller Park Lake,05/28/2014 15:10:00,AMBLAKE-ISU,7782-44-7,Dissolved oxygen (DO),Total,,10.11,mg/l,True,,,,ISU 4500-O-G,,Actual,SW,Water,,,Lee,07080104,Lake,,40.712645,-91.435951
6,22560001,Poll Miller Park Lake,05/28/2014 15:10:00,AMBLAKE-ISU,DO-SAT,Dissolved oxygen saturation,Total,,121.38,%,True,,,,ISU 4500-O-G,,Actual,SW,Water,,,Lee,07080104,Lake,,40.712645,-91.435951
6,22560001,Poll Miller Park Lake,05/28/2014 15:10:00,AMBLAKE-ISU,DEPTH-BOTTOM,"Depth, bottom",Total,,7.8,m,True,,,,Unknown,,Actual,SW,Water,,,Lee,07080104,Lake,,40.712645,-91.435951
6,22560001,Poll Miller Park Lake,05/28/2014 15:10:00,AMBLAKE-ISU,DEPTH-SECCHI,"Depth, Secchi disk depth",Total,,2.2,m,True,,,,Unknown,,Actual,SW,Water,,,Lee,07080104,Lake,,40.712645,-91.435951
6,22560001,Poll Miller Park Lake,05/28/2014 15:10:00,AMBLAKE-ISU,DEPTH-THERMO,"Depth, thermocline",Total,,1.97,m,True,,,,Unknown,,Actual,SW,Water,,,Lee,07080104,Lake,,40.712645,-91.435951
6,22560001,Poll Miller Park Lake,05/28/2014 15:10:00,AMBLAKE-ISU,TVSS,Volatile Suspended Solids,NonFilt,,2.7,mg/l,True,2.40,,,160.4,ISULAKE,Actual,SW,Water,,,Lee,07080104,Lake,,40.712645,-91.435951
6,22560001,Poll Miller Park Lake,05/28/2014 15:10:00,AMBLAKE-ISU,CAL-CARB,Calcium carbonate (AS CACO3),Total,,120.4,mg/l,True,4.00,,,2320-B,ISULAKE,Actual,SW,Water,,,Lee,07080104,Lake,,40.712645,-91.435951
6,22560001,Poll Miller Park Lake,05/28/2014 15:10:00,AMBLAKE-ISU,TSS,Total suspended solids,NonFilt,,2.9,mg/l,True,2.10,,,2540-D,ISULAKE,Actual,SW,Water,,,Lee,07080104,Lake,,40.712645,-91.435951
6,22560001,Poll Miller Park Lake,05/28/2014 15:10:00,AMBLAKE-ISU,TFSS,Fixed suspended solids,NonFilt,,2.1,mg/l,False,2.10,,,2540-E,ISULAKE,Actual,SW,Water,,,Lee,07080104,Lake,,40.712645,-91.435951
6,22560001,Poll Miller Park Lake,05/28/2014 15:10:00,AMBLAKE-ISU,7664-41-7,Ammonia (AS N),Dissolved,,0.004170028,mg/l,True,0.00,,,350.1,ISULAKE,Calculated,SW,Water,,,Lee,07080104,Lake,,40.712645,-91.435951
6,22560001,Poll Miller Park Lake,05/28/2014 15:10:00,AMBLAKE-ISU,NIT-AMM,Ammonia-nitrogen (AS N),Dissolved,,0.04775,mg/l,True,0.01,,,350.1,ISULAKE,Actual,SW,Water,,,Lee,07080104,Lake,,40.712645,-91.435951
6,22560001,Poll Miller Park Lake,05/28/2014 15:10:00,AMBLAKE-ISU,NIT-KJELD,Kjeldahl nitrogen (AS N),Total,,0.56645,mg/l,True,0.26,,,351.2,ISULAKE,Actual,SW,Water,,,Lee,07080104,Lake,,40.712645,-91.435951
6,22560001,Poll Miller Park Lake,05/28/2014 15:10:00,AMBLAKE-ISU,NIT-NO3-NO2,Inorganic nitrogen (nitrate and nitrite) (AS N),Dissolved,,0.2569997841,mg/l,True,0.06,,,353.2,ISULAKE,Actual,SW,Water,,,Lee,07080104,Lake,,40.712645,-91.435951
6,22560001,Poll Miller Park Lake,05/28/2014 15:10:00,AMBLAKE-ISU,14265-44-2,Orthophosphate (AS P),Dissolved,,0.01,mg/l,False,0.01,,,365.1,ISULAKE,Actual,SW,Water,,,Lee,07080104,Lake,,40.712645,-91.435951
6,22560001,Poll Miller Park Lake,05/28/2014 15:10:00,AMBLAKE-ISU,PHOSP-PHOSP,Phosphate-phosphorus (AS P),Total,,0.01885,mg/l,True,0.01,,,365.1,ISULAKE,Actual,SW,Water,,,Lee,07080104,Lake,,40.712645,-91.435951
6,22560001,Poll Miller Park Lake,05/28/2014 15:10:00,AMBLAKE-ISU,479-61-8,Chlorophyll a,NonFilt,,3.3,ug/l,False,3.30,,,445,ISULAKE,Actual,SW,Water,,,Lee,07080104,Lake,,40.712645,-91.435951
6,22560001,Poll Miller Park Lake,05/28/2014 15:10:00,AMBLAKE-ISU,7440-44-0,Carbon,Dissolved,,5.64,mg/l,True,1.08,,,5310-B,ISULAKE,Actual,SW,Water,,,Lee,07080104,Lake,,40.712645,-91.435951
6,22560001,Poll Miller Park Lake,07/15/2014 16:45:00,AMBLAKE-ISU,TURB,Turbidity,Total,,4.11,NTU,True,,,,ISU 2130-B,,Actual,SW,Water,,,Lee,07080104,Lake,,40.712645,-91.435951
6,22560001,Poll Miller Park Lake,07/15/2014 16:45:00,AMBLAKE-ISU,SPEC-COND,Specific conductance,Dissolved,,290,uS/cm,True,,,,ISU 2510,,Actual,SW,Water,,,Lee,07080104,Lake,,40.712645,-91.435951
6,22560001,Poll Miller Park Lake,07/15/2014 16:45:00,AMBLAKE-ISU,TDS,Total dissolved solids,Dissolved,,190,mg/l,True,,,,ISU 2510,,Actual,SW,Water,,,Lee,07080104,Lake,,40.712645,-91.435951
6,22560001,Poll Miller Park Lake,07/15/2014 16:45:00,AMBLAKE-ISU,TEMP-WATER,"Temperature, water",Total,,25.97,deg C,True,,,,ISU 2550,,Actual,SW,Water,,,Lee,07080104,Lake,,40.712645,-91.435951
6,22560001,Poll Miller Park Lake,07/15/2014 16:45:00,AMBLAKE-ISU,PH,pH,Total,,8.63,None,True,,,,ISU 4500-H,,Actual,SW,Water,,,Lee,07080104,Lake,,40.712645,-91.435951
6,22560001,Poll Miller Park Lake,07/15/2014 16:45:00,AMBLAKE-ISU,7782-44-7,Dissolved oxygen (DO),Total,,8.67,mg/l,True,,,,ISU 4500-O-G,,Actual,SW,Water,,,Lee,07080104,Lake,,40.712645,-91.435951
6,22560001,Poll Miller Park Lake,07/15/2014 16:45:00,AMBLAKE-ISU,DO-SAT,Dissolved oxygen saturation,Total,,106.86,%,True,,,,ISU 4500-O-G,,Actual,SW,Water,,,Lee,07080104,Lake,,40.712645,-91.435951
6,22560001,Poll Miller Park Lake,07/15/2014 16:45:00,AMBLAKE-ISU,DEPTH-BOTTOM,"Depth, bottom",Total,,7.8,m,True,,,,Unknown,,Actual,SW,Water,,,Lee,07080104,Lake,,40.712645,-91.435951
6,22560001,Poll Miller Park Lake,07/15/2014 16:45:00,AMBLAKE-ISU,DEPTH-SECCHI,"Depth, Secchi disk depth",Total,,1.25,m,True,,,,Unknown,,Actual,SW,Water,,,Lee,07080104,Lake,,40.712645,-91.435951
6,22560001,Poll Miller Park Lake,07/15/2014 16:45:00,AMBLAKE-ISU,DEPTH-THERMO,"Depth, thermocline",Total,,2.5,m,True,,,,Unknown,,Actual,SW,Water,,,Lee,07080104,Lake,,40.712645,-91.435951
6,22560001,Poll Miller Park Lake,07/15/2014 16:45:00,AMBLAKE-ISU,TVSS,Volatile Suspended Solids,NonFilt,,6.7,mg/l,True,2.40,,,160.4,ISULAKE,Actual,SW,Water,,,Lee,07080104,Lake,,40.712645,-91.435951
6,22560001,Poll Miller Park Lake,07/15/2014 16:45:00,AMBLAKE-ISU,CAL-CARB,Calcium carbonate (AS CACO3),Total,,116.6,mg/l,True,4.00,,,2320-B,ISULAKE,Actual,SW,Water,,,Lee,07080104,Lake,,40.712645,-91.435951
6,22560001,Poll Miller Park Lake,07/15/2014 16:45:00,AMBLAKE-ISU,TSS,Total suspended solids,NonFilt,,10.8,mg/l,True,2.10,,,2540-D,ISULAKE,Actual,SW,Water,,,Lee,07080104,Lake,,40.712645,-91.435951
6,22560001,Poll Miller Park Lake,07/15/2014 16:45:00,AMBLAKE-ISU,TFSS,Fixed suspended solids,NonFilt,,4.09,mg/l,True,2.10,,,2540-E,ISULAKE,Actual,SW,Water,,,Lee,07080104,Lake,,40.712645,-91.435951
6,22560001,Poll Miller Park Lake,07/15/2014 16:45:00,AMBLAKE-ISU,7664-41-7,Ammonia (AS N),Dissolved,,0,mg/l,False,0.00,,,350.1,ISULAKE,Calculated,SW,Water,,,Lee,07080104,Lake,,40.712645,-91.435951
6,22560001,Poll Miller Park Lake,07/15/2014 16:45:00,AMBLAKE-ISU,NIT-AMM,Ammonia-nitrogen (AS N),Dissolved,,0.01,mg/l,False,0.01,,,350.1,ISULAKE,Actual,SW,Water,,,Lee,07080104,Lake,,40.712645,-91.435951
6,22560001,Poll Miller Park Lake,07/15/2014 16:45:00,AMBLAKE-ISU,NIT-KJELD,Kjeldahl nitrogen (AS N),Total,,0.578,mg/l,True,0.26,,,351.2,ISULAKE,Actual,SW,Water,,,Lee,07080104,Lake,,40.712645,-91.435951
6,22560001,Poll Miller Park Lake,07/15/2014 16:45:00,AMBLAKE-ISU,NIT-NO3-NO2,Inorganic nitrogen (nitrate and nitrite) (AS N),Dissolved,,0.06,mg/l,False,0.06,,,353.2,ISULAKE,Actual,SW,Water,,,Lee,07080104,Lake,,40.712645,-91.435951
6,22560001,Poll Miller Park Lake,07/15/2014 16:45:00,AMBLAKE-ISU,14265-44-2,Orthophosphate (AS P),Dissolved,,0.01,mg/l,False,0.01,,,365.1,ISULAKE,Actual,SW,Water,,,Lee,07080104,Lake,,40.712645,-91.435951
6,22560001,Poll Miller Park Lake,07/15/2014 16:45:00,AMBLAKE-ISU,PHOSP-PHOSP,Phosphate-phosphorus (AS P),Total,,0.0323,mg/l,True,0.01,,,365.1,ISULAKE,Actual,SW,Water,,,Lee,07080104,Lake,,40.712645,-91.435951
6,22560001,Poll Miller Park Lake,07/15/2014 16:45:00,AMBLAKE-ISU,479-61-8,Chlorophyll a,NonFilt,,34.77,ug/l,True,3.30,,,445,ISULAKE,Actual,SW,Water,,,Lee,07080104,Lake,,40.712645,-91.435951
6,22560001,Poll Miller Park Lake,07/15/2014 16:45:00,AMBLAKE-ISU,7440-44-0,Carbon,Dissolved,,5.32,mg/l,True,1.08,,,5310-B,ISULAKE,Actual,SW,Water,,,Lee,07080104,Lake,,40.712645,-91.435951
6,22560001,Poll Miller Park Lake,08/24/2014 14:32:00,AMBLAKE-ISU,TURB,Turbidity,Total,,1.09,NTU,True,,,,ISU 2130-B,,Actual,SW,Water,,,Lee,07080104,Lake,,40.712645,-91.435951
6,22560001,Poll Miller Park Lake,08/24/2014 14:32:00,AMBLAKE-ISU,SPEC-COND,Specific conductance,Dissolved,,300,uS/cm,True,,,,ISU 2510,,Actual,SW,Water,,,Lee,07080104,Lake,,40.712645,-91.435951
6,22560001,Poll Miller Park Lake,08/24/2014 14:32:00,AMBLAKE-ISU,TDS,Total dissolved solids,Dissolved,,200,mg/l,True,,,,ISU 2510,,Actual,SW,Water,,,Lee,07080104,Lake,,40.712645,-91.435951
6,22560001,Poll Miller Park Lake,08/24/2014 14:32:00,AMBLAKE-ISU,TEMP-WATER,"Temperature, water",Total,,26.55,deg C,True,,,,ISU 2550,,Actual,SW,Water,,,Lee,07080104,Lake,,40.712645,-91.435951
6,22560001,Poll Miller Park Lake,08/24/2014 14:32:00,AMBLAKE-ISU,PH,pH,Total,,8.21,None,True,,,,ISU 4500-H,,Actual,SW,Water,,,Lee,07080104,Lake,,40.712645,-91.435951
6,22560001,Poll Miller Park Lake,08/24/2014 14:32:00,AMBLAKE-ISU,7782-44-7,Dissolved oxygen (DO),Total,,9.5,mg/l,True,,,,ISU 4500-O-G,,Actual,SW,Water,,,Lee,07080104,Lake,,40.712645,-91.435951
6,22560001,Poll Miller Park Lake,08/24/2014 14:32:00,AMBLAKE-ISU,DO-SAT,Dissolved oxygen saturation,Total,,118.54,%,True,,,,ISU 4500-O-G,,Actual,SW,Water,,,Lee,07080104,Lake,,40.712645,-91.435951
6,22560001,Poll Miller Park Lake,08/24/2014 14:32:00,AMBLAKE-ISU,DEPTH-BOTTOM,"Depth, bottom",Total,,8.2,m,True,,,,Unknown,,Actual,SW,Water,,,Lee,07080104,Lake,,40.712645,-91.435951
6,22560001,Poll Miller Park Lake,08/24/2014 14:32:00,AMBLAKE-ISU,DEPTH-SECCHI,"Depth, Secchi disk depth",Total,,3.21,m,True,,,,Unknown,,Actual,SW,Water,,,Lee,07080104,Lake,,40.712645,-91.435951
6,22560001,Poll Miller Park Lake,08/24/2014 14:32:00,AMBLAKE-ISU,DEPTH-THERMO,"Depth, thermocline",Total,,4,m,True,,,,Unknown,,Actual,SW,Water,,,Lee,07080104,Lake,,40.712645,-91.435951
6,22560001,Poll Miller Park Lake,08/24/2014 14:32:00,AMBLAKE-ISU,TVSS,Volatile Suspended Solids,NonFilt,,2.1,mg/l,True,2.40,,,160.4,ISULAKE,Actual,SW,Water,,,Lee,07080104,Lake,,40.712645,-91.435951
6,22560001,Poll Miller Park Lake,08/24/2014 14:32:00,AMBLAKE-ISU,CAL-CARB,Calcium carbonate (AS CACO3),Total,,119.6,mg/l,True,4.00,,,2320-B,ISULAKE,Actual,SW,Water,,,Lee,07080104,Lake,,40.712645,-91.435951
6,22560001,Poll Miller Park Lake,08/24/2014 14:32:00,AMBLAKE-ISU,TSS,Total suspended solids,NonFilt,,2.69,mg/l,True,2.10,,,2540-D,ISULAKE,Actual,SW,Water,,,Lee,07080104,Lake,,40.712645,-91.435951
6,22560001,Poll Miller Park Lake,08/24/2014 14:32:00,AMBLAKE-ISU,TFSS,Fixed suspended solids,NonFilt,,2.1,mg/l,False,2.10,,,2540-E,ISULAKE,Actual,SW,Water,,,Lee,07080104,Lake,,40.712645,-91.435951
6,22560001,Poll Miller Park Lake,08/24/2014 14:32:00,AMBLAKE-ISU,7664-41-7,Ammonia (AS N),Dissolved,,0.001176701,mg/l,True,0.00,,,350.1,ISULAKE,Calculated,SW,Water,,,Lee,07080104,Lake,,40.712645,-91.435951
6,22560001,Poll Miller Park Lake,08/24/2014 14:32:00,AMBLAKE-ISU,NIT-AMM,Ammonia-nitrogen (AS N),Dissolved,,0.01,mg/l,False,0.01,,,350.1,ISULAKE,Actual,SW,Water,,,Lee,07080104,Lake,,40.712645,-91.435951
6,22560001,Poll Miller Park Lake,08/24/2014 14:32:00,AMBLAKE-ISU,NIT-KJELD,Kjeldahl nitrogen (AS N),Total,,0.3166,mg/l,True,0.26,,,351.2,ISULAKE,Actual,SW,Water,,,Lee,07080104,Lake,,40.712645,-91.435951
6,22560001,Poll Miller Park Lake,08/24/2014 14:32:00,AMBLAKE-ISU,NIT-NO3-NO2,Inorganic nitrogen (nitrate and nitrite) (AS N),Dissolved,,0.06,mg/l,False,0.06,,,353.2,ISULAKE,Actual,SW,Water,,,Lee,07080104,Lake,,40.712645,-91.435951
6,22560001,Poll Miller Park Lake,08/24/2014 14:32:00,AMBLAKE-ISU,14265-44-2,Orthophosphate (AS P),Dissolved,,0.01,mg/l,False,0.01,,,365.1,ISULAKE,Actual,SW,Water,,,Lee,07080104,Lake,,40.712645,-91.435951
6,22560001,Poll Miller Park Lake,08/24/2014 14:32:00,AMBLAKE-ISU,PHOSP-PHOSP,Phosphate-phosphorus (AS P),Total,,0.0297,mg/l,True,0.01,,,365.1,ISULAKE,Actual,SW,Water,,,Lee,07080104,Lake,,40.712645,-91.435951
6,22560001,Poll Miller Park Lake,08/24/2014 14:32:00,AMBLAKE-ISU,479-61-8,Chlorophyll a,NonFilt,,4.45,ug/l,True,3.30,,,445,ISULAKE,Actual,SW,Water,,,Lee,07080104,Lake,,40.712645,-91.435951
6,22560001,Poll Miller Park Lake,08/24/2014 14:32:00,AMBLAKE-ISU,7440-44-0,Carbon,Dissolved,,4.97,mg/l,True,1.08,,,5310-B,ISULAKE,Actual,SW,Water,,,Lee,07080104,Lake,,40.712645,-91.435951
6,21560001,Pollmiller Park Beach,05/27/2004 11:30:00,BEACHCCO,68583-22-2,Escherichia coli,Total,,320,MPN/100ml,True,10,,,1603,BEA002,Actual,SW,Water,,,Lee,07080104,Lake,,40.71262,-91.437202
6,21560001,Pollmiller Park Beach,06/01/2004 10:30:00,BEACHCCO,68583-22-2,Escherichia coli,Total,,20,MPN/100ml,True,10,,,1603,BEA002,Actual,SW,Water,,,Lee,07080104,Lake,,40.71262,-91.437202
6,21560001,Pollmiller Park Beach,06/22/2004 10:00:00,BEACHCCO,68583-22-2,Escherichia coli,Total,,82,MPN/100ml,True,10,,,1603,BEA002,Actual,SW,Water,,,Lee,07080104,Lake,,40.71262,-91.437202
6,21560001,Pollmiller Park Beach,06/28/2004 10:30:00,BEACHCCO,68583-22-2,Escherichia coli,Total,,30,MPN/100ml,True,10,,,1603,BEA002,Actual,SW,Water,,,Lee,07080104,Lake,,40.71262,-91.437202
6,21560001,Pollmiller Park Beach,07/07/2004 09:15:00,BEACHCCO,68583-22-2,Escherichia coli,Total,,110,MPN/100ml,True,10,,,1603,BEA002,Actual,SW,Water,,,Lee,07080104,Lake,,40.71262,-91.437202
6,21560001,Pollmiller Park Beach,07/13/2004 08:00:00,BEACHCCO,68583-22-2,Escherichia coli,Total,,90,MPN/100ml,True,10,,,1603,BEA002,Actual,SW,Water,,,Lee,07080104,Lake,,40.71262,-91.437202
6,21560001,Pollmiller Park Beach,08/03/2004 10:00:00,BEACHCCO,68583-22-2,Escherichia coli,Total,,50,MPN/100ml,True,10,,,1603,BEA002,Actual,SW,Water,,,Lee,07080104,Lake,,40.71262,-91.437202
6,21560001,Pollmiller Park Beach,08/16/2004 08:00:00,BEACHCCO,68583-22-2,Escherichia coli,Total,,150,MPN/100ml,True,10,,,1603,BEA002,Actual,SW,Water,,,Lee,07080104,Lake,,40.71262,-91.437202
6,21560001,Pollmiller Park Beach,06/14/2005 00:00:00,BEACHCCO,68583-22-2,Escherichia coli,Total,,30,MPN/100ml,True,10,,,1603,BEA002,Actual,SW,Water,,,Lee,07080104,Lake,,40.71262,-91.437202
6,21560001,Pollmiller Park Beach,06/21/2005 08:30:00,BEACHCCO,68583-22-2,Escherichia coli,Total,,10,MPN/100ml,False,10,,,1603,BEA002,Actual,SW,Water,,,Lee,07080104,Lake,,40.71262,-91.437202
6,21560001,Pollmiller Park Beach,07/06/2005 13:15:00,BEACHCCO,68583-22-2,Escherichia coli,Total,,10,MPN/100ml,False,10,,,1603,BEA002,Actual,SW,Water,,,Lee,07080104,Lake,,40.71262,-91.437202
6,21560001,Pollmiller Park Beach,05/29/2007 13:00:00,BEACHCCO,68583-22-2,Escherichia coli,Total,,40,MPN/100ml,True,10,,,1603,BEA002,Actual,SW,Water,,,Lee,07080104,Lake,,40.71262,-91.437202
6,21560001,Pollmiller Park Beach,07/19/2005 08:35:00,BEACHCCO,68583-22-2,Escherichia coli,Total,,20,MPN/100ml,True,10,,,1603,BEA002,Actual,SW,Water,,,Lee,07080104,Lake,,40.71262,-91.437202
6,21560001,Pollmiller Park Beach,06/05/2007 08:00:00,BEACHCCO,68583-22-2,Escherichia coli,Total,,20,MPN/100ml,True,10,,,1603,BEA002,Actual,SW,Water,,,Lee,07080104,Lake,,40.71262,-91.437202
6,21560001,Pollmiller Park Beach,07/26/2005 09:20:00,BEACHCCO,68583-22-2,Escherichia coli,Total,,64,MPN/100ml,True,10,,,1603,BEA002,Actual,SW,Water,,,Lee,07080104,Lake,,40.71262,-91.437202
6,21560001,Pollmiller Park Beach,06/12/2007 08:00:00,BEACHCCO,68583-22-2,Escherichia coli,Total,,10,MPN/100ml,True,10,,,1603,BEA002,Actual,SW,Water,,,Lee,07080104,Lake,,40.71262,-91.437202
6,21560001,Pollmiller Park Beach,08/15/2005 14:10:00,BEACHCCO,68583-22-2,Escherichia coli,Total,,530,MPN/100ml,True,10,,,1603,BEA002,Actual,SW,Water,,,Lee,07080104,Lake,,40.71262,-91.437202
6,21560001,Pollmiller Park Beach,06/26/2007 08:00:00,BEACHCCO,68583-22-2,Escherichia coli,Total,,20,MPN/100ml,True,10,,,1603,BEA002,Actual,SW,Water,,,Lee,07080104,Lake,,40.71262,-91.437202
6,21560001,Pollmiller Park Beach,08/24/2005 09:30:00,BEACHCCO,68583-22-2,Escherichia coli,Total,,10,MPN/100ml,False,10,,,1603,BEA002,Actual,SW,Water,,,Lee,07080104,Lake,,40.71262,-91.437202
6,21560001,Pollmiller Park Beach,07/10/2007 10:15:00,BEACHCCO,68583-22-2,Escherichia coli,Total,,20,MPN/100ml,True,10,,,1603,BEA002,Actual,SW,Water,,,Lee,07080104,Lake,,40.71262,-91.437202
6,21560001,Pollmiller Park Beach,05/20/2008 10:48:00,BEACHCCO,68583-22-2,Escherichia coli,Total,,10,MPN/100ml,False,10,,,9223-B,BEA002,Actual,SW,Water,,,Lee,07080104,Lake,,40.71262,-91.437202
6,21560001,Pollmiller Park Beach,06/02/2008 10:30:00,BEACHCCO,68583-22-2,Escherichia coli,Total,,10,MPN/100ml,True,10,,,9223-B,BEA002,Actual,SW,Water,,,Lee,07080104,Lake,,40.71262,-91.437202
6,21560001,Pollmiller Park Beach,06/23/2008 09:35:00,BEACHCCO,68583-22-2,Escherichia coli,Total,,10,MPN/100ml,False,10,,,9223-B,BEA002,Actual,SW,Water,,,Lee,07080104,Lake,,40.71262,-91.437202
6,21560001,Pollmiller Park Beach,07/21/2008 06:50:00,BEACHCCO,68583-22-2,Escherichia coli,Total,,10,MPN/100ml,False,10,,,9223-B,BEA002,Actual,SW,Water,,,Lee,07080104,Lake,,40.71262,-91.437202
6,21560001,Pollmiller Park Beach,08/04/2008 07:20:00,BEACHCCO,68583-22-2,Escherichia coli,Total,,10,MPN/100ml,False,10,,,9223-B,BEA002,Actual,SW,Water,,,Lee,07080104,Lake,,40.71262,-91.437202
6,21560001,Pollmiller Park Beach,08/11/2008 07:45:00,BEACHCCO,68583-22-2,Escherichia coli,Total,,10,MPN/100ml,False,10,,,9223-B,BEA002,Actual,SW,Water,,,Lee,07080104,Lake,,40.71262,-91.437202
6,21560001,Pollmiller Park Beach,08/25/2008 07:10:00,BEACHCCO,68583-22-2,Escherichia coli,Total,,20,MPN/100ml,True,10,,,9223-B,BEA002,Actual,SW,Water,,,Lee,07080104,Lake,,40.71262,-91.437202
6,21560001,Pollmiller Park Beach,06/22/2009 06:45:00,BEACHCCO,68583-22-2,Escherichia coli,Total,,10,MPN/100ml,False,10,,,9223-B,BEA002,Actual,SW,Water,,,Lee,07080104,Lake,,40.71262,-91.437202
6,21560001,Pollmiller Park Beach,07/07/2009 01:45:00,BEACHCCO,68583-22-2,Escherichia coli,Total,,10,MPN/100ml,False,10,,,9223-B,BEA002,Actual,SW,Water,,,Lee,07080104,Lake,,40.71262,-91.437202
6,21560001,Pollmiller Park Beach,07/12/2009 08:00:00,BEACHCCO,68583-22-2,Escherichia coli,Total,,10,MPN/100ml,False,10,,,9223-B,BEA002,Actual,SW,Water,,,Lee,07080104,Lake,,40.71262,-91.437202
6,21560001,Pollmiller Park Beach,07/19/2009 06:45:00,BEACHCCO,68583-22-2,Escherichia coli,Total,,10,MPN/100ml,False,10,,,9223-B,BEA002,Actual,SW,Water,,,Lee,07080104,Lake,,40.71262,-91.437202
6,21560001,Pollmiller Park Beach,08/10/2009 06:45:00,BEACHCCO,68583-22-2,Escherichia coli,Total,,10,MPN/100ml,True,10,,,9223-B,BEA002,Actual,SW,Water,,,Lee,07080104,Lake,,40.71262,-91.437202
6,21560001,Pollmiller Park Beach,08/24/2009 08:55:00,BEACHCCO,68583-22-2,Escherichia coli,Total,,10,MPN/100ml,False,10,,,9223-B,BEA002,Actual,SW,Water,,,Lee,07080104,Lake,,40.71262,-91.437202
6,22560001,Poll Miller Park Lake,06/21/2005 09:40:00,AMBLAKE-SHL,7782-44-7,Dissolved oxygen (DO),Total,,8.2,mg/l,True,0.1,,,Unknown,,Actual,SW,Water,,,Lee,07080104,Lake,,40.712645,-91.435951
6,22560001,Poll Miller Park Lake,06/21/2005 09:40:00,AMBLAKE-SHL,DEPTH-BOTTOM,"Depth, bottom",Total,,8.8,m,True,,,,Unknown,,Actual,SW,Water,,,Lee,07080104,Lake,,40.712645,-91.435951
6,22560001,Poll Miller Park Lake,06/21/2005 09:40:00,AMBLAKE-SHL,DEPTH-SECCHI,"Depth, Secchi disk depth",Total,,3.7,m,True,0.01,,,Unknown,,Actual,SW,Water,,,Lee,07080104,Lake,,40.712645,-91.435951
6,22560001,Poll Miller Park Lake,06/21/2005 09:40:00,AMBLAKE-SHL,TEMP-WATER,"Temperature, water",Total,,26.6,deg C,True,0,,,Unknown,,Actual,SW,Water,,,Lee,07080104,Lake,,40.712645,-91.435951
6,22560001,Poll Miller Park Lake,06/21/2005 09:40:00,AMBLAKE-SHL,PH,pH,Total,,8.7,None,True,,,,4500-H,,Actual,SW,Water,,,Lee,07080104,Lake,,40.712645,-91.435951
6,22560001,Poll Miller Park Lake,06/21/2005 09:40:00,AMBLAKE-SHL,TDS,Total dissolved solids,Dissolved,,238,mg/l,True,,,,HYDROLAB,,Calculated,SW,Water,,,Lee,07080104,Lake,,40.712645,-91.435951
6,22560001,Poll Miller Park Lake,06/21/2005 09:40:00,AMBLAKE-SHL,SPEC-COND,Specific conductance,Total,,372,uS/cm,True,1,,,2510,UHLLAKE,Actual,SW,Water,,,Lee,07080104,Lake,,40.712645,-91.435951
6,22560001,Poll Miller Park Lake,06/21/2005 09:40:00,AMBLAKE-SHL,PHOSP-PHOSP,Phosphate-phosphorus (as P),Total,,0.05,mg/l,True,0.02,,,365.4,UHLLAKE,Actual,SW,Water,,,Lee,07080104,Lake,,40.712645,-91.435951
6,22560001,Poll Miller Park Lake,06/21/2005 09:40:00,AMBLAKE-SHL,ALK-TOT,"Alkalinity, total",Total,,140,mg/l CaCO3,True,1,,,2320,UHLLAKE,Actual,SW,Water,,,Lee,07080104,Lake,,40.712645,-91.435951
6,22560001,Poll Miller Park Lake,06/21/2005 09:40:00,AMBLAKE-SHL,CLR-A-FREE,"Chlorophyll a, free of pheophytin",NonFilt,,6,ug/l,True,1,,,445,UHLLAKE,Actual,SW,Water,,,Lee,07080104,Lake,,40.712645,-91.435951
6,22560001,Poll Miller Park Lake,06/21/2005 09:40:00,AMBLAKE-SHL,14265-44-2,Orthophosphate (as P),Dissolved,,0.02,mg/l,False,0.02,,,365.1,UHLLAKE,Actual,SW,Water,,,Lee,07080104,Lake,,40.712645,-91.435951
6,22560001,Poll Miller Park Lake,06/21/2005 09:40:00,AMBLAKE-SHL,NIT-AMM,Ammonia-nitrogen (as N),Total,,0.05,mg/l,False,0.05,,,350.1,UHLLAKE,Actual,SW,Water,,,Lee,07080104,Lake,,40.712645,-91.435951
6,22560001,Poll Miller Park Lake,06/21/2005 09:40:00,AMBLAKE-SHL,NIT-NO3-NO2,Inorganic nitrogen (nitrate and nitrite) (as N),Total,,0.05,mg/l,False,0.05,,,353.2,UHLLAKE,Actual,SW,Water,,,Lee,07080104,Lake,,40.712645,-91.435951
6,22560001,Poll Miller Park Lake,06/21/2005 09:40:00,AMBLAKE-SHL,TSS,Total suspended solids,NonFilt,,2,mg/l,True,1,,,I3765,UHLLAKE,Actual,SW,Water,,,Lee,07080104,Lake,,40.712645,-91.435951
6,22560001,Poll Miller Park Lake,06/21/2005 09:40:00,AMBLAKE-SHL,TURB,Turbidity,Total,,1,NTU,True,1,,,180.1,UHLLAKE,Actual,SW,Water,,,Lee,07080104,Lake,,40.712645,-91.435951
6,22560001,Poll Miller Park Lake,06/21/2005 09:40:00,AMBLAKE-SHL,TFSS,Fixed suspended solids,NonFilt,,1,mg/l,False,1,,,160.4,UHLLAKE,Calculated,SW,Water,,,Lee,07080104,Lake,,40.712645,-91.435951
6,22560001,Poll Miller Park Lake,06/21/2005 09:40:00,AMBLAKE-SHL,TVSS,Volatile Suspended Solids,NonFilt,,2,mg/l,True,1,,,160.4,UHLLAKE,Actual,SW,Water,,,Lee,07080104,Lake,,40.712645,-91.435951
6,22560001,Poll Miller Park Lake,06/21/2005 09:40:00,AMBLAKE-SHL,7440-44-0,Carbon,Total,,7,mg/l,True,0.5,,,415.1,UHLLAKE,Actual,SW,Water,,,Lee,07080104,Lake,,40.712645,-91.435951
6,22560001,Poll Miller Park Lake,06/21/2005 09:40:00,AMBLAKE-SHL,7664-41-7,Ammonia (as NH3),Total,,0.01,mg/l,False,0.01,,,APHA 8010F,UHLLAKE,Actual,SW,Water,,,Lee,07080104,Lake,,40.712645,-91.435951
6,22560001,Poll Miller Park Lake,08/10/2005 09:45:00,AMBLAKE-SHL,PHOSP-PHOSP,Phosphate-phosphorus (as P),Total,,0.06,mg/l,True,0.02,,,365.4,UHLLAKE,Actual,SW,Water,,,Lee,07080104,Lake,,40.712645,-91.435951
6,22560001,Poll Miller Park Lake,08/10/2005 09:45:00,AMBLAKE-SHL,NIT-KJELD,Kjeldahl nitrogen (AS N),Total,,0.53,mg/l,True,0.1,,,351.2,UHLLAKE,Actual,SW,Water,,,Lee,07080104,Lake,,40.712645,-91.435951
6,22560001,Poll Miller Park Lake,08/10/2005 09:45:00,AMBLAKE-SHL,NIT-KJELD,Kjeldahl nitrogen (AS N),Total,Sediment,3900,mg/kg,True,10,,,351.2,UHLLAKESED,Actual,WSED,Sediment,,,Lee,07080104,Lake,,40.712645,-91.435951
6,22560001,Poll Miller Park Lake,08/10/2005 09:45:00,AMBLAKE-SHL,7439-92-1,Lead,Total,Sediment,21,mg/kg,True,1,,,6020,UHLLAKESED,Actual,WSED,Sediment,,,Lee,07080104,Lake,,40.712645,-91.435951
6,22560001,Poll Miller Park Lake,08/10/2005 09:45:00,AMBLAKE-SHL,7440-02-0,Nickel,Total,Sediment,27,mg/kg,True,5,,,6020,UHLLAKESED,Actual,WSED,Sediment,,,Lee,07080104,Lake,,40.712645,-91.435951
6,22560001,Poll Miller Park Lake,08/10/2005 09:45:00,AMBLAKE-SHL,7440-22-4,Silver,Total,Sediment,1,mg/kg,False,1,,,6020,UHLLAKESED,Actual,WSED,Sediment,,,Lee,07080104,Lake,,40.712645,-91.435951
6,22560001,Poll Miller Park Lake,08/10/2005 09:45:00,AMBLAKE-SHL,7440-28-0,Thallium,Total,Sediment,0.1,mg/kg,True,0.1,,,6020,UHLLAKESED,Actual,WSED,Sediment,,,Lee,07080104,Lake,,40.712645,-91.435951
6,22560001,Poll Miller Park Lake,08/10/2005 09:45:00,AMBLAKE-SHL,7440-36-0,Antimony,Total,Sediment,0.5,mg/kg,False,0.5,,,6020,UHLLAKESED,Actual,WSED,Sediment,,,Lee,07080104,Lake,,40.712645,-91.435951
6,22560001,Poll Miller Park Lake,08/10/2005 09:45:00,AMBLAKE-SHL,7440-38-2,Arsenic,Total,Sediment,8.3,mg/kg,True,1,,,6020,UHLLAKESED,Actual,WSED,Sediment,,,Lee,07080104,Lake,,40.712645,-91.435951
6,22560001,Poll Miller Park Lake,08/10/2005 09:45:00,AMBLAKE-SHL,7440-41-7,Beryllium,Total,Sediment,2,mg/kg,False,2,,,6020,UHLLAKESED,Actual,WSED,Sediment,,,Lee,07080104,Lake,,40.712645,-91.435951
6,22560001,Poll Miller Park Lake,08/10/2005 09:45:00,AMBLAKE-SHL,7440-43-9,Cadmium,Total,Sediment,0.1,mg/kg,False,0.1,,,6020,UHLLAKESED,Actual,WSED,Sediment,,,Lee,07080104,Lake,,40.712645,-91.435951
6,22560001,Poll Miller Park Lake,08/10/2005 09:45:00,AMBLAKE-SHL,7440-47-3,Chromium,Total,Sediment,28,mg/kg,True,2,,,6020,UHLLAKESED,Actual,WSED,Sediment,,,Lee,07080104,Lake,,40.712645,-91.435951
6,22560001,Poll Miller Park Lake,08/10/2005 09:45:00,AMBLAKE-SHL,7440-50-8,Copper,Total,Sediment,35,mg/kg,True,1,,,6020,UHLLAKESED,Actual,WSED,Sediment,,,Lee,07080104,Lake,,40.712645,-91.435951
6,22560001,Poll Miller Park Lake,08/10/2005 09:45:00,AMBLAKE-SHL,7440-66-6,Zinc,Total,Sediment,93,mg/kg,True,2,,,6020,UHLLAKESED,Actual,WSED,Sediment,,,Lee,07080104,Lake,,40.712645,-91.435951
6,22560001,Poll Miller Park Lake,08/10/2005 09:45:00,AMBLAKE-SHL,7782-49-2,Selenium,Total,Sediment,1,mg/kg,False,1,,,6020,UHLLAKESED,Actual,WSED,Sediment,,,Lee,07080104,Lake,,40.712645,-91.435951
6,22560001,Poll Miller Park Lake,08/10/2005 09:45:00,AMBLAKE-SHL,1024-57-3,Heptachlor epoxide,Total,Sediment,0.01,mg/kg,False,0.01,,,8081A,UHLLAKESED,Actual,WSED,Sediment,,,Lee,07080104,Lake,,40.712645,-91.435951
6,22560001,Poll Miller Park Lake,08/10/2005 09:45:00,AMBLAKE-SHL,1031-07-8,Endosulfan sulfate,Total,Sediment,0.01,mg/kg,False,0.01,,,8081A,UHLLAKESED,Actual,WSED,Sediment,,,Lee,07080104,Lake,,40.712645,-91.435951
6,22560001,Poll Miller Park Lake,08/10/2005 09:45:00,AMBLAKE-SHL,309-00-2,Aldrin,Total,Sediment,0.02,mg/kg,False,0.02,,,8081A,UHLLAKESED,Actual,WSED,Sediment,,,Lee,07080104,Lake,,40.712645,-91.435951
6,22560001,Poll Miller Park Lake,08/10/2005 09:45:00,AMBLAKE-SHL,319-84-6,.alpha.-Hexachlorocyclohexane,Total,Sediment,0.02,mg/kg,False,0.02,,,8081A,UHLLAKESED,Actual,WSED,Sediment,,,Lee,07080104,Lake,,40.712645,-91.435951
6,22560001,Poll Miller Park Lake,08/10/2005 09:45:00,AMBLAKE-SHL,319-85-7,.beta.-Hexachlorocyclohexane,Total,Sediment,0.02,mg/kg,False,0.02,,,8081A,UHLLAKESED,Actual,WSED,Sediment,,,Lee,07080104,Lake,,40.712645,-91.435951
6,22560001,Poll Miller Park Lake,08/10/2005 09:45:00,AMBLAKE-SHL,319-86-8,.delta.-Hexachlorocyclohexane,Total,Sediment,0.02,mg/kg,False,0.02,,,8081A,UHLLAKESED,Actual,WSED,Sediment,,,Lee,07080104,Lake,,40.712645,-91.435951
6,22560001,Poll Miller Park Lake,08/10/2005 09:45:00,AMBLAKE-SHL,33213-65-9,.beta.-Endosulfan,Total,Sediment,0.01,mg/kg,False,0.01,,,8081A,UHLLAKESED,Actual,WSED,Sediment,,,Lee,07080104,Lake,,40.712645,-91.435951
6,22560001,Poll Miller Park Lake,08/10/2005 09:45:00,AMBLAKE-SHL,50-29-3,"p,p'-DDT",Total,Sediment,0.02,mg/kg,False,0.02,,,8081A,UHLLAKESED,Actual,WSED,Sediment,,,Lee,07080104,Lake,,40.712645,-91.435951
6,22560001,Poll Miller Park Lake,08/10/2005 09:45:00,AMBLAKE-SHL,53494-70-5,Endrin ketone,Total,Sediment,0.02,mg/kg,False,0.02,,,8081A,UHLLAKESED,Actual,WSED,Sediment,,,Lee,07080104,Lake,,40.712645,-91.435951
6,22560001,Poll Miller Park Lake,08/10/2005 09:45:00,AMBLAKE-SHL,57-74-9,Chlordane,Total,Sediment,0.05,mg/kg,False,0.05,,,8081A,UHLLAKESED,Actual,WSED,Sediment,,,Lee,07080104,Lake,,40.712645,-91.435951
6,22560001,Poll Miller Park Lake,08/10/2005 09:45:00,AMBLAKE-SHL,58-89-9,Lindane,Total,Sediment,0.02,mg/kg,False,0.02,,,8081A,UHLLAKESED,Actual,WSED,Sediment,,,Lee,07080104,Lake,,40.712645,-91.435951
6,22560001,Poll Miller Park Lake,08/10/2005 09:45:00,AMBLAKE-SHL,60-57-1,Dieldrin,Total,Sediment,0.01,mg/kg,False,0.01,,,8081A,UHLLAKESED,Actual,WSED,Sediment,,,Lee,07080104,Lake,,40.712645,-91.435951
6,22560001,Poll Miller Park Lake,08/10/2005 09:45:00,AMBLAKE-SHL,72-20-8,Endrin,Total,Sediment,0.01,mg/kg,False,0.01,,,8081A,UHLLAKESED,Actual,WSED,Sediment,,,Lee,07080104,Lake,,40.712645,-91.435951
6,22560001,Poll Miller Park Lake,08/10/2005 09:45:00,AMBLAKE-SHL,72-43-5,Methoxychlor,Total,Sediment,0.01,mg/kg,False,0.01,,,8081A,UHLLAKESED,Actual,WSED,Sediment,,,Lee,07080104,Lake,,40.712645,-91.435951
6,22560001,Poll Miller Park Lake,08/10/2005 09:45:00,AMBLAKE-SHL,72-54-8,"p,p'-DDD",Total,Sediment,0.02,mg/kg,False,0.02,,,8081A,UHLLAKESED,Actual,WSED,Sediment,,,Lee,07080104,Lake,,40.712645,-91.435951
6,22560001,Poll Miller Park Lake,08/10/2005 09:45:00,AMBLAKE-SHL,72-55-9,"p,p'-DDE",Total,Sediment,0.01,mg/kg,False,0.01,,,8081A,UHLLAKESED,Actual,WSED,Sediment,,,Lee,07080104,Lake,,40.712645,-91.435951
6,22560001,Poll Miller Park Lake,08/10/2005 09:45:00,AMBLAKE-SHL,7421-93-4,Endrin aldehyde,Total,Sediment,0.01,mg/kg,False,0.01,,,8081A,UHLLAKESED,Actual,WSED,Sediment,,,Lee,07080104,Lake,,40.712645,-91.435951
6,22560001,Poll Miller Park Lake,08/10/2005 09:45:00,AMBLAKE-SHL,76-44-8,Heptachlor,Total,Sediment,0.01,mg/kg,False,0.01,,,8081A,UHLLAKESED,Actual,WSED,Sediment,,,Lee,07080104,Lake,,40.712645,-91.435951
6,22560001,Poll Miller Park Lake,08/10/2005 09:45:00,AMBLAKE-SHL,8001-35-2,Toxaphene,Total,Sediment,0.1,mg/kg,False,0.1,,,8081A,UHLLAKESED,Actual,WSED,Sediment,,,Lee,07080104,Lake,,40.712645,-91.435951
6,22560001,Poll Miller Park Lake,08/10/2005 09:45:00,AMBLAKE-SHL,959-98-8,.alpha.-Endosulfan,Total,Sediment,0.01,mg/kg,False,0.01,,,8081A,UHLLAKESED,Actual,WSED,Sediment,,,Lee,07080104,Lake,,40.712645,-91.435951
6,22560001,Poll Miller Park Lake,08/10/2005 09:45:00,AMBLAKE-SHL,11096-82-5,Aroclor 1260,Total,Sediment,0.05,mg/kg,False,0.05,,,8082(S),UHLLAKESED,Actual,WSED,Sediment,,,Lee,07080104,Lake,,40.712645,-91.435951
6,22560001,Poll Miller Park Lake,08/10/2005 09:45:00,AMBLAKE-SHL,11097-69-1,Aroclor 1254,Total,Sediment,0.05,mg/kg,False,0.05,,,8082(S),UHLLAKESED,Actual,WSED,Sediment,,,Lee,07080104,Lake,,40.712645,-91.435951
6,22560001,Poll Miller Park Lake,08/10/2005 09:45:00,AMBLAKE-SHL,11104-28-2,Aroclor 1221,Total,Sediment,0.05,mg/kg,False,0.05,,,8082(S),UHLLAKESED,Actual,WSED,Sediment,,,Lee,07080104,Lake,,40.712645,-91.435951
6,22560001,Poll Miller Park Lake,08/10/2005 09:45:00,AMBLAKE-SHL,11141-16-5,Aroclor 1232,Total,Sediment,0.05,mg/kg,False,0.05,,,8082(S),UHLLAKESED,Actual,WSED,Sediment,,,Lee,07080104,Lake,,40.712645,-91.435951
6,22560001,Poll Miller Park Lake,08/10/2005 09:45:00,AMBLAKE-SHL,12672-29-6,Aroclor 1248,Total,Sediment,0.05,mg/kg,False,0.05,,,8082(S),UHLLAKESED,Actual,WSED,Sediment,,,Lee,07080104,Lake,,40.712645,-91.435951
6,22560001,Poll Miller Park Lake,08/10/2005 09:45:00,AMBLAKE-SHL,12674-11-2,Aroclor 1016,Total,Sediment,0.05,mg/kg,False,0.05,,,8082(S),UHLLAKESED,Actual,WSED,Sediment,,,Lee,07080104,Lake,,40.712645,-91.435951
6,22560001,Poll Miller Park Lake,08/10/2005 09:45:00,AMBLAKE-SHL,53469-21-9,Aroclor 1242,Total,Sediment,0.05,mg/kg,False,0.05,,,8082(S),UHLLAKESED,Actual,WSED,Sediment,,,Lee,07080104,Lake,,40.712645,-91.435951
6,22560001,Poll Miller Park Lake,08/10/2005 09:45:00,AMBLAKE-SHL,7439-97-6,Mercury,Total,Sediment,1,mg/kg,False,1,,,EPA 7471A-UHL,UHLLAKESED,Actual,WSED,Sediment,,,Lee,07080104,Lake,,40.712645,-91.435951
6,22560001,Poll Miller Park Lake,08/10/2005 09:45:00,AMBLAKE-SHL,NIT-NO3-NO2,Inorganic nitrogen (nitrate and nitrite) (as N),Total,Sediment,10,mg/kg,False,10,,,353.2,UHLLAKESED,Actual,WSED,Sediment,,,Lee,07080104,Lake,,40.712645,-91.435951
6,22560001,Poll Miller Park Lake,10/04/2005 09:20:00,AMBLAKE-SHL,PHOSP-PHOSP,Phosphate-phosphorus (as P),Total,,0.04,mg/l,True,0.02,,,365.4,UHLLAKE,Actual,SW,Water,,,Lee,07080104,Lake,,40.712645,-91.435951
6,22560001,Poll Miller Park Lake,10/04/2005 09:20:00,AMBLAKE-SHL,ALK-TOT,"Alkalinity, total",Total,,130,mg/l CaCO3,True,1,,,2320,UHLLAKE,Actual,SW,Water,,,Lee,07080104,Lake,,40.712645,-91.435951
6,22560001,Poll Miller Park Lake,10/04/2005 09:20:00,AMBLAKE-SHL,14265-44-2,Orthophosphate (as P),Dissolved,,0.02,mg/l,False,0.02,,,365.1,UHLLAKE,Actual,SW,Water,,,Lee,07080104,Lake,,40.712645,-91.435951
6,22560001,Poll Miller Park Lake,10/04/2005 09:20:00,AMBLAKE-SHL,7440-44-0,Carbon,Total,,7.1,mg/l,True,0.5,,,415.1,UHLLAKE,Actual,SW,Water,,,Lee,07080104,Lake,,40.712645,-91.435951
6,22560001,Poll Miller Park Lake,10/04/2005 09:20:00,AMBLAKE-SHL,7631-86-9,Silica,Dissolved,,3.5,mg/l,True,1,,,370.1,UHLLAKE,Actual,SW,Water,,,Lee,07080104,Lake,,40.712645,-91.435951
6,22560001,Poll Miller Park Lake,10/04/2005 09:20:00,AMBLAKE-SHL,SPEC-COND,Specific conductance,Total,,353,uS/cm,True,1,,,2510,UHLLAKE,Actual,SW,Water,,,Lee,07080104,Lake,,40.712645,-91.435951
6,22560001,Poll Miller Park Lake,10/04/2005 09:20:00,AMBLAKE-SHL,7664-41-7,Ammonia (as NH3),Total,,0.01,mg/l,False,0.01,,,APHA 8010F,UHLLAKE,Actual,SW,Water,,,Lee,07080104,Lake,,40.712645,-91.435951
6,22560001,Poll Miller Park Lake,10/04/2005 09:20:00,AMBLAKE-SHL,NIT-KJELD,Kjeldahl nitrogen (AS N),Total,,0.6,mg/l,True,0.1,,,351.2,UHLLAKE,Actual,SW,Water,,,Lee,07080104,Lake,,40.712645,-91.435951
6,22560001,Poll Miller Park Lake,10/04/2005 09:20:00,AMBLAKE-SHL,NIT-NO3-NO2,Inorganic nitrogen (nitrate and nitrite) (as N),Total,,0.05,mg/l,False,0.05,,,353.2,UHLLAKE,Actual,SW,Water,,,Lee,07080104,Lake,,40.712645,-91.435951
6,22560001,Poll Miller Park Lake,10/04/2005 09:20:00,AMBLAKE-SHL,TURB,Turbidity,Total,,5,NTU,True,1,,,180.1,UHLLAKE,Actual,SW,Water,,,Lee,07080104,Lake,,40.712645,-91.435951
6,22560001,Poll Miller Park Lake,10/04/2005 09:20:00,AMBLAKE-SHL,CLR-A-FREE,"Chlorophyll a, free of pheophytin",NonFilt,,20,ug/l,True,1,,,445,UHLLAKE,Actual,SW,Water,,,Lee,07080104,Lake,,40.712645,-91.435951
6,22560001,Poll Miller Park Lake,10/04/2005 09:20:00,AMBLAKE-SHL,TSS,Total suspended solids,NonFilt,,4,mg/l,True,1,,,I3765,UHLLAKE,Actual,SW,Water,,,Lee,07080104,Lake,,40.712645,-91.435951
6,22560001,Poll Miller Park Lake,05/31/2006 10:00:00,AMBLAKE-SHL,ALK-TOT,"Alkalinity, total",Total,,140,mg/l CaCO3,True,1,,,2320,UHLLAKE,Actual,SW,Water,,,Lee,07080104,Lake,,40.712645,-91.435951
6,22560001,Poll Miller Park Lake,08/14/2006 10:15:00,AMBLAKE-SHL,PH,pH,Total,,8.7,None,True,,,,4500-H,,Actual,SW,Water,,,Lee,07080104,Lake,,40.712645,-91.435951
6,22560001,Poll Miller Park Lake,08/14/2006 10:15:00,AMBLAKE-SHL,7782-44-7,Dissolved oxygen (DO),Total,,9.5,mg/l,True,0.1,,,Unknown,,Actual,SW,Water,,,Lee,07080104,Lake,,40.712645,-91.435951
6,22560001,Poll Miller Park Lake,08/14/2006 10:15:00,AMBLAKE-SHL,DEPTH-BOTTOM,"Depth, bottom",Total,,7.4,m,True,,,,Unknown,,Actual,SW,Water,,,Lee,07080104,Lake,,40.712645,-91.435951
6,22560001,Poll Miller Park Lake,08/14/2006 10:15:00,AMBLAKE-SHL,DEPTH-SECCHI,"Depth, Secchi disk depth",Total,,0.6,m,True,0.01,,,Unknown,,Actual,SW,Water,,,Lee,07080104,Lake,,40.712645,-91.435951
6,22560001,Poll Miller Park Lake,08/14/2006 10:15:00,AMBLAKE-SHL,TEMP-WATER,"Temperature, water",Total,,26.2,deg C,True,0,,,Unknown,,Actual,SW,Water,,,Lee,07080104,Lake,,40.712645,-91.435951
6,22560001,Poll Miller Park Lake,08/14/2006 10:15:00,AMBLAKE-SHL,TDS,Total dissolved solids,Dissolved,,219,mg/l,True,,,,HYDROLAB,,Calculated,SW,Water,,,Lee,07080104,Lake,,40.712645,-91.435951
6,22560001,Poll Miller Park Lake,08/14/2006 10:15:00,AMBLAKE-SHL,NIT-AMM,Ammonia-nitrogen (as N),Total,,0.05,mg/l,False,0.05,,,350.1,UHLLAKE,Actual,SW,Water,,,Lee,07080104,Lake,,40.712645,-91.435951
6,22560001,Poll Miller Park Lake,08/14/2006 10:15:00,AMBLAKE-SHL,14265-44-2,Orthophosphate (as P),Dissolved,,0.02,mg/l,False,0.02,,,365.1,UHLLAKE,Actual,SW,Water,,,Lee,07080104,Lake,,40.712645,-91.435951
6,22560001,Poll Miller Park Lake,08/14/2006 10:15:00,AMBLAKE-SHL,ALK-TOT,"Alkalinity, total",Total,,120,mg/l CaCO3,True,1,,,2320,UHLLAKE,Actual,SW,Water,,,Lee,07080104,Lake,,40.712645,-91.435951
6,22560001,Poll Miller Park Lake,08/14/2006 10:15:00,AMBLAKE-SHL,NIT-NO3-NO2,Inorganic nitrogen (nitrate and nitrite) (as N),Total,,0.05,mg/l,False,0.05,,,353.2,UHLLAKE,Actual,SW,Water,,,Lee,07080104,Lake,,40.712645,-91.435951
6,22560001,Poll Miller Park Lake,08/14/2006 10:15:00,AMBLAKE-SHL,TSS,Total suspended solids,NonFilt,,10,mg/l,True,1,,,I3765,UHLLAKE,Actual,SW,Water,,,Lee,07080104,Lake,,40.712645,-91.435951
6,22560001,Poll Miller Park Lake,08/14/2006 10:15:00,AMBLAKE-SHL,PHOSP-PHOSP,Phosphate-phosphorus (as P),Total,,0.08,mg/l,True,0.02,,,365.4,UHLLAKE,Actual,SW,Water,,,Lee,07080104,Lake,,40.712645,-91.435951
6,22560001,Poll Miller Park Lake,08/14/2006 10:15:00,AMBLAKE-SHL,TFSS,Fixed suspended solids,NonFilt,,3,mg/l,True,1,,,160.4,UHLLAKE,Calculated,SW,Water,,,Lee,07080104,Lake,,40.712645,-91.435951
6,22560001,Poll Miller Park Lake,08/14/2006 10:15:00,AMBLAKE-SHL,TVSS,Volatile Suspended Solids,NonFilt,,8,mg/l,True,1,,,160.4,UHLLAKE,Actual,SW,Water,,,Lee,07080104,Lake,,40.712645,-91.435951
6,22560001,Poll Miller Park Lake,08/14/2006 10:15:00,AMBLAKE-SHL,7440-44-0,Carbon,Total,,10,mg/l,True,0.5,,,415.1,UHLLAKE,Actual,SW,Water,,,Lee,07080104,Lake,,40.712645,-91.435951
6,22560001,Poll Miller Park Lake,08/14/2006 10:15:00,AMBLAKE-SHL,7664-41-7,Ammonia (as NH3),Total,,0.01,mg/l,False,0.01,,,APHA 8010F,UHLLAKE,Actual,SW,Water,,,Lee,07080104,Lake,,40.712645,-91.435951
6,22560001,Poll Miller Park Lake,09/20/2006 10:00:00,AMBLAKE-SHL,PH,pH,Total,,7.4,None,True,,,,4500-H,,Actual,SW,Water,,,Lee,07080104,Lake,,40.712645,-91.435951
6,22560001,Poll Miller Park Lake,09/20/2006 10:00:00,AMBLAKE-SHL,7782-44-7,Dissolved oxygen (DO),Total,,5.8,mg/l,True,0.1,,,Unknown,,Actual,SW,Water,,,Lee,07080104,Lake,,40.712645,-91.435951
6,22560001,Poll Miller Park Lake,09/20/2006 10:00:00,AMBLAKE-SHL,DEPTH-BOTTOM,"Depth, bottom",Total,,8,m,True,,,,Unknown,,Actual,SW,Water,,,Lee,07080104,Lake,,40.712645,-91.435951
6,22560001,Poll Miller Park Lake,09/20/2006 10:00:00,AMBLAKE-SHL,DEPTH-SECCHI,"Depth, Secchi disk depth",Total,,1.4,m,True,0.01,,,Unknown,,Actual,SW,Water,,,Lee,07080104,Lake,,40.712645,-91.435951
6,22560001,Poll Miller Park Lake,09/20/2006 10:00:00,AMBLAKE-SHL,TEMP-WATER,"Temperature, water",Total,,18.8,deg C,True,0,,,Unknown,,Actual,SW,Water,,,Lee,07080104,Lake,,40.712645,-91.435951
6,22560001,Poll Miller Park Lake,09/20/2006 10:00:00,AMBLAKE-SHL,TDS,Total dissolved solids,Dissolved,,243,mg/l,True,,,,HYDROLAB,,Calculated,SW,Water,,,Lee,07080104,Lake,,40.712645,-91.435951
6,22560001,Poll Miller Park Lake,09/20/2006 10:00:00,AMBLAKE-SHL,14265-44-2,Orthophosphate (as P),Dissolved,,0.02,mg/l,False,0.02,,,365.1,UHLLAKE,Actual,SW,Water,,,Lee,07080104,Lake,,40.712645,-91.435951
6,22560001,Poll Miller Park Lake,09/20/2006 10:00:00,AMBLAKE-SHL,SPEC-COND,Specific conductance,Total,,380,uS/cm,True,1,,,2510,UHLLAKE,Actual,SW,Water,,,Lee,07080104,Lake,,40.712645,-91.435951
6,22560001,Poll Miller Park Lake,09/20/2006 10:00:00,AMBLAKE-SHL,7440-44-0,Carbon,Total,,7.4,mg/l,True,0.5,,,415.1,UHLLAKE,Actual,SW,Water,,,Lee,07080104,Lake,,40.712645,-91.435951
6,22560001,Poll Miller Park Lake,09/20/2006 10:00:00,AMBLAKE-SHL,NIT-KJELD,Kjeldahl nitrogen (AS N),Total,,1,mg/l,True,0.1,,,351.2,UHLLAKE,Actual,SW,Water,,,Lee,07080104,Lake,,40.712645,-91.435951
6,22560001,Poll Miller Park Lake,09/20/2006 10:00:00,AMBLAKE-SHL,ALK-TOT,"Alkalinity, total",Total,,130,mg/l CaCO3,True,1,,,2320,UHLLAKE,Actual,SW,Water,,,Lee,07080104,Lake,,40.712645,-91.435951
6,22560001,Poll Miller Park Lake,09/20/2006 10:00:00,AMBLAKE-SHL,TFSS,Fixed suspended solids,NonFilt,,4,mg/l,True,1,,,160.4,UHLLAKE,Calculated,SW,Water,,,Lee,07080104,Lake,,40.712645,-91.435951
6,22560001,Poll Miller Park Lake,09/20/2006 10:00:00,AMBLAKE-SHL,TVSS,Volatile Suspended Solids,NonFilt,,2,mg/l,True,1,,,160.4,UHLLAKE,Actual,SW,Water,,,Lee,07080104,Lake,,40.712645,-91.435951
6,22560001,Poll Miller Park Lake,09/20/2006 10:00:00,AMBLAKE-SHL,TSS,Total suspended solids,NonFilt,,6,mg/l,True,1,,,I3765,UHLLAKE,Actual,SW,Water,,,Lee,07080104,Lake,,40.712645,-91.435951
6,22560001,Poll Miller Park Lake,09/20/2006 10:00:00,AMBLAKE-SHL,NIT-AMM,Ammonia-nitrogen (as N),Total,,0.32,mg/l,True,0.05,,,350.1,UHLLAKE,Actual,SW,Water,,,Lee,07080104,Lake,,40.712645,-91.435951
6,22560001,Poll Miller Park Lake,09/20/2006 10:00:00,AMBLAKE-SHL,NIT-NO3-NO2,Inorganic nitrogen (nitrate and nitrite) (as N),Total,,0.05,mg/l,False,0.05,,,353.2,UHLLAKE,Actual,SW,Water,,,Lee,07080104,Lake,,40.712645,-91.435951
6,22560001,Poll Miller Park Lake,09/20/2006 10:00:00,AMBLAKE-SHL,TURB,Turbidity,Total,,10,NTU,True,1,,,180.1,UHLLAKE,Actual,SW,Water,,,Lee,07080104,Lake,,40.712645,-91.435951
6,22560001,Poll Miller Park Lake,09/20/2006 10:00:00,AMBLAKE-SHL,7631-86-9,Silica,Dissolved,,4.2,mg/l,True,1,,,370.1,UHLLAKE,Actual,SW,Water,,,Lee,07080104,Lake,,40.712645,-91.435951
6,22560001,Poll Miller Park Lake,07/06/2006 10:20:00,AMBLAKE-SHL,7782-44-7,Dissolved oxygen (DO),Total,,7.4,mg/l,True,0.1,,,Unknown,,Actual,SW,Water,,,Lee,07080104,Lake,,40.712645,-91.435951
6,22560001,Poll Miller Park Lake,07/06/2006 10:20:00,AMBLAKE-SHL,DEPTH-BOTTOM,"Depth, bottom",Total,,8.2,m,True,,,,Unknown,,Actual,SW,Water,,,Lee,07080104,Lake,,40.712645,-91.435951
6,22560001,Poll Miller Park Lake,07/06/2006 10:20:00,AMBLAKE-SHL,DEPTH-SECCHI,"Depth, Secchi disk depth",Total,,1.5,m,True,0.01,,,Unknown,,Actual,SW,Water,,,Lee,07080104,Lake,,40.712645,-91.435951
6,22560001,Poll Miller Park Lake,07/06/2006 10:20:00,AMBLAKE-SHL,TEMP-WATER,"Temperature, water",Total,,27,deg C,True,0,,,Unknown,,Actual,SW,Water,,,Lee,07080104,Lake,,40.712645,-91.435951
6,22560001,Poll Miller Park Lake,07/06/2006 10:20:00,AMBLAKE-SHL,PH,pH,Total,,8.5,None,True,,,,4500-H,,Actual,SW,Water,,,Lee,07080104,Lake,,40.712645,-91.435951
6,22560001,Poll Miller Park Lake,07/06/2006 10:20:00,AMBLAKE-SHL,TDS,Total dissolved solids,Dissolved,,246,mg/l,True,,,,HYDROLAB,,Calculated,SW,Water,,,Lee,07080104,Lake,,40.712645,-91.435951
6,22560001,Poll Miller Park Lake,07/06/2006 10:20:00,AMBLAKE-SHL,TSS,Total suspended solids,NonFilt,,4,mg/l,True,1,,,I3765,UHLLAKE,Actual,SW,Water,,,Lee,07080104,Lake,,40.712645,-91.435951
6,22560001,Poll Miller Park Lake,07/06/2006 10:20:00,AMBLAKE-SHL,NIT-NO3-NO2,Inorganic nitrogen (nitrate and nitrite) (as N),Total,,0.05,mg/l,False,0.05,,,353.2,UHLLAKE,Actual,SW,Water,,,Lee,07080104,Lake,,40.712645,-91.435951
6,22560001,Poll Miller Park Lake,05/07/2007 13:15:00,AMBLAKE-SHL,TSS,Total suspended solids,NonFilt,,6,mg/l,True,1,,,I3765,UHLLAKE,Actual,SW,Water,,,Lee,07080104,Lake,,40.712645,-91.435951
6,22560001,Poll Miller Park Lake,05/07/2007 13:15:00,AMBLAKE-SHL,SPEC-COND,Specific conductance,Total,,356,uS/cm,True,1,,,2510,UHLLAKE,Actual,SW,Water,,,Lee,07080104,Lake,,40.712645,-91.435951
6,22560001,Poll Miller Park Lake,05/07/2007 13:15:00,AMBLAKE-SHL,7440-44-0,Carbon,Total,,8.3,mg/l,True,0.5,,,5310-B,UHLLAKE,Actual,SW,Water,,,Lee,07080104,Lake,,40.712645,-91.435951
6,22560001,Poll Miller Park Lake,05/07/2007 13:15:00,AMBLAKE-SHL,14265-44-2,Orthophosphate (as P),Dissolved,,0.02,mg/l,False,0.02,,,365.1,UHLLAKE,Actual,SW,Water,,,Lee,07080104,Lake,,40.712645,-91.435951
6,22560001,Poll Miller Park Lake,07/23/2007 09:35:00,AMBLAKE-SHL,TSS,Total suspended solids,NonFilt,,3,mg/l,True,1,,,I3765,UHLLAKE,Actual,SW,Water,,,Lee,07080104,Lake,,40.712645,-91.435951
6,22560001,Poll Miller Park Lake,07/23/2007 09:35:00,AMBLAKE-SHL,PHOSP-PHOSP,Phosphate-phosphorus (as P),Total,,0.04,mg/l,True,0.02,,,365.4,UHLLAKE,Actual,SW,Water,,,Lee,07080104,Lake,,40.712645,-91.435951
6,22560001,Poll Miller Park Lake,07/23/2007 09:35:00,AMBLAKE-SHL,NIT-NO3-NO2,Inorganic nitrogen (nitrate and nitrite) (as N),Total,,0.05,mg/l,False,0.05,,,353.2,UHLLAKE,Actual,SW,Water,,,Lee,07080104,Lake,,40.712645,-91.435951
6,22560001,Poll Miller Park Lake,07/23/2007 09:35:00,AMBLAKE-SHL,NIT-KJELD,Kjeldahl nitrogen (AS N),Total,,0.5,mg/l,True,0.1,,,351.2,UHLLAKE,Actual,SW,Water,,,Lee,07080104,Lake,,40.712645,-91.435951
6,22560001,Poll Miller Park Lake,07/23/2007 09:35:00,AMBLAKE-SHL,7440-44-0,Carbon,Total,,8,mg/l,True,0.5,,,5310-B,UHLLAKE,Actual,SW,Water,,,Lee,07080104,Lake,,40.712645,-91.435951
6,22560001,Poll Miller Park Lake,07/23/2007 09:35:00,AMBLAKE-SHL,ALK-TOT,"Alkalinity, total",Total,,130,mg/l CaCO3,True,1,,,2320,UHLLAKE,Actual,SW,Water,,,Lee,07080104,Lake,,40.712645,-91.435951
6,22560001,Poll Miller Park Lake,07/23/2007 09:35:00,AMBLAKE-SHL,SPEC-COND,Specific conductance,Total,,347,uS/cm,True,1,,,2510,UHLLAKE,Actual,SW,Water,,,Lee,07080104,Lake,,40.712645,-91.435951
6,22560001,Poll Miller Park Lake,07/23/2007 09:35:00,AMBLAKE-SHL,TFSS,Fixed suspended solids,NonFilt,,1,mg/l,False,1,,,160.4,UHLLAKE,Calculated,SW,Water,,,Lee,07080104,Lake,,40.712645,-91.435951
6,22560001,Poll Miller Park Lake,07/23/2007 09:35:00,AMBLAKE-SHL,TVSS,Volatile Suspended Solids,NonFilt,,2,mg/l,True,1,,,160.4,UHLLAKE,Actual,SW,Water,,,Lee,07080104,Lake,,40.712645,-91.435951
6,22560001,Poll Miller Park Lake,07/23/2007 09:35:00,AMBLAKE-SHL,NIT-AMM,Ammonia-nitrogen (as N),Total,,0.05,mg/l,False,0.05,,,350.1,UHLLAKE,Actual,SW,Water,,,Lee,07080104,Lake,,40.712645,-91.435951
6,22560001,Poll Miller Park Lake,07/23/2007 09:35:00,AMBLAKE-SHL,7664-41-7,Ammonia (as NH3),Total,,0.01,mg/l,False,0.01,,,APHA 8010F,UHLLAKE,Actual,SW,Water,,,Lee,07080104,Lake,,40.712645,-91.435951
6,22560001,Poll Miller Park Lake,07/23/2007 09:35:00,AMBLAKE-SHL,CLR-A-FREE,"Chlorophyll a, free of pheophytin",NonFilt,,5,ug/l,True,1,,,445,UHLLAKE,Actual,SW,Water,,,Lee,07080104,Lake,,40.712645,-91.435951
6,22560001,Poll Miller Park Lake,07/23/2007 09:35:00,AMBLAKE-SHL,14265-44-2,Orthophosphate (as P),Dissolved,,0.02,mg/l,False,0.02,,,365.1,UHLLAKE,Actual,SW,Water,,,Lee,07080104,Lake,,40.712645,-91.435951
6,22560001,Poll Miller Park Lake,07/23/2007 09:35:00,AMBLAKE-SHL,7631-86-9,Silica,Dissolved,,2.2,mg/l,True,1,,,4500-SI(D),UHLLAKE,Actual,SW,Water,,,Lee,07080104,Lake,,40.712645,-91.435951
6,22560001,Poll Miller Park Lake,07/23/2007 09:35:00,AMBLAKE-SHL,TURB,Turbidity,Total,,8,NTU,True,1,,,180.1,UHLLAKE,Actual,SW,Water,,,Lee,07080104,Lake,,40.712645,-91.435951
6,22560001,Poll Miller Park Lake,05/14/2008 09:15:00,AMBLAKE-SHL,7782-44-7,Dissolved oxygen (DO),Total,,12,mg/l,True,,,,4500-O-G,,Actual,SW,Water,,,Lee,07080104,Lake,,40.712645,-91.435951
6,22560001,Poll Miller Park Lake,05/14/2008 09:15:00,AMBLAKE-SHL,DEPTH-BOTTOM,"Depth, bottom",Total,,7.8,m,True,,,,Unknown,,Actual,SW,Water,,,Lee,07080104,Lake,,40.712645,-91.435951
6,22560001,Poll Miller Park Lake,05/14/2008 09:15:00,AMBLAKE-SHL,DEPTH-SECCHI,"Depth, Secchi disk depth",Total,,1.2,m,True,,,,Unknown,,Actual,SW,Water,,,Lee,07080104,Lake,,40.712645,-91.435951
6,22560001,Poll Miller Park Lake,05/14/2008 09:15:00,AMBLAKE-SHL,TEMP-WATER,"Temperature, water",Total,,16.1,deg C,True,,,,Unknown,,Actual,SW,Water,,,Lee,07080104,Lake,,40.712645,-91.435951
6,22560001,Poll Miller Park Lake,05/14/2008 09:15:00,AMBLAKE-SHL,PH,pH,Total,,8.8,None,True,,,,4500-H,,Actual,SW,Water,,,Lee,07080104,Lake,,40.712645,-91.435951
6,22560001,Poll Miller Park Lake,05/14/2008 09:15:00,AMBLAKE-SHL,NIT-KJELD,Kjeldahl nitrogen (AS N),Total,,0.8,mg/l,True,0.1,,,351.2,UHLLAKE,Actual,SW,Water,,,Lee,07080104,Lake,,40.712645,-91.435951
6,22560001,Poll Miller Park Lake,05/14/2008 09:15:00,AMBLAKE-SHL,PHOSP-PHOSP,Phosphate-phosphorus (as P),Total,,0.05,mg/l,True,0.02,,,365.4,UHLLAKE,Actual,SW,Water,,,Lee,07080104,Lake,,40.712645,-91.435951
6,22560001,Poll Miller Park Lake,05/14/2008 09:15:00,AMBLAKE-SHL,TFSS,Fixed suspended solids,NonFilt,,5,mg/l,True,1,,,160.4,UHLLAKE,Calculated,SW,Water,,,Lee,07080104,Lake,,40.712645,-91.435951
6,22560001,Poll Miller Park Lake,05/14/2008 09:15:00,AMBLAKE-SHL,TVSS,Volatile Suspended Solids,NonFilt,,5,mg/l,True,1,,,160.4,UHLLAKE,Actual,SW,Water,,,Lee,07080104,Lake,,40.712645,-91.435951
6,22560001,Poll Miller Park Lake,05/14/2008 09:15:00,AMBLAKE-SHL,14265-44-2,Orthophosphate (as P),Dissolved,,0.02,mg/l,False,0.02,,,365.1,UHLLAKE,Actual,SW,Water,,,Lee,07080104,Lake,,40.712645,-91.435951
6,22560001,Poll Miller Park Lake,05/14/2008 09:15:00,AMBLAKE-SHL,7631-86-9,Silica,Dissolved,,1,mg/l,False,1,,,4500-SI(D),UHLLAKE,Actual,SW,Water,,,Lee,07080104,Lake,,40.712645,-91.435951
6,22560001,Poll Miller Park Lake,05/14/2008 09:15:00,AMBLAKE-SHL,TSS,Total suspended solids,NonFilt,,9,mg/l,True,1,,,I3765,UHLLAKE,Actual,SW,Water,,,Lee,07080104,Lake,,40.712645,-91.435951
6,22560001,Poll Miller Park Lake,05/14/2008 09:15:00,AMBLAKE-SHL,ALK-TOT,"Alkalinity, total",Total,,130,mg/l CaCO3,True,1,,,2320,UHLLAKE,Actual,SW,Water,,,Lee,07080104,Lake,,40.712645,-91.435951
6,22560001,Poll Miller Park Lake,05/14/2008 09:15:00,AMBLAKE-SHL,NIT-NO3-NO2,Inorganic nitrogen (nitrate and nitrite) (as N),Total,,0.12,mg/l,True,0.05,,,353.2,UHLLAKE,Actual,SW,Water,,,Lee,07080104,Lake,,40.712645,-91.435951
6,22560001,Poll Miller Park Lake,05/14/2008 09:15:00,AMBLAKE-SHL,CLR-A-FREE,"Chlorophyll a, free of pheophytin",NonFilt,,32,ug/l,True,1,,,445,UHLLAKE,Actual,SW,Water,,,Lee,07080104,Lake,,40.712645,-91.435951
6,22560001,Poll Miller Park Lake,06/28/2000 10:30:00,AMBLAKE-ISU,DEPTH-BOTTOM,"Depth, bottom",Total,,7.9,m,True,,,,Unknown,,Actual,SW,Water,,,Lee,07080104,Lake,,40.712645,-91.435951
6,22560001,Poll Miller Park Lake,06/28/2000 10:30:00,AMBLAKE-ISU,DEPTH-SECCHI,"Depth, Secchi disk depth",Total,,0.88,m,True,,,,ISU SECCHI,,Actual,SW,Water,,,Lee,07080104,Lake,,40.712645,-91.435951
6,22560001,Poll Miller Park Lake,07/25/2000 15:00:00,AMBLAKE-ISU,TFSS,Fixed suspended solids,NonFilt,,3,mg/l,True,1,,,2540-E,ISULAKE,Actual,SW,Water,,,Lee,07080104,Lake,,40.712645,-91.435951
6,22560001,Poll Miller Park Lake,07/25/2000 15:00:00,AMBLAKE-ISU,TSS,Total suspended solids,NonFilt,,7,mg/l,True,1,,,2540-E,ISULAKE,Actual,SW,Water,,,Lee,07080104,Lake,,40.712645,-91.435951
6,22560001,Poll Miller Park Lake,07/25/2000 15:00:00,AMBLAKE-ISU,TVSS,Volatile Suspended Solids,NonFilt,,4,mg/l,True,1,,,2540-E,ISULAKE,Actual,SW,Water,,,Lee,07080104,Lake,,40.712645,-91.435951
6,22560001,Poll Miller Park Lake,08/15/2000 10:00:00,AMBLAKE-ISU,TFSS,Fixed suspended solids,NonFilt,,3,mg/l,True,1,,,2540-E,ISULAKE,Actual,SW,Water,,,Lee,07080104,Lake,,40.712645,-91.435951
6,22560001,Poll Miller Park Lake,08/15/2000 10:00:00,AMBLAKE-ISU,TSS,Total suspended solids,NonFilt,,5,mg/l,True,1,,,2540-E,ISULAKE,Actual,SW,Water,,,Lee,07080104,Lake,,40.712645,-91.435951
6,22560001,Poll Miller Park Lake,08/15/2000 10:00:00,AMBLAKE-ISU,TVSS,Volatile Suspended Solids,NonFilt,,2,mg/l,True,1,,,2540-E,ISULAKE,Actual,SW,Water,,,Lee,07080104,Lake,,40.712645,-91.435951
6,22560001,Poll Miller Park Lake,05/30/2001 20:05:00,AMBLAKE-ISU,TURB,Turbidity,Total,,11,NTU,True,,,,ISU 2130-B,,Actual,SW,Water,,,Lee,07080104,Lake,,40.712645,-91.435951
6,22560001,Poll Miller Park Lake,05/30/2001 20:05:00,AMBLAKE-ISU,7782-44-7,Dissolved oxygen (DO),Total,,10.2,mg/l,True,,,,ISU 4500-O-G,,Actual,SW,Water,,,Lee,07080104,Lake,,40.712645,-91.435951
6,22560001,Poll Miller Park Lake,05/30/2001 20:05:00,AMBLAKE-ISU,DO-SAT,Dissolved oxygen saturation,Total,,107,%,True,,,,ISU 4500-O-G,,Actual,SW,Water,,,Lee,07080104,Lake,,40.712645,-91.435951
6,22560001,Poll Miller Park Lake,05/30/2001 20:05:00,AMBLAKE-ISU,DEPTH-BOTTOM,"Depth, bottom",Total,,9,m,True,,,,Unknown,,Actual,SW,Water,,,Lee,07080104,Lake,,40.712645,-91.435951
6,22560001,Poll Miller Park Lake,05/30/2001 20:05:00,AMBLAKE-ISU,TEMP-WATER,"Temperature, water",Total,,17.7,deg C,True,,,,ISU 2550,,Actual,SW,Water,,,Lee,07080104,Lake,,40.712645,-91.435951
6,22560001,Poll Miller Park Lake,05/30/2001 20:05:00,AMBLAKE-ISU,DEPTH-SECCHI,"Depth, Secchi disk depth",Total,,1.6,m,True,,,,ISU SECCHI,,Actual,SW,Water,,,Lee,07080104,Lake,,40.712645,-91.435951
6,22560001,Poll Miller Park Lake,05/30/2001 20:05:00,AMBLAKE-ISU,SPEC-COND,Specific conductance,Total,,292,uS/cm,True,,,,ISU 2510,,Actual,SW,Water,,,Lee,07080104,Lake,,40.712645,-91.435951
6,22560001,Poll Miller Park Lake,05/30/2001 20:05:00,AMBLAKE-ISU,PH,pH,Total,,8.2,None,True,,,,ISU 4500-H,,Actual,SW,Water,,,Lee,07080104,Lake,,40.712645,-91.435951
6,22560001,Poll Miller Park Lake,05/30/2001 20:05:00,AMBLAKE-ISU,ALK-TOT,"Alkalinity, total",Total,,115,mg/l CaCO3,True,2,,,2320,ISULAKE,Actual,SW,Water,,,Lee,07080104,Lake,,40.712645,-91.435951
6,22560001,Poll Miller Park Lake,05/30/2001 20:05:00,AMBLAKE-ISU,479-61-8,Chlorophyll a,NonFilt,,5.8,ug/l,True,1,,,10200-H,ISULAKE,Actual,SW,Water,,,Lee,07080104,Lake,,40.712645,-91.435951
6,22560001,Poll Miller Park Lake,05/30/2001 20:05:00,AMBLAKE-ISU,NIT-NO3-NO2,Inorganic nitrogen (nitrate and nitrite) (as N),Total,,0.12,mg/l,False,0.12,,,SEC_DERIV_UV,ISULAKE,Actual,SW,Water,,,Lee,07080104,Lake,,40.712645,-91.435951
6,22560001,Poll Miller Park Lake,05/30/2001 20:05:00,AMBLAKE-ISU,NIT-NUTRIENT,Nutrient-nitrogen,Total,,0.84,mg/l,True,0.28,,,SEC_DERIV_UV,ISULAKE,Actual,SW,Water,,,Lee,07080104,Lake,,40.712645,-91.435951
6,22560001,Poll Miller Park Lake,05/30/2001 20:05:00,AMBLAKE-ISU,PHOSP-PHOSP,Phosphate-phosphorus (as P),Total,,0.047,mg/l,True,0.002,,,ISU 4500-P-E,ISULAKE,Actual,SW,Water,,,Lee,07080104,Lake,,40.712645,-91.435951
6,22560001,Poll Miller Park Lake,06/26/2001 00:00:00,AMBLAKE-ISU,TURB,Turbidity,Total,,5,NTU,True,,,,ISU 2130-B,,Actual,SW,Water,,,Lee,07080104,Lake,,40.712645,-91.435951
6,22560001,Poll Miller Park Lake,06/26/2001 00:00:00,AMBLAKE-ISU,TEMP-WATER,"Temperature, water",Total,,26.3,deg C,True,,,,ISU 2550,,Actual,SW,Water,,,Lee,07080104,Lake,,40.712645,-91.435951
6,22560001,Poll Miller Park Lake,06/26/2001 00:00:00,AMBLAKE-ISU,DEPTH-BOTTOM,"Depth, bottom",Total,,8.1,m,True,,,,Unknown,,Actual,SW,Water,,,Lee,07080104,Lake,,40.712645,-91.435951
6,22560001,Poll Miller Park Lake,06/26/2001 00:00:00,AMBLAKE-ISU,7782-44-7,Dissolved oxygen (DO),Total,,12.2,mg/l,True,,,,ISU 4500-O-G,,Actual,SW,Water,,,Lee,07080104,Lake,,40.712645,-91.435951
6,22560001,Poll Miller Park Lake,06/26/2001 00:00:00,AMBLAKE-ISU,DO-SAT,Dissolved oxygen saturation,Total,,151,%,True,,,,ISU 4500-O-G,,Actual,SW,Water,,,Lee,07080104,Lake,,40.712645,-91.435951
6,22560001,Poll Miller Park Lake,07/31/2001 11:00:00,AMBLAKE-ISU,7782-44-7,Dissolved oxygen (DO),Total,,10.3,mg/l,True,,,,ISU 4500-O-G,,Actual,SW,Water,,,Lee,07080104,Lake,,40.712645,-91.435951
6,22560001,Poll Miller Park Lake,07/31/2001 11:00:00,AMBLAKE-ISU,DO-SAT,Dissolved oxygen saturation,Total,,134,%,True,,,,ISU 4500-O-G,,Actual,SW,Water,,,Lee,07080104,Lake,,40.712645,-91.435951
6,22560001,Poll Miller Park Lake,07/31/2001 11:00:00,AMBLAKE-ISU,SPEC-COND,Specific conductance,Total,,283,uS/cm,True,,,,ISU 2510,,Actual,SW,Water,,,Lee,07080104,Lake,,40.712645,-91.435951
6,22560001,Poll Miller Park Lake,07/31/2001 11:00:00,AMBLAKE-ISU,DEPTH-SECCHI,"Depth, Secchi disk depth",Total,,3.2,m,True,,,,ISU SECCHI,,Actual,SW,Water,,,Lee,07080104,Lake,,40.712645,-91.435951
6,22560001,Poll Miller Park Lake,07/31/2001 11:00:00,AMBLAKE-ISU,DEPTH-BOTTOM,"Depth, bottom",Total,,8.5,m,True,,,,Unknown,,Actual,SW,Water,,,Lee,07080104,Lake,,40.712645,-91.435951
6,22560001,Poll Miller Park Lake,07/31/2001 11:00:00,AMBLAKE-ISU,PH,pH,Total,,8.7,None,True,,,,ISU 4500-H,,Actual,SW,Water,,,Lee,07080104,Lake,,40.712645,-91.435951
6,22560001,Poll Miller Park Lake,07/31/2001 11:00:00,AMBLAKE-ISU,TEMP-WATER,"Temperature, water",Total,,28.8,deg C,True,,,,ISU 2550,,Actual,SW,Water,,,Lee,07080104,Lake,,40.712645,-91.435951
6,22560001,Poll Miller Park Lake,07/31/2001 11:00:00,AMBLAKE-ISU,TURB,Turbidity,Total,,2,NTU,True,,,,ISU 2130-B,,Actual,SW,Water,,,Lee,07080104,Lake,,40.712645,-91.435951
6,22560001,Poll Miller Park Lake,06/04/2002 00:00:00,AMBLAKE-ISU,7631-86-9,Silica,Dissolved,,0.95,mg/l,True,0.33,,,HACH 8185,ISULAKE,Actual,SW,Water,,,Lee,07080104,Lake,,40.712645,-91.435951
6,22560001,Poll Miller Park Lake,06/04/2002 00:00:00,AMBLAKE-ISU,14265-44-2,Orthophosphate (as P),Dissolved,,0.001,mg/l,False,0.001,,,ISU 4500-P-E,ISULAKE,Actual,SW,Water,,,Lee,07080104,Lake,,40.712645,-91.435951
6,22560001,Poll Miller Park Lake,07/09/2002 16:40:00,AMBLAKE-ISU,SPEC-COND,Specific conductance,Total,,268,uS/cm,True,,,,ISU 2510,,Actual,SW,Water,,,Lee,07080104,Lake,,40.712645,-91.435951
6,22560001,Poll Miller Park Lake,07/09/2002 16:40:00,AMBLAKE-ISU,PH,pH,Total,,9,None,True,,,,ISU 4500-H,,Actual,SW,Water,,,Lee,07080104,Lake,,40.712645,-91.435951
6,22560001,Poll Miller Park Lake,07/09/2002 16:40:00,AMBLAKE-ISU,TURB,Turbidity,Total,,4,NTU,True,,,,ISU 2130-B,,Actual,SW,Water,,,Lee,07080104,Lake,,40.712645,-91.435951
6,22560001,Poll Miller Park Lake,07/09/2002 16:40:00,AMBLAKE-ISU,TSS,Total suspended solids,NonFilt,,2,mg/l,True,1,,,2540-E,ISULAKE,Actual,SW,Water,,,Lee,07080104,Lake,,40.712645,-91.435951
6,22560001,Poll Miller Park Lake,07/09/2002 16:40:00,AMBLAKE-ISU,14265-44-2,Orthophosphate (as P),Dissolved,,0.001,mg/l,False,0.001,,,ISU 4500-P-E,ISULAKE,Actual,SW,Water,,,Lee,07080104,Lake,,40.712645,-91.435951
6,22560001,Poll Miller Park Lake,07/09/2002 16:40:00,AMBLAKE-ISU,NIT-NO3-NO2,Inorganic nitrogen (nitrate and nitrite) (as N),Total,,0.18,mg/l,True,0.12,,,SEC_DERIV_UV,ISULAKE,Actual,SW,Water,,,Lee,07080104,Lake,,40.712645,-91.435951
6,22560001,Poll Miller Park Lake,07/09/2002 16:40:00,AMBLAKE-ISU,NIT-NUTRIENT,Nutrient-nitrogen,Total,,0.83,mg/l,True,0.28,,,SEC_DERIV_UV,ISULAKE,Actual,SW,Water,,,Lee,07080104,Lake,,40.712645,-91.435951
6,22560001,Poll Miller Park Lake,07/09/2002 16:40:00,AMBLAKE-ISU,PHOSP-PHOSP,Phosphate-phosphorus (as P),Total,,0.029,mg/l,True,0.002,,,ISU 4500-P-E,ISULAKE,Actual,SW,Water,,,Lee,07080104,Lake,,40.712645,-91.435951
6,22560001,Poll Miller Park Lake,07/09/2002 16:40:00,AMBLAKE-ISU,ALK-TOT,"Alkalinity, total",Total,,108,mg/l CaCO3,True,2,,,2320,ISULAKE,Actual,SW,Water,,,Lee,07080104,Lake,,40.712645,-91.435951
6,22560001,Poll Miller Park Lake,07/09/2002 16:40:00,AMBLAKE-ISU,7631-86-9,Silica,Dissolved,,1.51,mg/l,True,0.33,,,HACH 8185,ISULAKE,Actual,SW,Water,,,Lee,07080104,Lake,,40.712645,-91.435951
6,22560001,Poll Miller Park Lake,07/09/2002 16:40:00,AMBLAKE-ISU,479-61-8,Chlorophyll a,NonFilt,,6,ug/l,True,1,,,445,ISULAKE,Actual,SW,Water,,,Lee,07080104,Lake,,40.712645,-91.435951
6,22560001,Poll Miller Park Lake,08/06/2002 00:00:00,AMBLAKE-ISU,DEPTH-BOTTOM,"Depth, bottom",Total,,7.9,m,True,,,,Unknown,,Actual,SW,Water,,,Lee,07080104,Lake,,40.712645,-91.435951
6,22560001,Poll Miller Park Lake,08/06/2002 00:00:00,AMBLAKE-ISU,DEPTH-SECCHI,"Depth, Secchi disk depth",Total,,1.05,m,True,,,,ISU SECCHI,,Actual,SW,Water,,,Lee,07080104,Lake,,40.712645,-91.435951
6,22560001,Poll Miller Park Lake,08/06/2002 00:00:00,AMBLAKE-ISU,PH,pH,Total,,9,None,True,,,,ISU 4500-H,,Actual,SW,Water,,,Lee,07080104,Lake,,40.712645,-91.435951
6,22560001,Poll Miller Park Lake,08/06/2002 00:00:00,AMBLAKE-ISU,7782-44-7,Dissolved oxygen (DO),Total,,10.3,mg/l,True,,,,ISU 4500-O-G,,Actual,SW,Water,,,Lee,07080104,Lake,,40.712645,-91.435951
6,22560001,Poll Miller Park Lake,08/06/2002 00:00:00,AMBLAKE-ISU,DO-SAT,Dissolved oxygen saturation,Total,,131,%,True,,,,ISU 4500-O-G,,Actual,SW,Water,,,Lee,07080104,Lake,,40.712645,-91.435951
6,22560001,Poll Miller Park Lake,06/04/2003 00:00:00,AMBLAKE-ISU,ALK-TOT,"Alkalinity, total",Total,,95,mg/l CaCO3,True,2,,,2320,ISULAKE,Actual,SW,Water,,,Lee,07080104,Lake,,40.712645,-91.435951
6,22560001,Poll Miller Park Lake,06/04/2003 00:00:00,AMBLAKE-ISU,7440-44-0,Carbon,Dissolved,,10.94,mg/l,True,1.12,,,5310-B,ISULAKE,Actual,SW,Water,,,Lee,07080104,Lake,,40.712645,-91.435951
6,22560001,Poll Miller Park Lake,06/04/2003 00:00:00,AMBLAKE-ISU,479-61-8,Chlorophyll a,NonFilt,,2,ug/l,True,1,,,445,ISULAKE,Actual,SW,Water,,,Lee,07080104,Lake,,40.712645,-91.435951
6,22560001,Poll Miller Park Lake,06/04/2003 00:00:00,AMBLAKE-ISU,NIT-NO3-NO2,Inorganic nitrogen (nitrate and nitrite) (as N),Total,,0.29,mg/l,True,0.12,,,SEC_DERIV_UV,ISULAKE,Actual,SW,Water,,,Lee,07080104,Lake,,40.712645,-91.435951
6,22560001,Poll Miller Park Lake,06/04/2003 00:00:00,AMBLAKE-ISU,NIT-NUTRIENT,Nutrient-nitrogen,Total,,1.15,mg/l,True,0.28,,,SEC_DERIV_UV,ISULAKE,Actual,SW,Water,,,Lee,07080104,Lake,,40.712645,-91.435951
6,22560001,Poll Miller Park Lake,06/04/2003 00:00:00,AMBLAKE-ISU,PHOSP-PHOSP,Phosphate-phosphorus (as P),Total,,0.033,mg/l,True,0.002,,,ISU 4500-P-E,ISULAKE,Actual,SW,Water,,,Lee,07080104,Lake,,40.712645,-91.435951
6,22560001,Poll Miller Park Lake,06/04/2003 00:00:00,AMBLAKE-ISU,14265-44-2,Orthophosphate (as P),Dissolved,,0.007,mg/l,True,0.001,,,ISU 4500-P-E,ISULAKE,Actual,SW,Water,,,Lee,07080104,Lake,,40.712645,-91.435951
6,22560001,Poll Miller Park Lake,06/04/2003 00:00:00,AMBLAKE-ISU,7631-86-9,Silica,Dissolved,,0.45,mg/l,True,0.33,,,HACH 8185,ISULAKE,Actual,SW,Water,,,Lee,07080104,Lake,,40.712645,-91.435951
6,22560001,Poll Miller Park Lake,06/04/2003 00:00:00,AMBLAKE-ISU,TFSS,Fixed suspended solids,NonFilt,,1,mg/l,False,1,,,2540-E,ISULAKE,Actual,SW,Water,,,Lee,07080104,Lake,,40.712645,-91.435951
6,22560001,Poll Miller Park Lake,06/04/2003 00:00:00,AMBLAKE-ISU,TSS,Total suspended solids,NonFilt,,3,mg/l,True,1,,,2540-E,ISULAKE,Actual,SW,Water,,,Lee,07080104,Lake,,40.712645,-91.435951
6,22560001,Poll Miller Park Lake,06/04/2003 00:00:00,AMBLAKE-ISU,TVSS,Volatile Suspended Solids,NonFilt,,2,mg/l,True,1,,,2540-E,ISULAKE,Actual,SW,Water,,,Lee,07080104,Lake,,40.712645,-91.435951
6,22560001,Poll Miller Park Lake,07/09/2003 00:00:00,AMBLAKE-ISU,TFSS,Fixed suspended solids,NonFilt,,22,mg/l,True,1,,,2540-E,ISULAKE,Actual,SW,Water,,,Lee,07080104,Lake,,40.712645,-91.435951
6,22560001,Poll Miller Park Lake,07/09/2003 00:00:00,AMBLAKE-ISU,TSS,Total suspended solids,NonFilt,,29,mg/l,True,1,,,2540-E,ISULAKE,Actual,SW,Water,,,Lee,07080104,Lake,,40.712645,-91.435951
6,22560001,Poll Miller Park Lake,07/09/2003 00:00:00,AMBLAKE-ISU,TVSS,Volatile Suspended Solids,NonFilt,,7,mg/l,True,1,,,2540-E,ISULAKE,Actual,SW,Water,,,Lee,07080104,Lake,,40.712645,-91.435951
6,22560001,Poll Miller Park Lake,08/06/2003 08:40:00,AMBLAKE-ISU,DEPTH-BOTTOM,"Depth, bottom",Total,,8.8,m,True,,,,Unknown,,Actual,SW,Water,,,Lee,07080104,Lake,,40.712645,-91.435951
6,22560001,Poll Miller Park Lake,08/06/2003 08:40:00,AMBLAKE-ISU,DEPTH-SECCHI,"Depth, Secchi disk depth",Total,,0.95,m,True,,,,ISU SECCHI,,Actual,SW,Water,,,Lee,07080104,Lake,,40.712645,-91.435951
6,22560001,Poll Miller Park Lake,08/06/2003 08:40:00,AMBLAKE-ISU,7782-44-7,Dissolved oxygen (DO),Total,,10.1,mg/l,True,,,,ISU 4500-O-G,,Actual,SW,Water,,,Lee,07080104,Lake,,40.712645,-91.435951
6,22560001,Poll Miller Park Lake,08/06/2003 08:40:00,AMBLAKE-ISU,DO-SAT,Dissolved oxygen saturation,Total,,126,%,True,,,,ISU 4500-O-G,,Actual,SW,Water,,,Lee,07080104,Lake,,40.712645,-91.435951
6,22560001,Poll Miller Park Lake,08/06/2003 08:40:00,AMBLAKE-ISU,PH,pH,Total,,9,None,True,,,,ISU 4500-H,,Actual,SW,Water,,,Lee,07080104,Lake,,40.712645,-91.435951
6,22560001,Poll Miller Park Lake,08/06/2003 08:40:00,AMBLAKE-ISU,SPEC-COND,Specific conductance,Total,,252,uS/cm,True,,,,ISU 2510,,Actual,SW,Water,,,Lee,07080104,Lake,,40.712645,-91.435951
6,22560001,Poll Miller Park Lake,08/06/2003 08:40:00,AMBLAKE-ISU,TEMP-WATER,"Temperature, water",Total,,26.8,deg C,True,,,,ISU 2550,,Actual,SW,Water,,,Lee,07080104,Lake,,40.712645,-91.435951
6,22560001,Poll Miller Park Lake,08/06/2003 08:40:00,AMBLAKE-ISU,TURB,Turbidity,Total,,40,NTU,True,,,,ISU 2130-B,,Actual,SW,Water,,,Lee,07080104,Lake,,40.712645,-91.435951
6,22560001,Poll Miller Park Lake,08/06/2003 08:40:00,AMBLAKE-ISU,ALK-TOT,"Alkalinity, total",Total,,71,mg/l CaCO3,True,2,,,2320,ISULAKE,Actual,SW,Water,,,Lee,07080104,Lake,,40.712645,-91.435951
6,22560001,Poll Miller Park Lake,08/06/2003 08:40:00,AMBLAKE-ISU,7440-44-0,Carbon,Dissolved,,9.11,mg/l,True,1.12,,,5310-B,ISULAKE,Actual,SW,Water,,,Lee,07080104,Lake,,40.712645,-91.435951
6,22560001,Poll Miller Park Lake,06/02/2004 18:30:00,AMBLAKE-ISU,TEMP-WATER,"Temperature, water",Total,,22.2,deg C,True,,,,ISU 2550,,Actual,SW,Water,,,Lee,07080104,Lake,,40.712645,-91.435951
6,22560001,Poll Miller Park Lake,06/02/2004 18:30:00,AMBLAKE-ISU,TURB,Turbidity,Total,,8,NTU,True,,,,ISU 2130-B,,Actual,SW,Water,,,Lee,07080104,Lake,,40.712645,-91.435951
6,22560001,Poll Miller Park Lake,06/02/2004 18:30:00,AMBLAKE-ISU,ALK-TOT,"Alkalinity, total",Total,,117,mg/l CaCO3,True,2,,,2320,ISULAKE,Actual,SW,Water,,,Lee,07080104,Lake,,40.712645,-91.435951
6,22560001,Poll Miller Park Lake,06/02/2004 18:30:00,AMBLAKE-ISU,7664-41-7,Ammonia,Total,,0.016,mg/l,False,0.016,,,ISU_UNION_AMMON,ISULAKE,Calculated,SW,Water,,,Lee,07080104,Lake,,40.712645,-91.435951
6,22560001,Poll Miller Park Lake,06/02/2004 18:30:00,AMBLAKE-ISU,7440-44-0,Carbon,Dissolved,,4.21,mg/l,True,1.12,,,5310-B,ISULAKE,Actual,SW,Water,,,Lee,07080104,Lake,,40.712645,-91.435951
6,22560001,Poll Miller Park Lake,06/02/2004 18:30:00,AMBLAKE-ISU,479-61-8,Chlorophyll a,NonFilt,,17.4,ug/l,True,1,,,445,ISULAKE,Actual,SW,Water,,,Lee,07080104,Lake,,40.712645,-91.435951
6,22560001,Poll Miller Park Lake,06/02/2004 18:30:00,AMBLAKE-ISU,NIT-AMM,Ammonia-nitrogen (as N),Total,,0.016,mg/l,False,0.016,,,4500-NH3(F),ISULAKE,Actual,SW,Water,,,Lee,07080104,Lake,,40.712645,-91.435951
6,22560001,Poll Miller Park Lake,06/02/2004 18:30:00,AMBLAKE-ISU,NIT-NO3-NO2,Inorganic nitrogen (nitrate and nitrite) (as N),Total,,0.27,mg/l,True,0.12,,,SEC_DERIV_UV,ISULAKE,Actual,SW,Water,,,Lee,07080104,Lake,,40.712645,-91.435951
6,22560001,Poll Miller Park Lake,06/02/2004 18:30:00,AMBLAKE-ISU,NIT-NUTRIENT,Nutrient-nitrogen,Total,,1.09,mg/l,True,0.28,,,SEC_DERIV_UV,ISULAKE,Actual,SW,Water,,,Lee,07080104,Lake,,40.712645,-91.435951
6,22560001,Poll Miller Park Lake,06/02/2004 18:30:00,AMBLAKE-ISU,PHOSP-PHOSP,Phosphate-phosphorus (as P),Total,,0.035,mg/l,True,0.002,,,ISU 4500-P-E,ISULAKE,Actual,SW,Water,,,Lee,07080104,Lake,,40.712645,-91.435951
6,22560001,Poll Miller Park Lake,06/02/2004 18:30:00,AMBLAKE-ISU,14265-44-2,Orthophosphate (as P),Dissolved,,0.002,mg/l,True,0.001,,,ISU 4500-P-E,ISULAKE,Actual,SW,Water,,,Lee,07080104,Lake,,40.712645,-91.435951
6,22560001,Poll Miller Park Lake,06/02/2004 18:30:00,AMBLAKE-ISU,7631-86-9,Silica,Dissolved,,0.84,mg/l,True,0.33,,,HACH 8185,ISULAKE,Actual,SW,Water,,,Lee,07080104,Lake,,40.712645,-91.435951
6,22560001,Poll Miller Park Lake,06/02/2004 18:30:00,AMBLAKE-ISU,TFSS,Fixed suspended solids,NonFilt,,4,mg/l,True,1,,,2540-E,ISULAKE,Actual,SW,Water,,,Lee,07080104,Lake,,40.712645,-91.435951
6,22560001,Poll Miller Park Lake,06/02/2004 18:30:00,AMBLAKE-ISU,TSS,Total suspended solids,NonFilt,,9,mg/l,True,1,,,2540-E,ISULAKE,Actual,SW,Water,,,Lee,07080104,Lake,,40.712645,-91.435951
6,22560001,Poll Miller Park Lake,06/02/2004 18:30:00,AMBLAKE-ISU,TVSS,Volatile Suspended Solids,NonFilt,,5,mg/l,True,1,,,2540-E,ISULAKE,Actual,SW,Water,,,Lee,07080104,Lake,,40.712645,-91.435951
6,22560001,Poll Miller Park Lake,06/29/2004 12:00:00,AMBLAKE-ISU,DEPTH-BOTTOM,"Depth, bottom",Total,,8.5,m,True,,,,Unknown,,Actual,SW,Water,,,Lee,07080104,Lake,,40.712645,-91.435951
6,22560001,Poll Miller Park Lake,06/29/2004 12:00:00,AMBLAKE-ISU,DEPTH-SECCHI,"Depth, Secchi disk depth",Total,,2.95,m,True,,,,ISU SECCHI,,Actual,SW,Water,,,Lee,07080104,Lake,,40.712645,-91.435951
6,22560001,Poll Miller Park Lake,06/29/2004 12:00:00,AMBLAKE-ISU,7782-44-7,Dissolved oxygen (DO),Total,,8.3,mg/l,True,,,,ISU 4500-O-G,,Actual,SW,Water,,,Lee,07080104,Lake,,40.712645,-91.435951
6,22560001,Poll Miller Park Lake,06/29/2004 12:00:00,AMBLAKE-ISU,DO-SAT,Dissolved oxygen saturation,Total,,98,%,True,,,,ISU 4500-O-G,,Actual,SW,Water,,,Lee,07080104,Lake,,40.712645,-91.435951
6,22560001,Poll Miller Park Lake,06/29/2004 12:00:00,AMBLAKE-ISU,PH,pH,Total,,8.6,None,True,,,,ISU 4500-H,,Actual,SW,Water,,,Lee,07080104,Lake,,40.712645,-91.435951
6,22560001,Poll Miller Park Lake,06/29/2004 12:00:00,AMBLAKE-ISU,SPEC-COND,Specific conductance,Total,,352,uS/cm,True,,,,ISU 2510,,Actual,SW,Water,,,Lee,07080104,Lake,,40.712645,-91.435951
6,22560001,Poll Miller Park Lake,06/29/2004 12:00:00,AMBLAKE-ISU,TEMP-WATER,"Temperature, water",Total,,23.8,deg C,True,,,,ISU 2550,,Actual,SW,Water,,,Lee,07080104,Lake,,40.712645,-91.435951
6,22560001,Poll Miller Park Lake,06/29/2004 12:00:00,AMBLAKE-ISU,TURB,Turbidity,Total,,4,NTU,True,,,,ISU 2130-B,,Actual,SW,Water,,,Lee,07080104,Lake,,40.712645,-91.435951
6,22560001,Poll Miller Park Lake,08/04/2004 08:30:00,AMBLAKE-ISU,DEPTH-BOTTOM,"Depth, bottom",Total,,8.1,m,True,,,,Unknown,,Actual,SW,Water,,,Lee,07080104,Lake,,40.712645,-91.435951
6,22560001,Poll Miller Park Lake,08/04/2004 08:30:00,AMBLAKE-ISU,DEPTH-SECCHI,"Depth, Secchi disk depth",Total,,1.7,m,True,,,,ISU SECCHI,,Actual,SW,Water,,,Lee,07080104,Lake,,40.712645,-91.435951
6,22560001,Poll Miller Park Lake,08/04/2004 08:30:00,AMBLAKE-ISU,7782-44-7,Dissolved oxygen (DO),Total,,10.3,mg/l,True,,,,ISU 4500-O-G,,Actual,SW,Water,,,Lee,07080104,Lake,,40.712645,-91.435951
6,22560001,Poll Miller Park Lake,08/04/2004 08:30:00,AMBLAKE-ISU,DO-SAT,Dissolved oxygen saturation,Total,,126,%,True,,,,ISU 4500-O-G,,Actual,SW,Water,,,Lee,07080104,Lake,,40.712645,-91.435951
6,22560001,Poll Miller Park Lake,08/04/2004 08:30:00,AMBLAKE-ISU,PH,pH,Total,,8.6,None,True,,,,ISU 4500-H,,Actual,SW,Water,,,Lee,07080104,Lake,,40.712645,-91.435951
6,22560001,Poll Miller Park Lake,08/04/2004 08:30:00,AMBLAKE-ISU,SPEC-COND,Specific conductance,Total,,334,uS/cm,True,,,,ISU 2510,,Actual,SW,Water,,,Lee,07080104,Lake,,40.712645,-91.435951
6,22560001,Poll Miller Park Lake,08/04/2004 08:30:00,AMBLAKE-ISU,TEMP-WATER,"Temperature, water",Total,,25.9,deg C,True,,,,ISU 2550,,Actual,SW,Water,,,Lee,07080104,Lake,,40.712645,-91.435951
6,22560001,Poll Miller Park Lake,08/04/2004 08:30:00,AMBLAKE-ISU,TURB,Turbidity,Total,,9,NTU,True,,,,ISU 2130-B,,Actual,SW,Water,,,Lee,07080104,Lake,,40.712645,-91.435951
6,22560001,Poll Miller Park Lake,08/04/2004 08:30:00,AMBLAKE-ISU,ALK-TOT,"Alkalinity, total",Total,,131,mg/l CaCO3,True,2,,,2320,ISULAKE,Actual,SW,Water,,,Lee,07080104,Lake,,40.712645,-91.435951
6,22560001,Poll Miller Park Lake,08/04/2004 08:30:00,AMBLAKE-ISU,7664-41-7,Ammonia,Total,,0.016,mg/l,False,0.016,,,ISU_UNION_AMMON,ISULAKE,Calculated,SW,Water,,,Lee,07080104,Lake,,40.712645,-91.435951
6,22560001,Poll Miller Park Lake,08/04/2004 08:30:00,AMBLAKE-ISU,7440-44-0,Carbon,Dissolved,,4.44,mg/l,True,1.12,,,5310-B,ISULAKE,Actual,SW,Water,,,Lee,07080104,Lake,,40.712645,-91.435951
6,22560001,Poll Miller Park Lake,08/04/2004 08:30:00,AMBLAKE-ISU,479-61-8,Chlorophyll a,NonFilt,,31.9,ug/l,True,1,,,445,ISULAKE,Actual,SW,Water,,,Lee,07080104,Lake,,40.712645,-91.435951
6,22560001,Poll Miller Park Lake,08/04/2004 08:30:00,AMBLAKE-ISU,NIT-AMM,Ammonia-nitrogen (as N),Total,,0.023,mg/l,True,0.016,,,4500-NH3(F),ISULAKE,Actual,SW,Water,,,Lee,07080104,Lake,,40.712645,-91.435951
6,22560001,Poll Miller Park Lake,08/04/2004 08:30:00,AMBLAKE-ISU,NIT-NO3-NO2,Inorganic nitrogen (nitrate and nitrite) (as N),Total,,0.12,mg/l,False,0.12,,,SEC_DERIV_UV,ISULAKE,Actual,SW,Water,,,Lee,07080104,Lake,,40.712645,-91.435951
6,22560001,Poll Miller Park Lake,08/04/2004 08:30:00,AMBLAKE-ISU,NIT-NUTRIENT,Nutrient-nitrogen,Total,,1.27,mg/l,True,0.28,,,SEC_DERIV_UV,ISULAKE,Actual,SW,Water,,,Lee,07080104,Lake,,40.712645,-91.435951
6,22560001,Poll Miller Park Lake,08/04/2004 08:30:00,AMBLAKE-ISU,PHOSP-PHOSP,Phosphate-phosphorus (as P),Total,,0.04,mg/l,True,0.002,,,ISU 4500-P-E,ISULAKE,Actual,SW,Water,,,Lee,07080104,Lake,,40.712645,-91.435951
6,22560001,Poll Miller Park Lake,08/04/2004 08:30:00,AMBLAKE-ISU,14265-44-2,Orthophosphate (as P),Dissolved,,0.003,mg/l,True,0.001,,,ISU 4500-P-E,ISULAKE,Actual,SW,Water,,,Lee,07080104,Lake,,40.712645,-91.435951
6,22560001,Poll Miller Park Lake,08/04/2004 08:30:00,AMBLAKE-ISU,7631-86-9,Silica,Dissolved,,0.9,mg/l,True,0.33,,,HACH 8185,ISULAKE,Actual,SW,Water,,,Lee,07080104,Lake,,40.712645,-91.435951
6,22560001,Poll Miller Park Lake,08/04/2004 08:30:00,AMBLAKE-ISU,TFSS,Fixed suspended solids,NonFilt,,1,mg/l,False,1,,,2540-E,ISULAKE,Actual,SW,Water,,,Lee,07080104,Lake,,40.712645,-91.435951
6,22560001,Poll Miller Park Lake,08/04/2004 08:30:00,AMBLAKE-ISU,TSS,Total suspended solids,NonFilt,,5,mg/l,True,1,,,2540-E,ISULAKE,Actual,SW,Water,,,Lee,07080104,Lake,,40.712645,-91.435951
6,22560001,Poll Miller Park Lake,08/04/2004 08:30:00,AMBLAKE-ISU,TVSS,Volatile Suspended Solids,NonFilt,,4,mg/l,True,1,,,2540-E,ISULAKE,Actual,SW,Water,,,Lee,07080104,Lake,,40.712645,-91.435951
6,22560001,Poll Miller Park Lake,06/07/2005 10:45:00,AMBLAKE-ISU,14265-44-2,Orthophosphate (as P),Dissolved,,0.001,mg/l,False,0.001,,,ISU 4500-P-E,ISULAKE,Actual,SW,Water,,,Lee,07080104,Lake,,40.712645,-91.435951
6,22560001,Poll Miller Park Lake,06/07/2005 10:45:00,AMBLAKE-ISU,7664-41-7,Ammonia,Total,,0.016,mg/l,False,0.016,,,ISU_UNION_AMMON,ISULAKE,Calculated,SW,Water,,,Lee,07080104,Lake,,40.712645,-91.435951
6,22560001,Poll Miller Park Lake,06/07/2005 10:45:00,AMBLAKE-ISU,68583-22-2,Escherichia coli,Total,,3,MPN/100ml,True,1,,,9223-B,ISULAKE,Actual,SW,Water,,,Lee,07080104,Lake,,40.712645,-91.435951
6,22560001,Poll Miller Park Lake,06/07/2005 10:45:00,AMBLAKE-ISU,TOT-COL,Total Coliform,Total,,145,MPN/100ml,True,1,,,9223-B,ISULAKE,Actual,SW,Water,,,Lee,07080104,Lake,,40.712645,-91.435951
6,22560001,Poll Miller Park Lake,07/12/2005 10:45:00,AMBLAKE-ISU,7631-86-9,Silica,Dissolved,,1.15,mg/l,True,0.33,,,HACH 8185,ISULAKE,Actual,SW,Water,,,Lee,07080104,Lake,,40.712645,-91.435951
6,22560001,Poll Miller Park Lake,07/12/2005 10:45:00,AMBLAKE-ISU,TFSS,Fixed suspended solids,NonFilt,,2,mg/l,True,1,,,2540-E,ISULAKE,Actual,SW,Water,,,Lee,07080104,Lake,,40.712645,-91.435951
6,22560001,Poll Miller Park Lake,07/12/2005 10:45:00,AMBLAKE-ISU,TSS,Total suspended solids,NonFilt,,6,mg/l,True,1,,,2540-E,ISULAKE,Actual,SW,Water,,,Lee,07080104,Lake,,40.712645,-91.435951
6,22560001,Poll Miller Park Lake,07/12/2005 10:45:00,AMBLAKE-ISU,TVSS,Volatile Suspended Solids,NonFilt,,3,mg/l,True,1,,,2540-E,ISULAKE,Actual,SW,Water,,,Lee,07080104,Lake,,40.712645,-91.435951
6,22560001,Poll Miller Park Lake,07/12/2005 10:45:00,AMBLAKE-ISU,7440-44-0,Carbon,Dissolved,,6.85,mg/l,True,1.12,,,5310-B,ISULAKE,Actual,SW,Water,,,Lee,07080104,Lake,,40.712645,-91.435951
6,22560001,Poll Miller Park Lake,07/12/2005 10:45:00,AMBLAKE-ISU,479-61-8,Chlorophyll a,NonFilt,,16.7,ug/l,True,1,,,ISU EPA 445,ISULAKE,Actual,SW,Water,,,Lee,07080104,Lake,,40.712645,-91.435951
6,22560001,Poll Miller Park Lake,07/12/2005 10:45:00,AMBLAKE-ISU,ALK-TOT,"Alkalinity, total",Total,,146,mg/l CaCO3,True,2,,,2320,ISULAKE,Actual,SW,Water,,,Lee,07080104,Lake,,40.712645,-91.435951
6,22560001,Poll Miller Park Lake,07/12/2005 10:45:00,AMBLAKE-ISU,7664-41-7,Ammonia,Total,,0.016,mg/l,False,0.016,,,ISU_UNION_AMMON,ISULAKE,Calculated,SW,Water,,,Lee,07080104,Lake,,40.712645,-91.435951
6,22560001,Poll Miller Park Lake,07/12/2005 10:45:00,AMBLAKE-ISU,68583-22-2,Escherichia coli,Total,,1,MPN/100ml,False,1,,,9223-B,ISULAKE,Actual,SW,Water,,,Lee,07080104,Lake,,40.712645,-91.435951
6,22560001,Poll Miller Park Lake,07/12/2005 10:45:00,AMBLAKE-ISU,TOT-COL,Total Coliform,Total,,340,MPN/100ml,True,1,,,9223-B,ISULAKE,Actual,SW,Water,,,Lee,07080104,Lake,,40.712645,-91.435951
6,22560001,Poll Miller Park Lake,08/03/2005 18:55:00,AMBLAKE-ISU,7631-86-9,Silica,Dissolved,,0.55,mg/l,True,0.33,,,HACH 8185,ISULAKE,Actual,SW,Water,,,Lee,07080104,Lake,,40.712645,-91.435951
6,22560001,Poll Miller Park Lake,08/03/2005 18:55:00,AMBLAKE-ISU,7440-44-0,Carbon,Dissolved,,6.53,mg/l,True,1.12,,,5310-B,ISULAKE,Actual,SW,Water,,,Lee,07080104,Lake,,40.712645,-91.435951
6,22560001,Poll Miller Park Lake,08/03/2005 18:55:00,AMBLAKE-ISU,TFSS,Fixed suspended solids,NonFilt,,3,mg/l,True,1,,,2540-E,ISULAKE,Actual,SW,Water,,,Lee,07080104,Lake,,40.712645,-91.435951
6,22560001,Poll Miller Park Lake,08/03/2005 18:55:00,AMBLAKE-ISU,TSS,Total suspended solids,NonFilt,,9,mg/l,True,1,,,2540-E,ISULAKE,Actual,SW,Water,,,Lee,07080104,Lake,,40.712645,-91.435951
6,22560001,Poll Miller Park Lake,08/03/2005 18:55:00,AMBLAKE-ISU,TVSS,Volatile Suspended Solids,NonFilt,,6,mg/l,True,1,,,2540-E,ISULAKE,Actual,SW,Water,,,Lee,07080104,Lake,,40.712645,-91.435951
6,22560001,Poll Miller Park Lake,08/03/2005 18:55:00,AMBLAKE-ISU,479-61-8,Chlorophyll a,NonFilt,,44.7,ug/l,True,1,,,ISU EPA 445,ISULAKE,Actual,SW,Water,,,Lee,07080104,Lake,,40.712645,-91.435951
6,22560001,Poll Miller Park Lake,08/03/2005 18:55:00,AMBLAKE-ISU,ALK-TOT,"Alkalinity, total",Total,,132,mg/l CaCO3,True,2,,,2320,ISULAKE,Actual,SW,Water,,,Lee,07080104,Lake,,40.712645,-91.435951
6,22560001,Poll Miller Park Lake,08/03/2005 18:55:00,AMBLAKE-ISU,14265-44-2,Orthophosphate (as P),Dissolved,,0.001,mg/l,False,0.001,,,ISU 4500-P-E,ISULAKE,Actual,SW,Water,,,Lee,07080104,Lake,,40.712645,-91.435951
6,22560001,Poll Miller Park Lake,08/03/2005 18:55:00,AMBLAKE-ISU,NIT-AMM,Ammonia-nitrogen (as N),Total,,0.016,mg/l,False,0.016,,,4500-NH3(F),ISULAKE,Actual,SW,Water,,,Lee,07080104,Lake,,40.712645,-91.435951
6,22560001,Poll Miller Park Lake,08/03/2005 18:55:00,AMBLAKE-ISU,7664-41-7,Ammonia,Total,,0.016,mg/l,False,0.016,,,ISU_UNION_AMMON,ISULAKE,Calculated,SW,Water,,,Lee,07080104,Lake,,40.712645,-91.435951
6,22560001,Poll Miller Park Lake,08/03/2005 18:55:00,AMBLAKE-ISU,68583-22-2,Escherichia coli,Total,,2,MPN/100ml,True,1,,,9223-B,ISULAKE,Actual,SW,Water,,,Lee,07080104,Lake,,40.712645,-91.435951
6,22560001,Poll Miller Park Lake,08/03/2005 18:55:00,AMBLAKE-ISU,TOT-COL,Total Coliform,Total,,430,MPN/100ml,True,1,,,9223-B,ISULAKE,Actual,SW,Water,,,Lee,07080104,Lake,,40.712645,-91.435951
6,22560001,Poll Miller Park Lake,06/06/2006 12:00:00,AMBLAKE-ISU,TFSS,Fixed suspended solids,NonFilt,,2,mg/l,True,1,,,2540-E,ISULAKE,Actual,SW,Water,,,Lee,07080104,Lake,,40.712645,-91.435951
6,22560001,Poll Miller Park Lake,06/06/2006 12:00:00,AMBLAKE-ISU,TSS,Total suspended solids,NonFilt,,3,mg/l,True,1,,,2540-E,ISULAKE,Actual,SW,Water,,,Lee,07080104,Lake,,40.712645,-91.435951
6,22560001,Poll Miller Park Lake,06/06/2006 12:00:00,AMBLAKE-ISU,TVSS,Volatile Suspended Solids,NonFilt,,1,mg/l,False,1,,,2540-E,ISULAKE,Actual,SW,Water,,,Lee,07080104,Lake,,40.712645,-91.435951
6,22560001,Poll Miller Park Lake,06/06/2006 12:00:00,AMBLAKE-ISU,479-61-8,Chlorophyll a,NonFilt,,5.8,ug/l,True,1,,,ISU EPA 445,ISULAKE,Actual,SW,Water,,,Lee,07080104,Lake,,40.712645,-91.435951
6,22560001,Poll Miller Park Lake,06/06/2006 12:00:00,AMBLAKE-ISU,7440-44-0,Carbon,Dissolved,,6.17,mg/l,True,1.12,,,5310-B,ISULAKE,Actual,SW,Water,,,Lee,07080104,Lake,,40.712645,-91.435951
6,22560001,Poll Miller Park Lake,06/06/2006 12:00:00,AMBLAKE-ISU,ALK-TOT,"Alkalinity, total",Total,,146,mg/l CaCO3,True,2,,,2320,ISULAKE,Actual,SW,Water,,,Lee,07080104,Lake,,40.712645,-91.435951
6,22560001,Poll Miller Park Lake,06/06/2006 12:00:00,AMBLAKE-ISU,14265-44-2,Orthophosphate (as P),Dissolved,,0.001,mg/l,False,0.001,,,ISU 4500-P-E,ISULAKE,Actual,SW,Water,,,Lee,07080104,Lake,,40.712645,-91.435951
6,22560001,Poll Miller Park Lake,06/06/2006 12:00:00,AMBLAKE-ISU,NIT-AMM,Ammonia-nitrogen (as N),Total,,0.016,mg/l,False,0.016,,,4500-NH3(F),ISULAKE,Actual,SW,Water,,,Lee,07080104,Lake,,40.712645,-91.435951
6,22560001,Poll Miller Park Lake,07/11/2006 16:03:00,AMBLAKE-ISU,SPEC-COND,Specific conductance,Total,,429,uS/cm,True,,,,ISU 2510,,Actual,SW,Water,,,Lee,07080104,Lake,,40.712645,-91.435951
6,22560001,Poll Miller Park Lake,07/11/2006 16:03:00,AMBLAKE-ISU,PHOSP-PHOSP,Phosphate-phosphorus (as P),Total,,0.028,mg/l,True,0.002,,,ISU 4500-P-E,ISULAKE,Actual,SW,Water,,,Lee,07080104,Lake,,40.712645,-91.435951
6,22560001,Poll Miller Park Lake,07/11/2006 16:03:00,AMBLAKE-ISU,NIT-NO3-NO2,Inorganic nitrogen (nitrate and nitrite) (as N),Total,,0.12,mg/l,False,0.12,,,SEC_DERIV_UV,ISULAKE,Actual,SW,Water,,,Lee,07080104,Lake,,40.712645,-91.435951
6,22560001,Poll Miller Park Lake,07/11/2006 16:03:00,AMBLAKE-ISU,NIT-NUTRIENT,Nutrient-nitrogen,Total,,0.74,mg/l,True,0.28,,,SEC_DERIV_UV,ISULAKE,Actual,SW,Water,,,Lee,07080104,Lake,,40.712645,-91.435951
6,22560001,Poll Miller Park Lake,07/11/2006 16:03:00,AMBLAKE-ISU,TFSS,Fixed suspended solids,NonFilt,,3,mg/l,True,1,,,2540-E,ISULAKE,Actual,SW,Water,,,Lee,07080104,Lake,,40.712645,-91.435951
6,22560001,Poll Miller Park Lake,07/11/2006 16:03:00,AMBLAKE-ISU,TSS,Total suspended solids,NonFilt,,5,mg/l,True,1,,,2540-E,ISULAKE,Actual,SW,Water,,,Lee,07080104,Lake,,40.712645,-91.435951
6,22560001,Poll Miller Park Lake,07/11/2006 16:03:00,AMBLAKE-ISU,TVSS,Volatile Suspended Solids,NonFilt,,2,mg/l,True,1,,,2540-E,ISULAKE,Actual,SW,Water,,,Lee,07080104,Lake,,40.712645,-91.435951
6,22560001,Poll Miller Park Lake,07/11/2006 16:03:00,AMBLAKE-ISU,479-61-8,Chlorophyll a,NonFilt,,16.7,ug/l,True,1,,,ISU EPA 445,ISULAKE,Actual,SW,Water,,,Lee,07080104,Lake,,40.712645,-91.435951
6,22560001,Poll Miller Park Lake,07/11/2006 16:03:00,AMBLAKE-ISU,ALK-TOT,"Alkalinity, total",Total,,149,mg/l CaCO3,True,2,,,2320,ISULAKE,Actual,SW,Water,,,Lee,07080104,Lake,,40.712645,-91.435951
6,22560001,Poll Miller Park Lake,07/11/2006 16:03:00,AMBLAKE-ISU,7664-41-7,Ammonia,Total,,0.016,mg/l,False,0.016,,,ISU_UNION_AMMON,ISULAKE,Calculated,SW,Water,,,Lee,07080104,Lake,,40.712645,-91.435951
6,22560001,Poll Miller Park Lake,07/11/2006 16:03:00,AMBLAKE-ISU,NIT-AMM,Ammonia-nitrogen (as N),Total,,0.016,mg/l,False,0.016,,,4500-NH3(F),ISULAKE,Actual,SW,Water,,,Lee,07080104,Lake,,40.712645,-91.435951
6,22560001,Poll Miller Park Lake,06/05/2007 14:30:00,AMBLAKE-ISU,ALK-TOT,"Alkalinity, total",Total,,139,mg/l CaCO3,True,2,,10,2320,ISULAKE,Actual,SW,Water,,,Lee,07080104,Lake,,40.712645,-91.435951
6,22560001,Poll Miller Park Lake,06/05/2007 14:30:00,AMBLAKE-ISU,7664-41-7,Ammonia,Total,,0,,True,0.016,Present Below Quantification Limit,0.082,ISU_UNION_AMMON,ISULAKE,Calculated,SW,Water,,,Lee,07080104,Lake,,40.712645,-91.435951
6,22560001,Poll Miller Park Lake,06/05/2007 14:30:00,AMBLAKE-ISU,7440-44-0,Carbon,Dissolved,,6.3,mg/l,True,1.12,,5.6,5310-B,ISULAKE,Actual,SW,Water,,,Lee,07080104,Lake,,40.712645,-91.435951
6,22560001,Poll Miller Park Lake,06/05/2007 14:30:00,AMBLAKE-ISU,479-61-8,Chlorophyll a,NonFilt,,0,,True,1,Present Below Quantification Limit,5,ISU EPA 445,ISULAKE,Actual,SW,Water,,,Lee,07080104,Lake,,40.712645,-91.435951
6,22560001,Poll Miller Park Lake,06/05/2007 14:30:00,AMBLAKE-ISU,NIT-AMM,Ammonia-nitrogen (as N),Total,,0,,True,0.016,Present Below Quantification Limit,0.082,4500-NH3(F),ISULAKE,Actual,SW,Water,,,Lee,07080104,Lake,,40.712645,-91.435951
6,22560001,Poll Miller Park Lake,06/05/2007 14:30:00,AMBLAKE-ISU,NIT-NO3-NO2,Inorganic nitrogen (nitrate and nitrite) (as N),Total,,0,,True,0.12,Present Below Quantification Limit,0.58,SEC_DERIV_UV,ISULAKE,Actual,SW,Water,,,Lee,07080104,Lake,,40.712645,-91.435951
6,22560001,Poll Miller Park Lake,06/05/2007 14:30:00,AMBLAKE-ISU,NIT-NUTRIENT,Nutrient-nitrogen,Total,,0,,True,0.28,Present Below Quantification Limit,1.38,SEC_DERIV_UV,ISULAKE,Actual,SW,Water,,,Lee,07080104,Lake,,40.712645,-91.435951
6,22560001,Poll Miller Park Lake,06/05/2007 14:30:00,AMBLAKE-ISU,PHOSP-PHOSP,Phosphate-phosphorus (as P),Total,,0.024,mg/l,True,0.002,,0.01,4500-P-E,ISULAKE,Actual,SW,Water,,,Lee,07080104,Lake,,40.712645,-91.435951
6,22560001,Poll Miller Park Lake,06/05/2007 14:30:00,AMBLAKE-ISU,14265-44-2,Orthophosphate (as P),Dissolved,,0,,True,0.001,Present Below Quantification Limit,0.005,4500-P-E,ISULAKE,Actual,SW,Water,,,Lee,07080104,Lake,,40.712645,-91.435951
6,22560001,Poll Miller Park Lake,06/05/2007 14:30:00,AMBLAKE-ISU,TSS,Total suspended solids,NonFilt,,0,,True,1,Present Below Quantification Limit,6,2540-E,ISULAKE,Actual,SW,Water,,,Lee,07080104,Lake,,40.712645,-91.435951
6,22560001,Poll Miller Park Lake,07/10/2007 12:00:00,AMBLAKE-ISU,BAR-PRES,Barometric pressure,Total,,98350,Pascal,True,,,,ISU_AIR_MSRS,,Actual,AIR,Air,,,Lee,07080104,Lake,,40.712645,-91.435951
6,22560001,Poll Miller Park Lake,07/10/2007 12:00:00,AMBLAKE-ISU,PRECIP-DACL,Precipitation during activity (choice list),Total,,0,None,True,,,,Unknown,,,AIR,Air,,,Lee,07080104,Lake,,40.712645,-91.435951
6,22560001,Poll Miller Park Lake,07/10/2007 12:00:00,AMBLAKE-ISU,TEMP-AIR,"Temperature, air",Total,,27.3,deg C,True,,,,Unknown,,Actual,AIR,Air,,,Lee,07080104,Lake,,40.712645,-91.435951
6,22560001,Poll Miller Park Lake,07/10/2007 12:00:00,AMBLAKE-ISU,WIND-DIR,"Wind direction (direction from, expressed 0-360 deg)",Total,,180,Deg,True,,,,Unknown,,Actual,AIR,Air,,,Lee,07080104,Lake,,40.712645,-91.435951
6,22560001,Poll Miller Park Lake,07/10/2007 12:00:00,AMBLAKE-ISU,WIND-FOR,"Wind force, Beaufort scale",Total,,2,None,True,,,,Unknown,,Actual,AIR,Air,,,Lee,07080104,Lake,,40.712645,-91.435951
6,22560001,Poll Miller Park Lake,07/10/2007 12:00:00,AMBLAKE-ISU,WIND-VEL,Wind velocity,Total,,3.8,knots,True,,,,Unknown,,Actual,AIR,Air,,,Lee,07080104,Lake,,40.712645,-91.435951
6,22560001,Poll Miller Park Lake,07/10/2007 12:00:00,AMBLAKE-ISU,DEPTH-BOTTOM,"Depth, bottom",Total,,8.1,m,True,,,,Unknown,,Actual,SW,Water,,,Lee,07080104,Lake,,40.712645,-91.435951
6,22560001,Poll Miller Park Lake,07/10/2007 12:00:00,AMBLAKE-ISU,DEPTH-SECCHI,"Depth, Secchi disk depth",Total,,2,m,True,,,,ISU SECCHI,,Actual,SW,Water,,,Lee,07080104,Lake,,40.712645,-91.435951
6,22560001,Poll Miller Park Lake,07/10/2007 12:00:00,AMBLAKE-ISU,7782-44-7,Dissolved oxygen (DO),Total,,8.2,mg/l,True,,,,ISU 4500-O-G,,Actual,SW,Water,,,Lee,07080104,Lake,,40.712645,-91.435951
6,22560001,Poll Miller Park Lake,07/10/2007 12:00:00,AMBLAKE-ISU,DO-SAT,Dissolved oxygen saturation,Total,,107,%,True,,,,ISU 4500-O-G,,Actual,SW,Water,,,Lee,07080104,Lake,,40.712645,-91.435951
6,22560001,Poll Miller Park Lake,07/10/2007 12:00:00,AMBLAKE-ISU,PH,pH,Total,,8.5,None,True,,,,ISU 4500-H,,Actual,SW,Water,,,Lee,07080104,Lake,,40.712645,-91.435951
6,22560001,Poll Miller Park Lake,07/10/2007 12:00:00,AMBLAKE-ISU,SPEC-COND,Specific conductance,Total,,360,uS/cm,True,,,,ISU 2510,,Actual,SW,Water,,,Lee,07080104,Lake,,40.712645,-91.435951
6,22560001,Poll Miller Park Lake,07/10/2007 12:00:00,AMBLAKE-ISU,TEMP-WATER,"Temperature, water",Total,,28.7,deg C,True,,,,ISU 2550,,Actual,SW,Water,,,Lee,07080104,Lake,,40.712645,-91.435951
6,22560001,Poll Miller Park Lake,08/06/2007 14:15:00,AMBLAKE-ISU,BAR-PRES,Barometric pressure,Total,,98470,Pascal,True,,,,ISU_AIR_MSRS,,Actual,AIR,Air,,,Lee,07080104,Lake,,40.712645,-91.435951
6,22560001,Poll Miller Park Lake,08/06/2007 14:15:00,AMBLAKE-ISU,PRECIP-DACL,Precipitation during activity (choice list),Total,,0,None,True,,,,Unknown,,,AIR,Air,,,Lee,07080104,Lake,,40.712645,-91.435951
6,22560001,Poll Miller Park Lake,08/06/2007 14:15:00,AMBLAKE-ISU,TEMP-AIR,"Temperature, air",Total,,29.4,deg C,True,,,,Unknown,,Actual,AIR,Air,,,Lee,07080104,Lake,,40.712645,-91.435951
6,22560001,Poll Miller Park Lake,08/06/2007 14:15:00,AMBLAKE-ISU,WIND-DIR,"Wind direction (direction from, expressed 0-360 deg)",Total,,135,Deg,True,,,,Unknown,,Actual,AIR,Air,,,Lee,07080104,Lake,,40.712645,-91.435951
6,22560001,Poll Miller Park Lake,08/06/2007 14:15:00,AMBLAKE-ISU,WIND-FOR,"Wind force, Beaufort scale",Total,,1,None,True,,,,Unknown,,Actual,AIR,Air,,,Lee,07080104,Lake,,40.712645,-91.435951
6,22560001,Poll Miller Park Lake,08/06/2007 14:15:00,AMBLAKE-ISU,WIND-VEL,Wind velocity,Total,,1.4,knots,True,,,,Unknown,,Actual,AIR,Air,,,Lee,07080104,Lake,,40.712645,-91.435951
6,22560001,Poll Miller Park Lake,08/06/2007 14:15:00,AMBLAKE-ISU,DEPTH-BOTTOM,"Depth, bottom",Total,,8,m,True,,,,Unknown,,Actual,SW,Water,,,Lee,07080104,Lake,,40.712645,-91.435951
6,16560001,Bonnell Creek,06/12/2002 14:30:00,REMAP,7782-44-7,Dissolved oxygen (DO),Total,,7.7,mg/l,True,0.1,,,Unknown,,Actual,SW,Water,,,Lee,07080104,River/Stream,,40.680037,-91.502556
6,16560001,Bonnell Creek,06/12/2002 14:30:00,REMAP,TEMP-WATER,"Temperature, water",Total,,22.2,deg C,True,0,,,Unknown,,Actual,SW,Water,,,Lee,07080104,River/Stream,,40.680037,-91.502556
6,16560001,Bonnell Creek,06/12/2002 14:30:00,REMAP,FLOW,Flow,Total,,23.4,cfs,True,0.1,,,USGS CA8,,Actual,SW,Water,,,Lee,07080104,River/Stream,,40.680037,-91.502556
6,16560001,Bonnell Creek,06/12/2002 14:30:00,REMAP,PH,pH,Total,,7.7,None,True,,,,4500-H,,Actual,SW,Water,,,Lee,07080104,River/Stream,,40.680037,-91.502556
6,16560001,Bonnell Creek,06/12/2002 14:30:00,REMAP,NIT-NO3-NO2,Inorganic nitrogen (nitrate and nitrite) (as N),Total,,6.9,mg/l,True,0.1,,,353.2,UHL001,Actual,SW,Water,,,Lee,07080104,River/Stream,,40.680037,-91.502556
6,16560001,Bonnell Creek,06/12/2002 14:30:00,REMAP,NIT-KJELD,Kjeldahl nitrogen (AS N),Total,,1.8,mg/l,True,0.05,,,351.1,UHL001,Actual,SW,Water,,,Lee,07080104,River/Stream,,40.680037,-91.502556
6,16560001,Bonnell Creek,06/12/2002 14:30:00,REMAP,7631-86-9,Silica,Dissolved,,14,mg/l,True,1,,,370.1,UHL001,Actual,SW,Water,,,Lee,07080104,River/Stream,,40.680037,-91.502556
6,16560001,Bonnell Creek,06/12/2002 14:30:00,REMAP,NIT-AMM,Ammonia-nitrogen (as N),Total,,0.11,mg/l,True,0.05,,,350.1,UHL001,Actual,SW,Water,,,Lee,07080104,River/Stream,,40.680037,-91.502556
6,16560001,Bonnell Creek,06/12/2002 14:30:00,REMAP,14808-79-8,Sulfate (as SO4),Total,,19,mg/l,True,1,,,300(A),UHL001,Actual,SW,Water,,,Lee,07080104,River/Stream,,40.680037,-91.502556
6,16560001,Bonnell Creek,06/12/2002 14:30:00,REMAP,16887-00-6,Chloride,Total,,12,mg/l,True,1,,,300(A),UHL001,Actual,SW,Water,,,Lee,07080104,River/Stream,,40.680037,-91.502556
6,16560001,Bonnell Creek,06/12/2002 14:30:00,REMAP,11003-45-5,Chlorophyll c,NonFilt,,1,ug/l,False,1,,,10200-H,UHL001,Actual,SW,Water,,,Lee,07080104,River/Stream,,40.680037,-91.502556
6,16560001,Bonnell Creek,06/12/2002 14:30:00,REMAP,479-61-8,Chlorophyll a,NonFilt,,2,ug/l,True,1,,,10200-H,UHL001,Actual,SW,Water,,,Lee,07080104,River/Stream,,40.680037,-91.502556
6,16560001,Bonnell Creek,06/12/2002 14:30:00,REMAP,519-62-0,Chlorophyll b,NonFilt,,1,ug/l,False,1,,,10200-H,UHL001,Actual,SW,Water,,,Lee,07080104,River/Stream,,40.680037,-91.502556
6,16560001,Bonnell Creek,06/12/2002 14:30:00,REMAP,603-17-8,Pheophytin a,NonFilt,,2,ug/l,True,1,,,10200-H,UHL001,Actual,SW,Water,,,Lee,07080104,River/Stream,,40.680037,-91.502556
6,16560001,Bonnell Creek,06/12/2002 14:30:00,REMAP,CLR-A-UCP,"Chlorophyll a, uncorrected for pheophytin",NonFilt,,3,ug/l,True,1,,,10200-H,UHL001,Actual,SW,Water,,,Lee,07080104,River/Stream,,40.680037,-91.502556
6,16560001,Bonnell Creek,06/12/2002 14:30:00,REMAP,TURB,Turbidity,Total,,140,NTU,True,1,,,180.1,UHL001,Actual,SW,Water,,,Lee,07080104,River/Stream,,40.680037,-91.502556
6,16560001,Bonnell Creek,06/12/2002 14:30:00,REMAP,HARD-CARB,"Hardness, carbonate",Total,,160,mg/l,True,1,,,130.2,UHL001,Actual,SW,Water,,,Lee,07080104,River/Stream,,40.680037,-91.502556
6,16560001,Bonnell Creek,06/12/2002 14:30:00,REMAP,PHOSP-PHOSP,Phosphate-phosphorus (as P),Total,,0.55,mg/l,True,0.05,,,365.4,UHL001,Actual,SW,Water,,,Lee,07080104,River/Stream,,40.680037,-91.502556
6,16560001,Bonnell Creek,06/12/2002 14:30:00,REMAP,TDS,Total dissolved solids,Dissolved,,120,mg/l,True,1,,,160.1,UHL001,Actual,SW,Water,,,Lee,07080104,River/Stream,,40.680037,-91.502556
6,16560001,Bonnell Creek,06/12/2002 14:30:00,REMAP,SPEC-COND,Specific conductance,Total,,400,uS/cm,True,1,,,2510,UHL001,Actual,SW,Water,,,Lee,07080104,River/Stream,,40.680037,-91.502556
6,16560001,Bonnell Creek,06/12/2002 14:30:00,REMAP,14265-44-2,Orthophosphate (as P),Dissolved,,0.29,mg/l,True,0.05,,,365.1,UHL001,Actual,SW,Water,,,Lee,07080104,River/Stream,,40.680037,-91.502556
6,16560001,Bonnell Creek,06/27/2002 10:20:00,REMAP,PH,pH,Total,,7.4,None,True,,,,4500-H,,Actual,SW,Water,,,Lee,07080104,River/Stream,,40.680037,-91.502556
6,16560001,Bonnell Creek,06/27/2002 10:20:00,REMAP,7782-44-7,Dissolved oxygen (DO),Total,,6.7,mg/l,True,0.1,,,Unknown,,Actual,SW,Water,,,Lee,07080104,River/Stream,,40.680037,-91.502556
6,16560001,Bonnell Creek,06/27/2002 10:20:00,REMAP,TEMP-WATER,"Temperature, water",Total,,21.3,deg C,True,0,,,Unknown,,Actual,SW,Water,,,Lee,07080104,River/Stream,,40.680037,-91.502556
6,16560001,Bonnell Creek,06/27/2002 10:20:00,REMAP,FLOW,Flow,Total,,2.6,cfs,True,0.1,,,USGS CA8,,Actual,SW,Water,,,Lee,07080104,River/Stream,,40.680037,-91.502556
6,16560001,Bonnell Creek,06/27/2002 10:20:00,REMAP,NIT-NO3-NO2,Inorganic nitrogen (nitrate and nitrite) (as N),Total,,3.8,mg/l,True,0.1,,,353.2,UHL001,Actual,SW,Water,,,Lee,07080104,River/Stream,,40.680037,-91.502556
6,16560001,Bonnell Creek,06/27/2002 10:20:00,REMAP,NIT-AMM,Ammonia-nitrogen (as N),Total,,0.33,mg/l,True,0.05,,,350.1,UHL001,Actual,SW,Water,,,Lee,07080104,River/Stream,,40.680037,-91.502556
6,16560001,Bonnell Creek,06/27/2002 10:20:00,REMAP,TVSS,Volatile Suspended Solids,NonFilt,,14,mg/l,True,1,,,160.4,UHL001,Actual,SW,Water,,,Lee,07080104,River/Stream,,40.680037,-91.502556
6,16560001,Bonnell Creek,06/27/2002 10:20:00,REMAP,11003-45-5,Chlorophyll c,NonFilt,,1,ug/l,False,1,,,10200-H,UHL001,Actual,SW,Water,,,Lee,07080104,River/Stream,,40.680037,-91.502556
6,16560001,Bonnell Creek,06/27/2002 10:20:00,REMAP,479-61-8,Chlorophyll a,NonFilt,,3,ug/l,True,1,,,10200-H,UHL001,Actual,SW,Water,,,Lee,07080104,River/Stream,,40.680037,-91.502556
6,16560001,Bonnell Creek,06/27/2002 10:20:00,REMAP,519-62-0,Chlorophyll b,NonFilt,,1,ug/l,False,1,,,10200-H,UHL001,Actual,SW,Water,,,Lee,07080104,River/Stream,,40.680037,-91.502556
6,16560001,Bonnell Creek,06/27/2002 10:20:00,REMAP,603-17-8,Pheophytin a,NonFilt,,2,ug/l,True,1,,,10200-H,UHL001,Actual,SW,Water,,,Lee,07080104,River/Stream,,40.680037,-91.502556
6,16560001,Bonnell Creek,06/27/2002 10:20:00,REMAP,CLR-A-UCP,"Chlorophyll a, uncorrected for pheophytin",NonFilt,,4,ug/l,True,1,,,10200-H,UHL001,Actual,SW,Water,,,Lee,07080104,River/Stream,,40.680037,-91.502556
6,16560001,Bonnell Creek,06/27/2002 10:20:00,REMAP,16887-00-6,Chloride,Total,,12,mg/l,True,1,,,300(A),UHL001,Actual,SW,Water,,,Lee,07080104,River/Stream,,40.680037,-91.502556
6,16560001,Bonnell Creek,07/11/2002 10:10:00,REMAP,TSS,Total suspended solids,NonFilt,,2,mg/l,True,1,,,I3765,UHL001,Actual,SW,Water,,,Lee,07080104,River/Stream,,40.680037,-91.502556
6,16560001,Bonnell Creek,07/11/2002 10:10:00,REMAP,TVSS,Volatile Suspended Solids,NonFilt,,1,mg/l,True,1,,,160.4,UHL001,Actual,SW,Water,,,Lee,07080104,River/Stream,,40.680037,-91.502556
6,16560001,Bonnell Creek,07/11/2002 10:10:00,REMAP,NIT-KJELD,Kjeldahl nitrogen (AS N),Total,,0.49,mg/l,True,0.05,,,351.1,UHL001,Actual,SW,Water,,,Lee,07080104,River/Stream,,40.680037,-91.502556
6,16560001,Bonnell Creek,07/11/2002 10:10:00,REMAP,NIT-NO3-NO2,Inorganic nitrogen (nitrate and nitrite) (as N),Total,,1.4,mg/l,True,0.1,,,353.2,UHL001,Actual,SW,Water,,,Lee,07080104,River/Stream,,40.680037,-91.502556
6,16560001,Bonnell Creek,07/11/2002 10:10:00,REMAP,7631-86-9,Silica,Dissolved,,12,mg/l,True,1,,,370.1,UHL001,Actual,SW,Water,,,Lee,07080104,River/Stream,,40.680037,-91.502556
6,16560001,Bonnell Creek,07/11/2002 10:10:00,REMAP,TURB,Turbidity,Total,,3.3,NTU,True,1,,,180.1,UHL001,Actual,SW,Water,,,Lee,07080104,River/Stream,,40.680037,-91.502556
6,16560001,Bonnell Creek,07/11/2002 10:10:00,REMAP,NIT-AMM,Ammonia-nitrogen (as N),Total,,0.08,mg/l,True,0.05,,,350.1,UHL001,Actual,SW,Water,,,Lee,07080104,River/Stream,,40.680037,-91.502556
6,16560001,Bonnell Creek,07/11/2002 10:10:00,REMAP,16887-00-6,Chloride,Total,,16,mg/l,True,1,,,300(A),UHL001,Actual,SW,Water,,,Lee,07080104,River/Stream,,40.680037,-91.502556
6,16560001,Bonnell Creek,07/11/2002 10:10:00,REMAP,TDS,Total dissolved solids,Dissolved,,420,mg/l,True,1,,,160.1,UHL001,Actual,SW,Water,,,Lee,07080104,River/Stream,,40.680037,-91.502556
6,16560001,Bonnell Creek,07/11/2002 10:10:00,REMAP,PHOSP-PHOSP,Phosphate-phosphorus (as P),Total,,0.1,mg/l,True,0.05,,,365.4,UHL001,Actual,SW,Water,,,Lee,07080104,River/Stream,,40.680037,-91.502556
6,16560003,Des Moines River - Site 202,09/14/2006 09:45:00,REMAP,PH,pH,Total,,8.6,None,True,,,,4500-H,,Actual,SW,Water,,,Lee,07100009,River/Stream,,40.597417,-91.715468
6,16560003,Des Moines River - Site 202,09/14/2006 09:45:00,REMAP,16887-00-6,Chloride,Total,,42,mg/l,True,1,,,300(A),UHL001,Actual,SW,Water,,,Lee,07100009,River/Stream,,40.597417,-91.715468
6,16560003,Des Moines River - Site 202,09/14/2006 09:45:00,REMAP,7631-86-9,Silica,Dissolved,,13,mg/l,True,1,,,370.1,UHL001,Actual,SW,Water,,,Lee,07100009,River/Stream,,40.597417,-91.715468
6,16560003,Des Moines River - Site 202,09/14/2006 09:45:00,REMAP,NIT-KJELD,Kjeldahl nitrogen (AS N),Total,,1,mg/l,True,0.1,,,351.2,UHL001,Actual,SW,Water,,,Lee,07100009,River/Stream,,40.597417,-91.715468
6,16560003,Des Moines River - Site 202,09/14/2006 09:45:00,REMAP,NIT-NO3-NO2,Inorganic nitrogen (nitrate and nitrite) (as N),Total,,1.4,mg/l,True,0.05,,,353.2,UHL001,Actual,SW,Water,,,Lee,07100009,River/Stream,,40.597417,-91.715468
6,16560003,Des Moines River - Site 202,09/14/2006 09:45:00,REMAP,TSS,Total suspended solids,NonFilt,,190,mg/l,True,1,,,I3765,UHL001,Actual,SW,Water,,,Lee,07100009,River/Stream,,40.597417,-91.715468
6,16560003,Des Moines River - Site 202,09/14/2006 09:45:00,REMAP,CLR-A-FREE,"Chlorophyll a, free of pheophytin",NonFilt,,71,ug/l,True,1,,,445,UHL001,Actual,SW,Water,,,Lee,07100009,River/Stream,,40.597417,-91.715468
6,16560003,Des Moines River - Site 202,09/14/2006 09:45:00,REMAP,14265-44-2,Orthophosphate (as P),Dissolved,,0.12,mg/l,True,0.02,,,365.1,UHL001,Actual,SW,Water,,,Lee,07100009,River/Stream,,40.597417,-91.715468
6,16560003,Des Moines River - Site 202,09/14/2006 09:45:00,REMAP,TVSS,Volatile Suspended Solids,NonFilt,,19,mg/l,True,1,,,160.4,UHL001,Actual,SW,Water,,,Lee,07100009,River/Stream,,40.597417,-91.715468
6,16560003,Des Moines River - Site 202,09/14/2006 09:45:00,REMAP,PHOSP-PHOSP,Phosphate-phosphorus (as P),Total,,0.69,mg/l,True,0.02,,,365.4,UHL001,Actual,SW,Water,,,Lee,07100009,River/Stream,,40.597417,-91.715468
6,16560003,Des Moines River - Site 202,09/14/2006 09:45:00,REMAP,TDS,Total dissolved solids,Dissolved,,340,mg/l,True,1,,,160.1,UHL001,Actual,SW,Water,,,Lee,07100009,River/Stream,,40.597417,-91.715468
6,16560003,Des Moines River - Site 202,09/14/2006 09:45:00,REMAP,TURB,Turbidity,Total,,76,NTU,True,1,,,180.1,UHL001,Actual,SW,Water,,,Lee,07100009,River/Stream,,40.597417,-91.715468
6,16560003,Des Moines River - Site 202,09/14/2006 09:45:00,REMAP,NIT-AMM,Ammonia-nitrogen (as N),Total,,0.05,mg/l,False,0.05,,,350.1,UHL001,Actual,SW,Water,,,Lee,07100009,River/Stream,,40.597417,-91.715468
6,16560003,Des Moines River - Site 202,10/17/2006 10:10:00,REMAP,CLR-A-FREE,"Chlorophyll a, free of pheophytin",NonFilt,,36,ug/l,True,1,,,445,UHL001,Actual,SW,Water,,,Lee,07100009,River/Stream,,40.597417,-91.715468
6,16560003,Des Moines River - Site 202,10/17/2006 10:10:00,REMAP,TSS,Total suspended solids,NonFilt,,4,mg/l,True,1,,,I3765,UHL001,Actual,SW,Water,,,Lee,07100009,River/Stream,,40.597417,-91.715468
6,16560003,Des Moines River - Site 202,10/17/2006 10:10:00,REMAP,TVSS,Volatile Suspended Solids,NonFilt,,2,mg/l,True,1,,,160.4,UHL001,Actual,SW,Water,,,Lee,07100009,River/Stream,,40.597417,-91.715468
6,16560003,Des Moines River - Site 202,10/17/2006 10:10:00,REMAP,PHOSP-PHOSP,Phosphate-phosphorus (as P),Total,,0.23,mg/l,True,0.02,,,365.4,UHL001,Actual,SW,Water,,,Lee,07100009,River/Stream,,40.597417,-91.715468
6,22560001,Poll Miller Park Lake,06/21/2005 09:40:00,AMBLAKE-SHL,DEPTH-THERMO,"Depth, thermocline",Total,,3.2,m,True,,,,Unknown,,Actual,SW,Water,,,Lee,07080104,Lake,,40.712645,-91.435951
6,22560001,Poll Miller Park Lake,08/10/2005 09:45:00,AMBLAKE-SHL,DEPTH-THERMO,"Depth, thermocline",Total,,4.5,m,True,,,,Unknown,,Actual,SW,Water,,,Lee,07080104,Lake,,40.712645,-91.435951
6,22560001,Poll Miller Park Lake,04/27/2006 09:30:00,AMBLAKE-SHL,DEPTH-THERMO,"Depth, thermocline",Total,,3.6,m,True,,,,Unknown,,Actual,SW,Water,,,Lee,07080104,Lake,,40.712645,-91.435951
6,22560001,Poll Miller Park Lake,05/31/2006 10:00:00,AMBLAKE-SHL,DEPTH-THERMO,"Depth, thermocline",Total,,1.8,m,True,,,,Unknown,,Actual,SW,Water,,,Lee,07080104,Lake,,40.712645,-91.435951
6,22560001,Poll Miller Park Lake,05/14/2008 09:15:00,AMBLAKE-SHL,DEPTH-THERMO,"Depth, thermocline",Total,,3.7,m,True,,,,Unknown,,Actual,SW,Water,,,Lee,07080104,Lake,,40.712645,-91.435951
6,22560001,Poll Miller Park Lake,07/23/2008 09:50:00,AMBLAKE-SHL,DEPTH-THERMO,"Depth, thermocline",Total,,2.4,m,True,,,,Unknown,,Actual,SW,Water,,,Lee,07080104,Lake,,40.712645,-91.435951
6,22560001,Poll Miller Park Lake,08/17/2009 15:00:00,AMBLAKE-ISU,NIT-AMM,Ammonia-nitrogen (as N),Total,,0.13,mg/l,False,0.13,,,4500-NH3(F),ISULAKE,Actual,SW,Water,,,Lee,07080104,Lake,,40.712645,-91.435951
6,22560001,Poll Miller Park Lake,08/17/2009 15:00:00,AMBLAKE-ISU,ALK-TOT,"Alkalinity, total",Total,,110,mg/l CaCO3,True,10,,,2320-B,ISULAKE,Actual,SW,Water,,,Lee,07080104,Lake,,40.712645,-91.435951
6,22560001,Poll Miller Park Lake,08/17/2009 15:00:00,AMBLAKE-ISU,479-61-8,Chlorophyll a,NonFilt,,20,ug/l,True,5,,,445,ISULAKE,Actual,SW,Water,,,Lee,07080104,Lake,,40.712645,-91.435951
6,22560001,Poll Miller Park Lake,08/17/2009 15:00:00,AMBLAKE-ISU,TFSS,Fixed suspended solids,NonFilt,,12.3,mg/l,True,4,,,2540-E,ISULAKE,Actual,SW,Water,,,Lee,07080104,Lake,,40.712645,-91.435951
6,22560001,Poll Miller Park Lake,08/17/2009 15:00:00,AMBLAKE-ISU,TSS,Total suspended solids,NonFilt,,18,mg/l,True,5,,,2540-E,ISULAKE,Actual,SW,Water,,,Lee,07080104,Lake,,40.712645,-91.435951
6,22560001,Poll Miller Park Lake,08/17/2009 15:00:00,AMBLAKE-ISU,TVSS,Volatile Suspended Solids,NonFilt,,8,mg/l,False,8,,,2540-E,ISULAKE,Actual,SW,Water,,,Lee,07080104,Lake,,40.712645,-91.435951
6,22560001,Poll Miller Park Lake,08/17/2009 15:00:00,AMBLAKE-ISU,NIT-NO3-NO2,Inorganic nitrogen (nitrate and nitrite) (as N),Total,,0.5,mg/l,False,0.5,,,SEC_DERIV_UV,ISULAKE,Actual,SW,Water,,,Lee,07080104,Lake,,40.712645,-91.435951
6,22560001,Poll Miller Park Lake,08/17/2009 15:00:00,AMBLAKE-ISU,NIT-NUTRIENT,Nutrient-nitrogen,Total,,0.9,mg/l,True,0.75,,,SEC_DERIV_UV,ISULAKE,Actual,SW,Water,,,Lee,07080104,Lake,,40.712645,-91.435951
6,22560001,Poll Miller Park Lake,08/17/2009 15:00:00,AMBLAKE-ISU,7440-44-0,Carbon,Dissolved,,6.2,mg/l,False,6.2,,,5310-B,ISULAKE,Actual,SW,Water,,,Lee,07080104,Lake,,40.712645,-91.435951
6,22560001,Poll Miller Park Lake,08/17/2009 15:00:00,AMBLAKE-ISU,14265-44-2,Orthophosphate (as P),Dissolved,,0.009,mg/l,False,0.009,,,ISU 4500-P-E,ISULAKE,Actual,SW,Water,,,Lee,07080104,Lake,,40.712645,-91.435951
6,22560001,Poll Miller Park Lake,08/17/2009 15:00:00,AMBLAKE-ISU,PHOSP-PHOSP,Phosphate-phosphorus (AS P),Total,,0.0421,mg/l,True,0.014,,,ISU 4500-P-E,ISULAKE,Actual,SW,Water,,,Lee,07080104,Lake,,40.712645,-91.435951
6,22560001,Poll Miller Park Lake,06/16/2009 14:32:00,AMBLAKE-ISU,DEPTH-BOTTOM,"Depth, bottom",Total,,8.5,m,True,,,,Unknown,ISULAKE,Actual,SW,Water,,,Lee,07080104,Lake,,40.712645,-91.435951
6,22560001,Poll Miller Park Lake,06/16/2009 14:32:00,AMBLAKE-ISU,DEPTH-THERMO,"Depth, thermocline",Total,,3.2,m,True,0,,,Unknown,ISULAKE,Actual,SW,Water,,,Lee,07080104,Lake,,40.712645,-91.435951
6,22560001,Poll Miller Park Lake,06/16/2009 14:32:00,AMBLAKE-ISU,DEPTH-SECCHI,"Depth, Secchi disk depth",Total,,1.6,m,True,,,,ISU SECCHI,ISULAKE,Actual,SW,Water,,,Lee,07080104,Lake,,40.712645,-91.435951
6,22560001,Poll Miller Park Lake,06/16/2009 14:32:00,AMBLAKE-ISU,7782-44-7,Dissolved oxygen (DO),Total,,10.3,mg/l,True,1,,,ISU 4500-O-G,ISULAKE,Actual,SW,Water,,,Lee,07080104,Lake,,40.712645,-91.435951
6,22560001,Poll Miller Park Lake,06/16/2009 14:32:00,AMBLAKE-ISU,DO-SAT,Dissolved oxygen saturation,Total,,119,%,True,10,,,ISU 4500-O-G,ISULAKE,Actual,SW,Water,,,Lee,07080104,Lake,,40.712645,-91.435951
6,22560001,Poll Miller Park Lake,06/16/2009 14:32:00,AMBLAKE-ISU,PH,pH,Total,,8.9,None,True,,,,ISU 2510,ISULAKE,Actual,SW,Water,,,Lee,07080104,Lake,,40.712645,-91.435951
6,22560001,Poll Miller Park Lake,06/16/2009 14:32:00,AMBLAKE-ISU,SPEC-COND,Specific conductance,Total,,290,uS/cm,True,5,,,ISU 2510,ISULAKE,Actual,SW,Water,,,Lee,07080104,Lake,,40.712645,-91.435951
6,22560001,Poll Miller Park Lake,06/16/2009 14:32:00,AMBLAKE-ISU,TEMP-WATER,"Temperature, water",Total,,22,deg C,True,0,,,ISU 2510,ISULAKE,Actual,SW,Water,,,Lee,07080104,Lake,,40.712645,-91.435951
6,22560001,Poll Miller Park Lake,06/16/2009 14:32:00,AMBLAKE-ISU,TURB,Turbidity,Total,,5,NTU,True,0.3,,,ISU 2130-B,ISULAKE,Actual,SW,Water,,,Lee,07080104,Lake,,40.712645,-91.435951
6,22560001,Poll Miller Park Lake,07/22/2009 11:45:00,AMBLAKE-ISU,DEPTH-BOTTOM,"Depth, bottom",Total,,8.2,m,True,,,,Unknown,ISULAKE,Actual,SW,Water,,,Lee,07080104,Lake,,40.712645,-91.435951
6,22560001,Poll Miller Park Lake,07/22/2009 11:45:00,AMBLAKE-ISU,DEPTH-THERMO,"Depth, thermocline",Total,,3.9,m,True,0,,,Unknown,ISULAKE,Actual,SW,Water,,,Lee,07080104,Lake,,40.712645,-91.435951
6,22560001,Poll Miller Park Lake,07/22/2009 11:45:00,AMBLAKE-ISU,DEPTH-SECCHI,"Depth, Secchi disk depth",Total,,1.1,m,True,,,,ISU SECCHI,ISULAKE,Actual,SW,Water,,,Lee,07080104,Lake,,40.712645,-91.435951
6,22560001,Poll Miller Park Lake,07/22/2009 11:45:00,AMBLAKE-ISU,7782-44-7,Dissolved oxygen (DO),Total,,7.4,mg/l,True,1,,,ISU 4500-O-G,ISULAKE,Actual,SW,Water,,,Lee,07080104,Lake,,40.712645,-91.435951
6,22560001,Poll Miller Park Lake,07/22/2009 11:45:00,AMBLAKE-ISU,DO-SAT,Dissolved oxygen saturation,Total,,86,%,True,10,,,ISU 4500-O-G,ISULAKE,Actual,SW,Water,,,Lee,07080104,Lake,,40.712645,-91.435951
6,22560001,Poll Miller Park Lake,07/22/2009 11:45:00,AMBLAKE-ISU,PH,pH,Total,,8.5,None,True,,,,ISU 2510,ISULAKE,Actual,SW,Water,,,Lee,07080104,Lake,,40.712645,-91.435951
6,22560001,Poll Miller Park Lake,07/22/2009 11:45:00,AMBLAKE-ISU,SPEC-COND,Specific conductance,Total,,280,uS/cm,True,5,,,ISU 2510,ISULAKE,Actual,SW,Water,,,Lee,07080104,Lake,,40.712645,-91.435951
6,22560001,Poll Miller Park Lake,07/22/2009 11:45:00,AMBLAKE-ISU,TEMP-WATER,"Temperature, water",Total,,23.1,deg C,True,0,,,ISU 2510,ISULAKE,Actual,SW,Water,,,Lee,07080104,Lake,,40.712645,-91.435951
6,22560001,Poll Miller Park Lake,07/22/2009 11:45:00,AMBLAKE-ISU,TURB,Turbidity,Total,,8.9,NTU,True,0.3,,,ISU 2130-B,ISULAKE,Actual,SW,Water,,,Lee,07080104,Lake,,40.712645,-91.435951
6,21560001,Pollmiller Park Beach,06/14/2010 07:15:00,BEACHCCO,68583-22-2,Escherichia coli,Total,,98,MPN/100ml,True,10,,,9223-B,BEA002,Actual,SW,Water,,,Lee,07080104,Lake,,40.71262,-91.437202
6,21560001,Pollmiller Park Beach,06/28/2010 06:45:00,BEACHCCO,68583-22-2,Escherichia coli,Total,,20,MPN/100ml,True,10,,,9223-B,BEA002,Actual,SW,Water,,,Lee,07080104,Lake,,40.71262,-91.437202
6,21560001,Pollmiller Park Beach,07/12/2010 07:15:00,BEACHCCO,68583-22-2,Escherichia coli,Total,,10,MPN/100ml,False,10,,,9223-B,BEA002,Actual,SW,Water,,,Lee,07080104,Lake,,40.71262,-91.437202
6,21560001,Pollmiller Park Beach,07/19/2010 07:30:00,BEACHCCO,68583-22-2,Escherichia coli,Total,,10,MPN/100ml,False,10,,,9223-B,BEA002,Actual,SW,Water,,,Lee,07080104,Lake,,40.71262,-91.437202
6,21560001,Pollmiller Park Beach,07/26/2010 07:20:00,BEACHCCO,68583-22-2,Escherichia coli,Total,,10,MPN/100ml,False,10,,,9223-B,BEA002,Actual,SW,Water,,,Lee,07080104,Lake,,40.71262,-91.437202
6,21560001,Pollmiller Park Beach,08/02/2010 07:12:00,BEACHCCO,68583-22-2,Escherichia coli,Total,,10,MPN/100ml,False,10,,,9223-B,BEA002,Actual,SW,Water,,,Lee,07080104,Lake,,40.71262,-91.437202
6,21560001,Pollmiller Park Beach,08/16/2010 07:45:00,BEACHCCO,68583-22-2,Escherichia coli,Total,,10,MPN/100ml,True,10,,,9223-B,BEA002,Actual,SW,Water,,,Lee,07080104,Lake,,40.71262,-91.437202
6,21560001,Pollmiller Park Beach,08/30/2010 07:15:00,BEACHCCO,68583-22-2,Escherichia coli,Total,,10,MPN/100ml,False,10,,,9223-B,BEA002,Actual,SW,Water,,,Lee,07080104,Lake,,40.71262,-91.437202
6,22560001,Poll Miller Park Lake,05/26/2010 11:45:00,AMBLAKE-ISU,TSS,Total suspended solids,NonFilt,,29.2,mg/l,True,5,,,2540-D,ISULAKE,Actual,SW,Water,,,Lee,07080104,Lake,,40.712645,-91.435951
6,22560001,Poll Miller Park Lake,05/26/2010 11:45:00,AMBLAKE-ISU,TFSS,Fixed suspended solids,NonFilt,,5.2,mg/l,True,4,,,2540-E,ISULAKE,Actual,SW,Water,,,Lee,07080104,Lake,,40.712645,-91.435951
6,22560001,Poll Miller Park Lake,05/26/2010 11:45:00,AMBLAKE-ISU,NIT-AMM,Ammonia-nitrogen (as N),Total,,0.136,mg/l,False,0.136,,,4500-NH3(F),ISULAKE,Calculated,SW,Water,,,Lee,07080104,Lake,,40.712645,-91.435951
6,22560001,Poll Miller Park Lake,05/26/2010 11:45:00,AMBLAKE-ISU,NIT-NO3-NO2,Inorganic nitrogen (nitrate and nitrite) (as N),Total,,0.5,mg/l,False,0.5,,,4500-NO3(E),ISULAKE,Actual,SW,Water,,,Lee,07080104,Lake,,40.712645,-91.435951
6,22560001,Poll Miller Park Lake,05/26/2010 11:45:00,AMBLAKE-ISU,7440-44-0,Carbon,Total,,6.65,mg/l,True,5.6,,,5310-B,ISULAKE,Actual,SW,Water,,,Lee,07080104,Lake,,40.712645,-91.435951
6,22560001,Poll Miller Park Lake,05/26/2010 11:45:00,AMBLAKE-ISU,14265-44-2,Orthophosphate (as P),Dissolved,,0.008,mg/l,False,0.008,,,ISU 4500-P-E,ISULAKE,Actual,SW,Water,,,Lee,07080104,Lake,,40.712645,-91.435951
6,22560001,Poll Miller Park Lake,05/26/2010 11:45:00,AMBLAKE-ISU,PHOSP-PHOSP,Phosphate-phosphorus (as P),Total,,0.1032,mg/l,True,0.011,,,ISU 4500-P-E,ISULAKE,Actual,SW,Water,,,Lee,07080104,Lake,,40.712645,-91.435951
6,22560001,Poll Miller Park Lake,07/14/2010 07:20:00,AMBLAKE-ISU,TURB,Turbidity,Total,,4.1,NTU,True,0.3,,,ISU 2130-B,ISULAKE,Actual,SW,Water,,,Lee,07080104,Lake,,40.712645,-91.435951
6,22560001,Poll Miller Park Lake,07/14/2010 07:20:00,AMBLAKE-ISU,PH,pH,Total,,8.2,None,True,0.2,,,ISU 2510,ISULAKE,Actual,SW,Water,,,Lee,07080104,Lake,,40.712645,-91.435951
6,22560001,Poll Miller Park Lake,07/14/2010 07:20:00,AMBLAKE-ISU,SPEC-COND,Specific conductance,Total,,200,uS/cm,True,1,,,ISU 2510,ISULAKE,Actual,SW,Water,,,Lee,07080104,Lake,,40.712645,-91.435951
6,22560001,Poll Miller Park Lake,07/14/2010 07:20:00,AMBLAKE-ISU,TEMP-WATER,"Temperature, water",Total,,28,deg C,True,-5,,,ISU 2550,ISULAKE,Actual,SW,Water,,,Lee,07080104,Lake,,40.712645,-91.435951
6,22560001,Poll Miller Park Lake,07/14/2010 07:20:00,AMBLAKE-ISU,7782-44-7,Dissolved oxygen (DO),Total,,9,mg/l,True,0.2,,,ISU 4500-O-G,ISULAKE,Actual,SW,Water,,,Lee,07080104,Lake,,40.712645,-91.435951
6,22560001,Poll Miller Park Lake,07/14/2010 07:20:00,AMBLAKE-ISU,DO-SAT,Dissolved oxygen saturation,Total,,114.6,%,True,2,,,ISU 4500-O-G,ISULAKE,Actual,SW,Water,,,Lee,07080104,Lake,,40.712645,-91.435951
6,22560001,Poll Miller Park Lake,07/14/2010 07:20:00,AMBLAKE-ISU,DEPTH-SECCHI,"Depth, Secchi disk depth",Total,,0.9,m,True,0,,,ISU SECCHI,ISULAKE,Actual,SW,Water,,,Lee,07080104,Lake,,40.712645,-91.435951
6,22560001,Poll Miller Park Lake,07/14/2010 07:20:00,AMBLAKE-ISU,DEPTH-BOTTOM,"Depth, bottom",Total,,8.5,m,True,0,,,Unknown,ISULAKE,Actual,SW,Water,,,Lee,07080104,Lake,,40.712645,-91.435951
6,22560001,Poll Miller Park Lake,07/14/2010 07:20:00,AMBLAKE-ISU,DEPTH-THERMO,"Depth, thermocline",Total,,2,m,True,0,,,Unknown,ISULAKE,Actual,SW,Water,,,Lee,07080104,Lake,,40.712645,-91.435951
6,22560001,Poll Miller Park Lake,07/14/2010 07:20:00,AMBLAKE-ISU,TVSS,Volatile Suspended Solids,NonFilt,,9,mg/l,False,9,,,160.4,ISULAKE,Actual,SW,Water,,,Lee,07080104,Lake,,40.712645,-91.435951
6,22560001,Poll Miller Park Lake,07/14/2010 07:20:00,AMBLAKE-ISU,NIT-KJELD,Kjeldahl nitrogen (AS N),Total,,0.5,mg/l,False,0.5,,,351.2,ISULAKE,Actual,SW,Water,,,Lee,07080104,Lake,,40.712645,-91.435951
6,22560001,Poll Miller Park Lake,07/14/2010 07:20:00,AMBLAKE-ISU,479-61-8,Chlorophyll a,NonFilt,,7,ug/l,True,5,,,445,ISULAKE,Actual,SW,Water,,,Lee,07080104,Lake,,40.712645,-91.435951
6,22560001,Poll Miller Park Lake,07/14/2010 07:20:00,AMBLAKE-ISU,ALK-TOT,"Alkalinity, total",Total,,89,mg/l CaCO3,True,10,,,2320-B,ISULAKE,Actual,SW,Water,,,Lee,07080104,Lake,,40.712645,-91.435951
6,22560001,Poll Miller Park Lake,07/14/2010 07:20:00,AMBLAKE-ISU,TSS,Total suspended solids,NonFilt,,7.2,mg/l,True,5,,,2540-D,ISULAKE,Actual,SW,Water,,,Lee,07080104,Lake,,40.712645,-91.435951
6,22560001,Poll Miller Park Lake,07/14/2010 07:20:00,AMBLAKE-ISU,TFSS,Fixed suspended solids,NonFilt,,4,mg/l,False,4,,,2540-E,ISULAKE,Actual,SW,Water,,,Lee,07080104,Lake,,40.712645,-91.435951
6,22560001,Poll Miller Park Lake,07/14/2010 07:20:00,AMBLAKE-ISU,NIT-AMM,Ammonia-nitrogen (as N),Total,,0.136,mg/l,False,0.136,,,4500-NH3(F),ISULAKE,Calculated,SW,Water,,,Lee,07080104,Lake,,40.712645,-91.435951
6,22560001,Poll Miller Park Lake,07/14/2010 07:20:00,AMBLAKE-ISU,NIT-NO3-NO2,Inorganic nitrogen (nitrate and nitrite) (as N),Total,,0.5,mg/l,False,0.5,,,4500-NO3(E),ISULAKE,Actual,SW,Water,,,Lee,07080104,Lake,,40.712645,-91.435951
6,22560001,Poll Miller Park Lake,07/14/2010 07:20:00,AMBLAKE-ISU,7440-44-0,Carbon,Total,,5.6,mg/l,False,5.6,,,5310-B,ISULAKE,Actual,SW,Water,,,Lee,07080104,Lake,,40.712645,-91.435951
6,22560001,Poll Miller Park Lake,07/14/2010 07:20:00,AMBLAKE-ISU,14265-44-2,Orthophosphate (as P),Dissolved,,0.008,mg/l,False,0.008,,,ISU 4500-P-E,ISULAKE,Actual,SW,Water,,,Lee,07080104,Lake,,40.712645,-91.435951
6,22560001,Poll Miller Park Lake,07/14/2010 07:20:00,AMBLAKE-ISU,PHOSP-PHOSP,Phosphate-phosphorus (as P),Total,,0.0278,mg/l,True,0.011,,,ISU 4500-P-E,ISULAKE,Actual,SW,Water,,,Lee,07080104,Lake,,40.712645,-91.435951
6,22560001,Poll Miller Park Lake,08/25/2010 11:15:00,AMBLAKE-ISU,TURB,Turbidity,Total,,7.1,NTU,True,0.3,,,ISU 2130-B,ISULAKE,Actual,SW,Water,,,Lee,07080104,Lake,,40.712645,-91.435951
6,22560001,Poll Miller Park Lake,08/25/2010 11:15:00,AMBLAKE-ISU,PH,pH,Total,,8.2,None,True,0.2,,,ISU 2510,ISULAKE,Actual,SW,Water,,,Lee,07080104,Lake,,40.712645,-91.435951
6,22560001,Poll Miller Park Lake,08/25/2010 11:15:00,AMBLAKE-ISU,SPEC-COND,Specific conductance,Total,,300,uS/cm,True,1,,,ISU 2510,ISULAKE,Actual,SW,Water,,,Lee,07080104,Lake,,40.712645,-91.435951
6,22560001,Poll Miller Park Lake,07/12/2011 14:57:00,AMBLAKE-ISU,NIT-AMM,Ammonia-nitrogen (as N),Total,,0.145,mg/l,False,0.145,,,4500-NH3(F),ISULAKE,Actual,SW,Water,,,Lee,07080104,Lake,,40.712645,-91.435951
6,22560001,Poll Miller Park Lake,07/12/2011 14:57:00,AMBLAKE-ISU,ALK-TOT,"Alkalinity, total",Total,,110,mg/l CaCO3,True,10,,,2320-B,ISULAKE,Actual,SW,Water,,,Lee,07080104,Lake,,40.712645,-91.435951
6,22560001,Poll Miller Park Lake,07/12/2011 14:57:00,AMBLAKE-ISU,479-61-8,Chlorophyll a,NonFilt,,28,ug/l,True,5,,,445,ISULAKE,Actual,SW,Water,,,Lee,07080104,Lake,,40.712645,-91.435951
6,22560001,Poll Miller Park Lake,07/12/2011 14:57:00,AMBLAKE-ISU,TFSS,Fixed suspended solids,NonFilt,,5,mg/l,False,5,,,2540-E,ISULAKE,Actual,SW,Water,,,Lee,07080104,Lake,,40.712645,-91.435951
6,22560001,Poll Miller Park Lake,08/23/2011 12:15:00,AMBLAKE-ISU,NIT-AMM,Ammonia-nitrogen (as N),Total,,0.145,mg/l,False,0.145,,,4500-NH3(F),ISULAKE,Actual,SW,Water,,,Lee,07080104,Lake,,40.712645,-91.435951
6,22560001,Poll Miller Park Lake,08/23/2011 12:15:00,AMBLAKE-ISU,ALK-TOT,"Alkalinity, total",Total,,113,mg/l CaCO3,True,10,,,2320-B,ISULAKE,Actual,SW,Water,,,Lee,07080104,Lake,,40.712645,-91.435951
6,22560001,Poll Miller Park Lake,08/23/2011 12:15:00,AMBLAKE-ISU,479-61-8,Chlorophyll a,NonFilt,,24,ug/l,True,5,,,445,ISULAKE,Actual,SW,Water,,,Lee,07080104,Lake,,40.712645,-91.435951
6,22560001,Poll Miller Park Lake,08/23/2011 12:15:00,AMBLAKE-ISU,TFSS,Fixed suspended solids,NonFilt,,5,mg/l,False,5,,,2540-E,ISULAKE,Actual,SW,Water,,,Lee,07080104,Lake,,40.712645,-91.435951
6,22560001,Poll Miller Park Lake,08/23/2011 12:15:00,AMBLAKE-ISU,NIT-NO3-NO2,Inorganic nitrogen (nitrate and nitrite) (as N),Total,,0.4,mg/l,False,0.4,,,353.2,ISULAKE,Actual,SW,Water,,,Lee,07080104,Lake,,40.712645,-91.435951
6,22560001,Poll Miller Park Lake,08/23/2011 12:15:00,AMBLAKE-ISU,NIT-KJELD,Kjeldahl nitrogen (AS N),Total,,0.5,mg/l,False,0.5,,,4500-NOR(B),ISULAKE,Actual,SW,Water,,,Lee,07080104,Lake,,40.712645,-91.435951
6,22560001,Poll Miller Park Lake,08/23/2011 12:15:00,AMBLAKE-ISU,7440-44-0,Carbon,Total,,7.6,mg/l,False,7.6,,,5310-B,ISULAKE,Actual,SW,Water,,,Lee,07080104,Lake,,40.712645,-91.435951
6,22560001,Poll Miller Park Lake,08/23/2011 12:15:00,AMBLAKE-ISU,14265-44-2,Orthophosphate (as P),Dissolved,,0.011,mg/l,False,0.011,,,ISU 4500-P-E,ISULAKE,Actual,SW,Water,,,Lee,07080104,Lake,,40.712645,-91.435951
6,22560001,Poll Miller Park Lake,08/23/2011 12:15:00,AMBLAKE-ISU,PHOSP-PHOSP,Phosphate-phosphorus (as P),Total,,0.0375,mg/l,True,0.0155,,,ISU 4500-P-E,ISULAKE,Actual,SW,Water,,,Lee,07080104,Lake,,40.712645,-91.435951
6,22560001,Poll Miller Park Lake,08/23/2011 12:15:00,AMBLAKE-ISU,TVSS,Volatile Suspended Solids,NonFilt,,8,mg/l,False,8,,,160.4,ISULAKE,Actual,SW,Water,,,Lee,07080104,Lake,,40.712645,-91.435951
6,22560001,Poll Miller Park Lake,08/23/2011 12:15:00,AMBLAKE-ISU,TSS,Total suspended solids,NonFilt,,6,mg/l,True,6,,,2540-D,ISULAKE,Actual,SW,Water,,,Lee,07080104,Lake,,40.712645,-91.435951
6,22560001,Poll Miller Park Lake,05/25/2011 11:30:00,AMBLAKE-ISU,NIT-AMM,Ammonia-nitrogen (as N),Total,,0.145,mg/l,False,0.145,,,4500-NH3(F),ISULAKE,Actual,SW,Water,,,Lee,07080104,Lake,,40.712645,-91.435951
6,22560001,Poll Miller Park Lake,05/25/2011 11:30:00,AMBLAKE-ISU,ALK-TOT,"Alkalinity, total",Total,,138,mg/l CaCO3,True,10,,,2320-B,ISULAKE,Actual,SW,Water,,,Lee,07080104,Lake,,40.712645,-91.435951
6,22560001,Poll Miller Park Lake,05/25/2011 11:30:00,AMBLAKE-ISU,479-61-8,Chlorophyll a,NonFilt,,36,ug/l,True,5,,,445,ISULAKE,Actual,SW,Water,,,Lee,07080104,Lake,,40.712645,-91.435951
6,22560001,Poll Miller Park Lake,05/25/2011 11:30:00,AMBLAKE-ISU,TFSS,Fixed suspended solids,NonFilt,,17.2,mg/l,True,5,,,2540-E,ISULAKE,Actual,SW,Water,,,Lee,07080104,Lake,,40.712645,-91.435951
6,22560001,Poll Miller Park Lake,08/23/2011 12:15:00,AMBLAKE-ISU,DEPTH-BOTTOM,"Depth, bottom",Total,,8.1,m,True,0,,,Unknown,ISULAKE,Actual,SW,Water,,,Lee,07080104,Lake,,40.712645,-91.435951
6,22560001,Poll Miller Park Lake,08/23/2011 12:15:00,AMBLAKE-ISU,DEPTH-THERMO,"Depth, thermocline",Total,,2.8,m,True,0,,,Unknown,ISULAKE,Actual,SW,Water,,,Lee,07080104,Lake,,40.712645,-91.435951
6,22560001,Poll Miller Park Lake,08/23/2011 12:15:00,AMBLAKE-ISU,DEPTH-SECCHI,"Depth, Secchi disk depth",Total,,0.9,m,True,0,,,ISU SECCHI,ISULAKE,Actual,SW,Water,,,Lee,07080104,Lake,,40.712645,-91.435951
6,22560001,Poll Miller Park Lake,08/23/2011 12:15:00,AMBLAKE-ISU,7782-44-7,Dissolved oxygen (DO),Total,,8.2,mg/l,True,0.2,,,ISU 4500-O-G,ISULAKE,Actual,SW,Water,,,Lee,07080104,Lake,,40.712645,-91.435951
6,22560001,Poll Miller Park Lake,08/23/2011 12:15:00,AMBLAKE-ISU,PH,pH,Total,,8.1,None,True,0.2,,,ISU 4500-H,ISULAKE,Actual,SW,Water,,,Lee,07080104,Lake,,40.712645,-91.435951
6,22560001,Poll Miller Park Lake,08/23/2011 12:15:00,AMBLAKE-ISU,SPEC-COND,Specific conductance,Dissolved,,280,uS/cm,True,1,,,ISU 2510,ISULAKE,Actual,SW,Water,,,Lee,07080104,Lake,,40.712645,-91.435951
6,22560001,Poll Miller Park Lake,08/23/2011 12:15:00,AMBLAKE-ISU,TDS,Total dissolved solids,Dissolved,,200,mg/l,True,0.65,,,ISU 2510,ISULAKE,Calculated,SW,Water,,,Lee,07080104,Lake,,40.712645,-91.435951
6,12560001,Lick Creek-Shimek State Forest - Farmington,07/06/2010 12:45:00,AMBBIO,TURB,Turbidity,Total,,17,NTU,True,1,,,2130-B,UHL001,Actual,SW,Water,,,Lee,07100009,River/Stream,,40.60723655,-91.68276295
6,12560001,Lick Creek-Shimek State Forest - Farmington,07/06/2010 12:45:00,AMBBIO,14265-44-2,Orthophosphate (as P),Dissolved,,0.05,mg/l,True,0.02,,,LAC10-115-01-1A,UHL001,Actual,SW,Water,,,Lee,07100009,River/Stream,,40.60723655,-91.68276295
6,12560001,Lick Creek-Shimek State Forest - Farmington,07/06/2010 12:45:00,AMBBIO,PHOSP-PHOSP,Phosphate-phosphorus (as P),Total,,0.08,mg/l,True,0.02,,,LAC10-115-01-1D,UHL001,Actual,SW,Water,,,Lee,07100009,River/Stream,,40.60723655,-91.68276295
6,12560001,Lick Creek-Shimek State Forest - Farmington,07/06/2010 12:45:00,AMBBIO,TSS,Total suspended solids,NonFilt,,13,mg/l,True,1,,,I3765,UHL001,Actual,SW,Water,,,Lee,07100009,River/Stream,,40.60723655,-91.68276295
6,12560001,Lick Creek-Shimek State Forest - Farmington,08/10/2010 13:00:00,AMBBIO,TEMP-WATER,"Temperature, water",Total,,28.7,deg C,True,,,,2550,,Actual,SW,Water,,,Lee,07100009,River/Stream,,40.60723655,-91.68276295
6,12560001,Lick Creek-Shimek State Forest - Farmington,08/10/2010 13:00:00,AMBBIO,PH,pH,Total,,8.1,None,True,,,,4500-H,,Actual,SW,Water,,,Lee,07100009,River/Stream,,40.60723655,-91.68276295
6,12560001,Lick Creek-Shimek State Forest - Farmington,08/10/2010 13:00:00,AMBBIO,7782-44-7,Dissolved oxygen (DO),Total,,8.4,mg/l,True,,,,4500-O-G,,Actual,SW,Water,,,Lee,07100009,River/Stream,,40.60723655,-91.68276295
6,12560001,Lick Creek-Shimek State Forest - Farmington,08/10/2010 13:00:00,AMBBIO,FLOW,Flow,Total,,1.7,cfs,True,,,,USGS CA8,,Actual,SW,Water,,,Lee,07100009,River/Stream,,40.60723655,-91.68276295
6,12560001,Lick Creek-Shimek State Forest - Farmington,08/10/2010 13:00:00,AMBBIO,NIT-AMM,Ammonia-nitrogen (as N),Total,,0.05,mg/l,False,0.05,,,LAC10-107-06-1J,UHL001,Actual,SW,Water,,,Lee,07100009,River/Stream,,40.60723655,-91.68276295
6,12560001,Lick Creek-Shimek State Forest - Farmington,08/10/2010 13:00:00,AMBBIO,NIT-NO3-NO2,Inorganic nitrogen (nitrate and nitrite) (as N),Total,,0.1,mg/l,False,0.1,,,353.2,UHL001,Actual,SW,Water,,,Lee,07100009,River/Stream,,40.60723655,-91.68276295
6,12560001,Lick Creek-Shimek State Forest - Farmington,08/10/2010 13:00:00,AMBBIO,CLR-A-FREE,"Chlorophyll a, free of pheophytin",NonFilt,,1,ug/l,True,1,,,445,UHL001,Actual,SW,Water,,,Lee,07100009,River/Stream,,40.60723655,-91.68276295
6,12560001,Lick Creek-Shimek State Forest - Farmington,08/10/2010 13:00:00,AMBBIO,NIT-KJELD,Kjeldahl nitrogen (AS N),Total,,0.2,mg/l,True,0.1,,,LAC10-107-06-2E,UHL001,Actual,SW,Water,,,Lee,07100009,River/Stream,,40.60723655,-91.68276295
6,12560001,Lick Creek-Shimek State Forest - Farmington,08/10/2010 13:00:00,AMBBIO,TURB,Turbidity,Total,,1.8,NTU,True,1,,,2130-B,UHL001,Actual,SW,Water,,,Lee,07100009,River/Stream,,40.60723655,-91.68276295
6,12560001,Lick Creek-Shimek State Forest - Farmington,08/10/2010 13:00:00,AMBBIO,14265-44-2,Orthophosphate (as P),Dissolved,,0.07,mg/l,True,0.02,,,LAC10-115-01-1A,UHL001,Actual,SW,Water,,"The reported Ortho P exceeds Total P; however, the difference is within the combined method precision/rounding limits.",Lee,07100009,River/Stream,,40.60723655,-91.68276295
6,22560001,Poll Miller Park Lake,08/23/2012 11:30:00,AMBLAKE-ISU,DEPTH-BOTTOM,"Depth, bottom",Total,,7.6,m,True,0,,,Unknown,ISULAKE,Actual,SW,Water,,,Lee,07080104,Lake,,40.712645,-91.435951
6,22560001,Poll Miller Park Lake,08/23/2012 11:30:00,AMBLAKE-ISU,DEPTH-THERMO,"Depth, thermocline",Total,,5,m,True,0,,,Unknown,ISULAKE,Actual,SW,Water,,,Lee,07080104,Lake,,40.712645,-91.435951
6,22560001,Poll Miller Park Lake,08/23/2012 11:30:00,AMBLAKE-ISU,DEPTH-SECCHI,"Depth, Secchi disk depth",Total,,1.9,m,True,0,,,ISU SECCHI,ISULAKE,Actual,SW,Water,,,Lee,07080104,Lake,,40.712645,-91.435951
6,22560001,Poll Miller Park Lake,08/23/2012 11:30:00,AMBLAKE-ISU,7782-44-7,Dissolved oxygen (DO),Total,,6.8,mg/l,True,0.2,,,ISU 4500-O-G,ISULAKE,Actual,SW,Water,,,Lee,07080104,Lake,,40.712645,-91.435951
6,22560001,Poll Miller Park Lake,08/23/2012 11:30:00,AMBLAKE-ISU,DO-SAT,Dissolved oxygen saturation,Total,,81.2,%,True,2,,,ISU 4500-O-G,ISULAKE,Actual,SW,Water,,,Lee,07080104,Lake,,40.712645,-91.435951
6,22560001,Poll Miller Park Lake,08/23/2012 11:30:00,AMBLAKE-ISU,PH,pH,Total,,8,None,True,0.2,,,ISU 4500-H,ISULAKE,Actual,SW,Water,,,Lee,07080104,Lake,,40.712645,-91.435951
6,22560001,Poll Miller Park Lake,08/23/2012 11:30:00,AMBLAKE-ISU,SPEC-COND,Specific conductance,Dissolved,,370,uS/cm,True,1,,,ISU 2510,ISULAKE,Actual,SW,Water,,,Lee,07080104,Lake,,40.712645,-91.435951
6,22560001,Poll Miller Park Lake,08/23/2012 11:30:00,AMBLAKE-ISU,TDS,Total dissolved solids,Dissolved,,240,mg/l,True,0.65,,,ISU 2510,ISULAKE,Calculated,SW,Water,,,Lee,07080104,Lake,,40.712645,-91.435951
6,22560001,Poll Miller Park Lake,08/23/2012 11:30:00,AMBLAKE-ISU,TEMP-WATER,"Temperature, water",Total,,23.9,deg C,True,-5,,,ISU 2550,ISULAKE,Actual,SW,Water,,,Lee,07080104,Lake,,40.712645,-91.435951
6,22560001,Poll Miller Park Lake,08/23/2012 11:30:00,AMBLAKE-ISU,TURB,Turbidity,Total,,5.6,NTU,True,0.3,,,ISU 2130-B,ISULAKE,Actual,SW,Water,,,Lee,07080104,Lake,,40.712645,-91.435951
6,21560001,Pollmiller Park Beach,08/20/2012 08:45:00,BEACHCCO,68583-22-2,Escherichia coli,Total,,10,MPN/100ml,False,10,,,9223-B,BEA002,Actual,SW,Water,,,Lee,07080104,Lake,,40.71262,-91.437202
6,21560001,Pollmiller Park Beach,08/20/2012 08:45:00,BEACHCCO,TOT-COL,Total Coliform,Total,,500,MPN/100ml,True,10,,,9223-B,BEA002,Actual,SW,Water,,,Lee,07080104,Lake,,40.71262,-91.437202
6,21560001,Pollmiller Park Beach,08/27/2012 08:15:00,BEACHCCO,68583-22-2,Escherichia coli,Total,,10,MPN/100ml,False,10,,,9223-B,BEA002,Actual,SW,Water,,,Lee,07080104,Lake,,40.71262,-91.437202
6,21560001,Pollmiller Park Beach,08/27/2012 08:15:00,BEACHCCO,TOT-COL,Total Coliform,Total,,700,MPN/100ml,True,10,,,9223-B,BEA002,Actual,SW,Water,,,Lee,07080104,Lake,,40.71262,-91.437202
6,21560001,Pollmiller Park Beach,06/03/2013 07:15:00,BEACHCCO,68583-22-2,Escherichia coli,Total,,20,MPN/100ml,True,10,,,9223-B,BEA002,Actual,SW,Water,,,Lee,07080104,Lake,,40.71262,-91.437202
6,21560001,Pollmiller Park Beach,06/03/2013 07:15:00,BEACHCCO,TOT-COL,Total Coliform,Total,,1600,MPN/100ml,True,10,,,9223-B,BEA002,Actual,SW,Water,,,Lee,07080104,Lake,,40.71262,-91.437202
6,21560001,Pollmiller Park Beach,06/10/2013 07:38:00,BEACHCCO,68583-22-2,Escherichia coli,Total,,10,MPN/100ml,False,10,,,9223-B,BEA002,Actual,SW,Water,,,Lee,07080104,Lake,,40.71262,-91.437202
6,21560001,Pollmiller Park Beach,06/10/2013 07:38:00,BEACHCCO,TOT-COL,Total Coliform,Total,,860,MPN/100ml,True,10,,,9223-B,BEA002,Actual,SW,Water,,,Lee,07080104,Lake,,40.71262,-91.437202
6,21560001,Pollmiller Park Beach,08/05/2013 14:30:00,BEACHCCO,68583-22-2,Escherichia coli,Total,,10,MPN/100ml,False,10,,,9223-B,BEA002,Actual,SW,Water,,,Lee,07080104,Lake,,40.71262,-91.437202
6,21560001,Pollmiller Park Beach,08/05/2013 14:30:00,BEACHCCO,TOT-COL,Total Coliform,Total,,260,MPN/100ml,True,10,,,9223-B,BEA002,Actual,SW,Water,,,Lee,07080104,Lake,,40.71262,-91.437202
6,12560001,Lick Creek-Shimek State Forest - Farmington,09/10/2010 08:15:00,AMBBIO,TEMP-WATER,"Temperature, water",Total,,18,deg C,True,,,,2550,,Actual,SW,Water,,,Lee,07100009,River/Stream,,40.60723655,-91.68276295
6,12560001,Lick Creek-Shimek State Forest - Farmington,09/10/2010 08:15:00,AMBBIO,PH,pH,Total,,8.1,None,True,,,,4500-H,,Actual,SW,Water,,,Lee,07100009,River/Stream,,40.60723655,-91.68276295
6,12560001,Lick Creek-Shimek State Forest - Farmington,09/10/2010 08:15:00,AMBBIO,7782-44-7,Dissolved oxygen (DO),Total,,8.4,mg/l,True,,,,D888(C),,Actual,SW,Water,,,Lee,07100009,River/Stream,,40.60723655,-91.68276295
6,12560001,Lick Creek-Shimek State Forest - Farmington,09/10/2010 08:15:00,AMBBIO,FLOW,Flow,Total,,1.7,cfs,True,,,,USGS CA8,,Actual,SW,Water,,,Lee,07100009,River/Stream,,40.60723655,-91.68276295
6,12560001,Lick Creek-Shimek State Forest - Farmington,09/10/2010 08:15:00,AMBBIO,NIT-NO3-NO2,Inorganic nitrogen (nitrate and nitrite) (as N),Total,,0.1,mg/l,False,0.1,,,353.2,UHL001,Actual,SW,Water,,,Lee,07100009,River/Stream,,40.60723655,-91.68276295
6,12560001,Lick Creek-Shimek State Forest - Farmington,09/10/2010 08:15:00,AMBBIO,NIT-KJELD,Kjeldahl nitrogen (AS N),Total,,0.3,mg/l,True,0.1,,,LAC10-107-06-2E,UHL001,Actual,SW,Water,,,Lee,07100009,River/Stream,,40.60723655,-91.68276295
6,12560001,Lick Creek-Shimek State Forest - Farmington,09/10/2010 08:15:00,AMBBIO,PHOSP-PHOSP,Phosphate-phosphorus (as P),Total,,0.04,mg/l,True,0.02,,,LAC10-115-01-1D,UHL001,Actual,SW,Water,,,Lee,07100009,River/Stream,,40.60723655,-91.68276295
6,12560001,Lick Creek-Shimek State Forest - Farmington,09/10/2010 08:15:00,AMBBIO,TDS,Total dissolved solids,Dissolved,,280,mg/l,True,1,,,2540-C,UHL001,Actual,SW,Water,,,Lee,07100009,River/Stream,,40.60723655,-91.68276295
6,12560001,Lick Creek-Shimek State Forest - Farmington,09/10/2010 08:15:00,AMBBIO,NIT-AMM,Ammonia-nitrogen (as N),Total,,0.05,mg/l,False,0.05,,,LAC10-107-06-1J,UHL001,Actual,SW,Water,,,Lee,07100009,River/Stream,,40.60723655,-91.68276295
6,12560001,Lick Creek-Shimek State Forest - Farmington,09/10/2010 08:15:00,AMBBIO,TVSS,Volatile Suspended Solids,NonFilt,,1,mg/l,False,1,,,160.4,UHL001,Actual,SW,Water,,,Lee,07100009,River/Stream,,40.60723655,-91.68276295
6,12560001,Lick Creek-Shimek State Forest - Farmington,09/10/2010 08:15:00,AMBBIO,CLR-A-FREE,"Chlorophyll a, free of pheophytin",NonFilt,,6,ug/l,True,1,,,445,UHL001,Actual,SW,Water,,,Lee,07100009,River/Stream,,40.60723655,-91.68276295
6,21560001,Pollmiller Park Beach,07/31/2007 10:00:00,BEACHCCO,68583-22-2,Escherichia coli,Total,,10,MPN/100ml,True,10,,,1603,BEA002,Actual,SW,Water,,,Lee,07080104,Lake,,40.71262,-91.437202
6,21560001,Pollmiller Park Beach,08/21/2007 11:00:00,BEACHCCO,68583-22-2,Escherichia coli,Total,,10,MPN/100ml,False,10,,,1603,BEA002,Actual,SW,Water,,,Lee,07080104,Lake,,40.71262,-91.437202
6,21560001,Pollmiller Park Beach,06/05/2006 00:00:00,BEACHCCO,68583-22-2,Escherichia coli,Total,,10,MPN/100ml,True,10,,,1603,BEA002,Actual,SW,Water,,,Lee,07080104,Lake,,40.71262,-91.437202
6,21560001,Pollmiller Park Beach,06/27/2006 00:00:00,BEACHCCO,68583-22-2,Escherichia coli,Total,,10,MPN/100ml,True,10,,,1603,BEA002,Actual,SW,Water,,,Lee,07080104,Lake,,40.71262,-91.437202
6,21560001,Pollmiller Park Beach,07/17/2006 09:00:00,BEACHCCO,68583-22-2,Escherichia coli,Total,,70,MPN/100ml,True,10,,,1603,BEA002,Actual,SW,Water,,,Lee,07080104,Lake,,40.71262,-91.437202
6,21560001,Pollmiller Park Beach,08/07/2006 00:00:00,BEACHCCO,68583-22-2,Escherichia coli,Total,,210,MPN/100ml,True,10,,,1603,BEA002,Actual,SW,Water,,,Lee,07080104,Lake,,40.71262,-91.437202
6,22560001,Poll Miller Park Lake,05/28/2015 14:37:00,AMBLAKE-ISU,TURB,Turbidity,Total,,4.6,NTU,True,,,,ISU 2130-B,,Actual,SW,Water,,,Lee,07080104,Lake,,40.712645,-91.435951
6,22560001,Poll Miller Park Lake,05/28/2015 14:37:00,AMBLAKE-ISU,SPEC-COND,Specific conductance,Dissolved,,370,uS/cm,True,,,,ISU 2510,,Actual,SW,Water,,,Lee,07080104,Lake,,40.712645,-91.435951
6,22560001,Poll Miller Park Lake,05/28/2015 14:37:00,AMBLAKE-ISU,TDS,Total dissolved solids,Dissolved,,240,mg/l,True,,,,ISU 2510,,Actual,SW,Water,,,Lee,07080104,Lake,,40.712645,-91.435951
6,22560001,Poll Miller Park Lake,05/28/2015 14:37:00,AMBLAKE-ISU,TEMP-WATER,"Temperature, water",Total,,22.6,deg C,True,,,,ISU 2550,,Actual,SW,Water,,,Lee,07080104,Lake,,40.712645,-91.435951
6,22560001,Poll Miller Park Lake,05/28/2015 14:37:00,AMBLAKE-ISU,PH,pH,Total,,8.1,None,True,,,,ISU 4500-H,,Actual,SW,Water,,,Lee,07080104,Lake,,40.712645,-91.435951
6,22560001,Poll Miller Park Lake,05/28/2015 14:37:00,AMBLAKE-ISU,7782-44-7,Dissolved oxygen (DO),Total,,9.1,mg/l,True,,,,ISU 4500-O-G,,Actual,SW,Water,,,Lee,07080104,Lake,,40.712645,-91.435951
6,22560001,Poll Miller Park Lake,05/28/2015 14:37:00,AMBLAKE-ISU,DO-SAT,Dissolved oxygen saturation,Total,,105.7,%,True,,,,ISU 4500-O-G,,Actual,SW,Water,,,Lee,07080104,Lake,,40.712645,-91.435951
6,22560001,Poll Miller Park Lake,05/28/2015 14:37:00,AMBLAKE-ISU,DEPTH-BOTTOM,"Depth, bottom",Total,,7.3,m,True,,,,Unknown,,Actual,SW,Water,,,Lee,07080104,Lake,,40.712645,-91.435951
6,22560001,Poll Miller Park Lake,05/28/2015 14:37:00,AMBLAKE-ISU,DEPTH-SECCHI,"Depth, Secchi disk depth",Total,,1.4,m,True,,,,Unknown,,Actual,SW,Water,,,Lee,07080104,Lake,,40.712645,-91.435951
6,22560001,Poll Miller Park Lake,05/28/2015 14:37:00,AMBLAKE-ISU,DEPTH-THERMO,"Depth, thermocline",Total,,2.5,m,True,,,,Unknown,,Actual,SW,Water,,,Lee,07080104,Lake,,40.712645,-91.435951
6,22560001,Poll Miller Park Lake,05/28/2015 14:37:00,AMBLAKE-ISU,TVSS,Volatile Suspended Solids,NonFilt,,3.4,mg/l,True,0.01,,,160.4,ISULAKE,Actual,SW,Water,,,Lee,07080104,Lake,,40.712645,-91.435951
6,22560001,Poll Miller Park Lake,05/28/2015 14:37:00,AMBLAKE-ISU,CAL-CARB,Calcium carbonate (AS CACO3),Total,,144,mg/l,True,4.00,,,2320-B,ISULAKE,Actual,SW,Water,,,Lee,07080104,Lake,,40.712645,-91.435951
6,22560001,Poll Miller Park Lake,05/28/2015 14:37:00,AMBLAKE-ISU,TSS,Total suspended solids,NonFilt,,7,mg/l,True,1.4,,,2540-D,ISULAKE,Actual,SW,Water,,,Lee,07080104,Lake,,40.712645,-91.435951
6,22560001,Poll Miller Park Lake,05/28/2015 14:37:00,AMBLAKE-ISU,TFSS,Fixed suspended solids,NonFilt,,3.6,mg/l,True,1.4,,,2540-E,ISULAKE,Actual,SW,Water,,,Lee,07080104,Lake,,40.712645,-91.435951
6,22560001,Poll Miller Park Lake,05/28/2015 14:37:00,AMBLAKE-ISU,7664-41-7,Ammonia (AS N),Dissolved,,0.003,mg/l,True,0.0001,,,350.1,ISULAKE,Calculated,SW,Water,,,Lee,07080104,Lake,,40.712645,-91.435951
6,22560001,Poll Miller Park Lake,05/28/2015 14:37:00,AMBLAKE-ISU,NIT-AMM,Ammonia-nitrogen (AS N),Dissolved,,0.062,mg/l,True,0.0168,,,350.1,ISULAKE,Actual,SW,Water,,,Lee,07080104,Lake,,40.712645,-91.435951
6,22560001,Poll Miller Park Lake,05/28/2015 14:37:00,AMBLAKE-ISU,NIT-KJELD,Kjeldahl nitrogen (AS N),Total,,0.72,mg/l,True,0.16,,,351.2,ISULAKE,Actual,SW,Water,,,Lee,07080104,Lake,,40.712645,-91.435951
6,22560001,Poll Miller Park Lake,05/28/2015 14:37:00,AMBLAKE-ISU,NIT-NO3-NO2,Inorganic nitrogen (nitrate and nitrite) (AS N),Dissolved,,0.1,mg/l,True,0.06,,,353.2,ISULAKE,Actual,SW,Water,,,Lee,07080104,Lake,,40.712645,-91.435951
6,22560001,Poll Miller Park Lake,05/28/2015 14:37:00,AMBLAKE-ISU,14265-44-2,Orthophosphate (AS P),Dissolved,,0.0043,mg/l,False,0.0043,,,365.1,ISULAKE,Actual,SW,Water,,,Lee,07080104,Lake,,40.712645,-91.435951
6,22560001,Poll Miller Park Lake,05/28/2015 14:37:00,AMBLAKE-ISU,PHOSP-PHOSP,Phosphate-phosphorus (AS P),Total,,0.0419,mg/l,True,0.091,,,365.1,ISULAKE,Actual,SW,Water,,,Lee,07080104,Lake,,40.712645,-91.435951
6,22560001,Poll Miller Park Lake,05/28/2015 14:37:00,AMBLAKE-ISU,479-61-8,Chlorophyll a,NonFilt,,6.06,ug/l,False,6.06,,,445,ISULAKE,Actual,SW,Water,,,Lee,07080104,Lake,,40.712645,-91.435951
6,22560001,Poll Miller Park Lake,05/28/2015 14:37:00,AMBLAKE-ISU,7440-44-0,Carbon,Dissolved,,4.98,mg/l,True,1.08,,,5310-B,ISULAKE,Actual,SW,Water,,,Lee,07080104,Lake,,40.712645,-91.435951
6,22560001,Poll Miller Park Lake,07/15/2015 07:04:00,AMBLAKE-ISU,TURB,Turbidity,Total,,6.4,NTU,True,,,,ISU 2130-B,,Actual,SW,Water,,,Lee,07080104,Lake,,40.712645,-91.435951
6,22560001,Poll Miller Park Lake,07/15/2015 07:04:00,AMBLAKE-ISU,SPEC-COND,Specific conductance,Dissolved,,320,uS/cm,True,,,,ISU 2510,,Actual,SW,Water,,,Lee,07080104,Lake,,40.712645,-91.435951
6,22560001,Poll Miller Park Lake,07/15/2015 07:04:00,AMBLAKE-ISU,TDS,Total dissolved solids,Dissolved,,210,mg/l,True,,,,ISU 2510,,Actual,SW,Water,,,Lee,07080104,Lake,,40.712645,-91.435951
6,22560001,Poll Miller Park Lake,07/15/2015 07:04:00,AMBLAKE-ISU,TEMP-WATER,"Temperature, water",Total,,25.1,deg C,True,,,,ISU 2550,,Actual,SW,Water,,,Lee,07080104,Lake,,40.712645,-91.435951
6,22560001,Poll Miller Park Lake,07/15/2015 07:04:00,AMBLAKE-ISU,PH,pH,Total,,8.3,None,True,,,,ISU 4500-H,,Actual,SW,Water,,,Lee,07080104,Lake,,40.712645,-91.435951
6,22560001,Poll Miller Park Lake,07/15/2015 07:04:00,AMBLAKE-ISU,7782-44-7,Dissolved oxygen (DO),Total,,7.6,mg/l,True,,,,ISU 4500-O-G,,Actual,SW,Water,,,Lee,07080104,Lake,,40.712645,-91.435951
6,22560001,Poll Miller Park Lake,07/15/2015 07:04:00,AMBLAKE-ISU,DO-SAT,Dissolved oxygen saturation,Total,,92.7,%,True,,,,ISU 4500-O-G,,Actual,SW,Water,,,Lee,07080104,Lake,,40.712645,-91.435951
6,22560001,Poll Miller Park Lake,07/15/2015 07:04:00,AMBLAKE-ISU,DEPTH-BOTTOM,"Depth, bottom",Total,,8,m,True,,,,Unknown,,Actual,SW,Water,,,Lee,07080104,Lake,,40.712645,-91.435951
6,22560001,Poll Miller Park Lake,07/15/2015 07:04:00,AMBLAKE-ISU,DEPTH-SECCHI,"Depth, Secchi disk depth",Total,,1.7,m,True,,,,Unknown,,Actual,SW,Water,,,Lee,07080104,Lake,,40.712645,-91.435951
6,22560001,Poll Miller Park Lake,07/15/2015 07:04:00,AMBLAKE-ISU,DEPTH-THERMO,"Depth, thermocline",Total,,3.8,m,True,,,,Unknown,,Actual,SW,Water,,,Lee,07080104,Lake,,40.712645,-91.435951
6,22560001,Poll Miller Park Lake,07/15/2015 07:04:00,AMBLAKE-ISU,TVSS,Volatile Suspended Solids,NonFilt,,1.8,mg/l,True,0.01,,,160.4,ISULAKE,Actual,SW,Water,,,Lee,07080104,Lake,,40.712645,-91.435951
6,22560001,Poll Miller Park Lake,07/15/2015 07:04:00,AMBLAKE-ISU,CAL-CARB,Calcium carbonate (AS CACO3),Total,,100,mg/l,True,4.00,,,2320-B,ISULAKE,Actual,SW,Water,,,Lee,07080104,Lake,,40.712645,-91.435951
6,22560001,Poll Miller Park Lake,07/15/2015 07:04:00,AMBLAKE-ISU,TSS,Total suspended solids,NonFilt,,4.8,mg/l,True,1.4,,,2540-D,ISULAKE,Actual,SW,Water,,,Lee,07080104,Lake,,40.712645,-91.435951
6,22560001,Poll Miller Park Lake,07/15/2015 07:04:00,AMBLAKE-ISU,TFSS,Fixed suspended solids,NonFilt,,3,mg/l,True,1.4,,,2540-E,ISULAKE,Actual,SW,Water,,,Lee,07080104,Lake,,40.712645,-91.435951
6,22560001,Poll Miller Park Lake,07/15/2015 07:04:00,AMBLAKE-ISU,7664-41-7,Ammonia (AS N),Dissolved,,0.0001,mg/l,False,0.0001,,,350.1,ISULAKE,Calculated,SW,Water,,,Lee,07080104,Lake,,40.712645,-91.435951
6,22560001,Poll Miller Park Lake,07/15/2015 07:04:00,AMBLAKE-ISU,NIT-AMM,Ammonia-nitrogen (AS N),Dissolved,,0.0168,mg/l,False,0.0168,,,350.1,ISULAKE,Actual,SW,Water,,,Lee,07080104,Lake,,40.712645,-91.435951
6,22560001,Poll Miller Park Lake,07/15/2015 07:04:00,AMBLAKE-ISU,NIT-KJELD,Kjeldahl nitrogen (AS N),Total,,0.51,mg/l,True,0.16,,,351.2,ISULAKE,Actual,SW,Water,,,Lee,07080104,Lake,,40.712645,-91.435951
6,22560001,Poll Miller Park Lake,07/15/2015 07:04:00,AMBLAKE-ISU,NIT-NO3-NO2,Inorganic nitrogen (nitrate and nitrite) (AS N),Dissolved,,0.06,mg/l,False,0.06,,,353.2,ISULAKE,Actual,SW,Water,,,Lee,07080104,Lake,,40.712645,-91.435951
6,22560001,Poll Miller Park Lake,07/15/2015 07:04:00,AMBLAKE-ISU,14265-44-2,Orthophosphate (AS P),Dissolved,,0.0043,mg/l,False,0.0043,,,365.1,ISULAKE,Actual,SW,Water,,,Lee,07080104,Lake,,40.712645,-91.435951
6,22560001,Poll Miller Park Lake,07/15/2015 07:04:00,AMBLAKE-ISU,PHOSP-PHOSP,Phosphate-phosphorus (AS P),Total,,0.0297,mg/l,True,0.091,,,365.1,ISULAKE,Actual,SW,Water,,,Lee,07080104,Lake,,40.712645,-91.435951
6,22560001,Poll Miller Park Lake,07/15/2015 07:04:00,AMBLAKE-ISU,479-61-8,Chlorophyll a,NonFilt,,9,ug/l,True,6.06,,,445,ISULAKE,Actual,SW,Water,,,Lee,07080104,Lake,,40.712645,-91.435951
6,22560001,Poll Miller Park Lake,07/15/2015 07:04:00,AMBLAKE-ISU,7440-44-0,Carbon,Dissolved,,5.2,mg/l,True,1.08,,,5310-B,ISULAKE,Actual,SW,Water,,,Lee,07080104,Lake,,40.712645,-91.435951
6,22560001,Poll Miller Park Lake,08/23/2015 14:18:00,AMBLAKE-ISU,TURB,Turbidity,Total,,3.6,NTU,True,,,,ISU 2130-B,,Actual,SW,Water,,,Lee,07080104,Lake,,40.712645,-91.435951
6,22560001,Poll Miller Park Lake,08/23/2015 14:18:00,AMBLAKE-ISU,SPEC-COND,Specific conductance,Dissolved,,270,uS/cm,True,,,,ISU 2510,,Actual,SW,Water,,,Lee,07080104,Lake,,40.712645,-91.435951
6,22560001,Poll Miller Park Lake,08/23/2015 14:18:00,AMBLAKE-ISU,TDS,Total dissolved solids,Dissolved,,180,mg/l,True,,,,ISU 2510,,Actual,SW,Water,,,Lee,07080104,Lake,,40.712645,-91.435951
6,22560001,Poll Miller Park Lake,08/23/2015 14:18:00,AMBLAKE-ISU,TEMP-WATER,"Temperature, water",Total,,24.9,deg C,True,,,,ISU 2550,,Actual,SW,Water,,,Lee,07080104,Lake,,40.712645,-91.435951
6,22560001,Poll Miller Park Lake,08/23/2015 14:18:00,AMBLAKE-ISU,PH,pH,Total,,8.1,None,True,,,,ISU 4500-H,,Actual,SW,Water,,,Lee,07080104,Lake,,40.712645,-91.435951
6,22560001,Poll Miller Park Lake,08/23/2015 14:18:00,AMBLAKE-ISU,7782-44-7,Dissolved oxygen (DO),Total,,7.3,mg/l,True,,,,ISU 4500-O-G,,Actual,SW,Water,,,Lee,07080104,Lake,,40.712645,-91.435951
6,22560001,Poll Miller Park Lake,08/23/2015 14:18:00,AMBLAKE-ISU,DO-SAT,Dissolved oxygen saturation,Total,,88.3,%,True,,,,ISU 4500-O-G,,Actual,SW,Water,,,Lee,07080104,Lake,,40.712645,-91.435951
6,22560001,Poll Miller Park Lake,08/23/2015 14:18:00,AMBLAKE-ISU,DEPTH-BOTTOM,"Depth, bottom",Total,,7.7,m,True,,,,Unknown,,Actual,SW,Water,,,Lee,07080104,Lake,,40.712645,-91.435951
6,22560001,Poll Miller Park Lake,08/23/2015 14:18:00,AMBLAKE-ISU,DEPTH-SECCHI,"Depth, Secchi disk depth",Total,,1.5,m,True,,,,Unknown,,Actual,SW,Water,,,Lee,07080104,Lake,,40.712645,-91.435951
6,22560001,Poll Miller Park Lake,08/23/2015 14:18:00,AMBLAKE-ISU,DEPTH-THERMO,"Depth, thermocline",Total,,4,m,True,,,,Unknown,,Actual,SW,Water,,,Lee,07080104,Lake,,40.712645,-91.435951
6,22560001,Poll Miller Park Lake,08/23/2015 14:18:00,AMBLAKE-ISU,TVSS,Volatile Suspended Solids,NonFilt,,0.9,mg/l,True,0.01,,,160.4,ISULAKE,Actual,SW,Water,,,Lee,07080104,Lake,,40.712645,-91.435951
6,22560001,Poll Miller Park Lake,08/23/2015 14:18:00,AMBLAKE-ISU,CAL-CARB,Calcium carbonate (AS CACO3),Total,,116,mg/l,True,4.00,,,2320-B,ISULAKE,Actual,SW,Water,,,Lee,07080104,Lake,,40.712645,-91.435951
6,22560001,Poll Miller Park Lake,08/23/2015 14:18:00,AMBLAKE-ISU,TSS,Total suspended solids,NonFilt,,3.2,mg/l,True,1.4,,,2540-D,ISULAKE,Actual,SW,Water,,,Lee,07080104,Lake,,40.712645,-91.435951
6,22560001,Poll Miller Park Lake,08/23/2015 14:18:00,AMBLAKE-ISU,TFSS,Fixed suspended solids,NonFilt,,2.4,mg/l,True,1.4,,,2540-E,ISULAKE,Actual,SW,Water,,,Lee,07080104,Lake,,40.712645,-91.435951
6,22560001,Poll Miller Park Lake,08/23/2015 14:18:00,AMBLAKE-ISU,7664-41-7,Ammonia (AS N),Dissolved,,0.0001,mg/l,False,0.0001,,,350.1,ISULAKE,Calculated,SW,Water,,,Lee,07080104,Lake,,40.712645,-91.435951
6,22560001,Poll Miller Park Lake,08/23/2015 14:18:00,AMBLAKE-ISU,NIT-AMM,Ammonia-nitrogen (AS N),Dissolved,,0.0168,mg/l,False,0.0168,,,350.1,ISULAKE,Actual,SW,Water,,,Lee,07080104,Lake,,40.712645,-91.435951
6,22560001,Poll Miller Park Lake,08/23/2015 14:18:00,AMBLAKE-ISU,NIT-KJELD,Kjeldahl nitrogen (AS N),Total,,0.37,mg/l,True,0.16,,,351.2,ISULAKE,Actual,SW,Water,,,Lee,07080104,Lake,,40.712645,-91.435951
6,22560001,Poll Miller Park Lake,08/23/2015 14:18:00,AMBLAKE-ISU,NIT-NO3-NO2,Inorganic nitrogen (nitrate and nitrite) (AS N),Dissolved,,0.06,mg/l,False,0.06,,,353.2,ISULAKE,Actual,SW,Water,,,Lee,07080104,Lake,,40.712645,-91.435951
6,22560001,Poll Miller Park Lake,08/23/2015 14:18:00,AMBLAKE-ISU,14265-44-2,Orthophosphate (AS P),Dissolved,,0.0043,mg/l,False,0.0043,,,365.1,ISULAKE,Actual,SW,Water,,,Lee,07080104,Lake,,40.712645,-91.435951
6,22560001,Poll Miller Park Lake,08/23/2015 14:18:00,AMBLAKE-ISU,PHOSP-PHOSP,Phosphate-phosphorus (AS P),Total,,0.0294,mg/l,True,0.091,,,365.1,ISULAKE,Actual,SW,Water,,,Lee,07080104,Lake,,40.712645,-91.435951
6,22560001,Poll Miller Park Lake,08/23/2015 14:18:00,AMBLAKE-ISU,479-61-8,Chlorophyll a,NonFilt,,6.06,ug/l,False,6.06,,,445,ISULAKE,Actual,SW,Water,,,Lee,07080104,Lake,,40.712645,-91.435951
6,22560001,Poll Miller Park Lake,08/23/2015 14:18:00,AMBLAKE-ISU,7440-44-0,Carbon,Dissolved,,30.62,mg/l,True,1.08,,,5310-B,ISULAKE,Actual,SW,Water,,,Lee,07080104,Lake,,40.712645,-91.435951
6,12560001,Lick Creek-Shimek State Forest - Farmington,07/06/2010 00:00:00,LEGACYAMBBIO,CLR-A-FREE,"Chlorophyll a, free of pheophytin",NonFilt,,3.2,ug/cm2,True,0.1,,,445,AMBBIO-COARSEPERI,Actual,BOTM,Water,,,Lee,07100009,River/Stream,,40.60723655,-91.68276295
6,12560001,Lick Creek-Shimek State Forest - Farmington,07/06/2010 00:00:00,LEGACYAMBBIO,CLR-A-FREE,"Chlorophyll a, free of pheophytin",NonFilt,,0.6,ug/cm2,True,0.1,,,445,AMBBIO-FINEPERI,Actual,BOTM,Water,,,Lee,07100009,River/Stream,,40.60723655,-91.68276295
6,12560001,Lick Creek-Shimek State Forest - Farmington,08/10/2010 00:00:00,LEGACYAMBBIO,CLR-A-FREE,"Chlorophyll a, free of pheophytin",NonFilt,,1.1,ug/cm2,True,0.1,,,445,AMBBIO-COARSEPERI,Actual,BOTM,Water,,,Lee,07100009,River/Stream,,40.60723655,-91.68276295
6,12560001,Lick Creek-Shimek State Forest - Farmington,08/10/2010 00:00:00,LEGACYAMBBIO,CLR-A-FREE,"Chlorophyll a, free of pheophytin",NonFilt,,2.3,ug/cm2,True,0.1,,,445,AMBBIO-FINEPERI,Actual,BOTM,Water,,,Lee,07100009,River/Stream,,40.60723655,-91.68276295
6,12560001,Lick Creek-Shimek State Forest - Farmington,09/10/2010 00:00:00,LEGACYAMBBIO,CLR-A-FREE,"Chlorophyll a, free of pheophytin",NonFilt,,5.6,ug/cm2,True,0.1,,,445,AMBBIO-COARSEPERI,Actual,BOTM,Water,,,Lee,07100009,River/Stream,,40.60723655,-91.68276295
6,12560001,Lick Creek-Shimek State Forest - Farmington,09/10/2010 00:00:00,LEGACYAMBBIO,CLR-A-FREE,"Chlorophyll a, free of pheophytin",NonFilt,,3.5,ug/cm2,True,0.1,,,445,AMBBIO-FINEPERI,Actual,BOTM,Water,,,Lee,07100009,River/Stream,,40.60723655,-91.68276295
6,12560001,Lick Creek-Shimek State Forest - Farmington,10/05/2010 00:00:00,LEGACYAMBBIO,CLR-A-FREE,"Chlorophyll a, free of pheophytin",NonFilt,,6.7,ug/cm2,True,0.1,,,445,AMBBIO-COARSEPERI,Actual,BOTM,Water,,,Lee,07100009,River/Stream,,40.60723655,-91.68276295
6,12560001,Lick Creek-Shimek State Forest - Farmington,10/05/2010 00:00:00,LEGACYAMBBIO,CLR-A-FREE,"Chlorophyll a, free of pheophytin",NonFilt,,15,ug/cm2,True,0.1,,,445,AMBBIO-FINEPERI,Actual,BOTM,Water,,,Lee,07100009,River/Stream,,40.60723655,-91.68276295
6,16560001,Bonnell Creek,06/27/2002 00:00:00,LEGACYREMAP,519-62-0,Chlorophyll b,NonFilt,,0.1,ug/cm2,False,0.1,,,446,AMBBIO-FINEPERI,Actual,BOTM,Water,,,Lee,07080104,River/Stream,,40.680037,-91.502556
6,16560001,Bonnell Creek,06/27/2002 00:00:00,LEGACYREMAP,CLR-A-FREE,"Chlorophyll a, free of pheophytin",NonFilt,,0.1,ug/cm2,False,0.1,,,446,AMBBIO-FINEPERI,Actual,BOTM,Water,,,Lee,07080104,River/Stream,,40.680037,-91.502556
6,16560001,Bonnell Creek,06/27/2002 00:00:00,LEGACYREMAP,11003-45-5,Chlorophyll c,NonFilt,,0.1,ug/cm2,False,0.1,,,446.0,AMBBIO-FINEPERI,Actual,BOTM,Water,,,Lee,07080104,River/Stream,,40.680037,-91.502556
6,16560001,Bonnell Creek,06/27/2002 00:00:00,LEGACYREMAP,603-17-8,Pheophytin a,NonFilt,,0.2,ug/cm2,True,0.1,,,446.0,AMBBIO-FINEPERI,Actual,BOTM,Water,,,Lee,07080104,River/Stream,,40.680037,-91.502556
6,16560001,Bonnell Creek,06/27/2002 00:00:00,LEGACYREMAP,CLR-A-CP,"Chlorophyll a, corrected for pheophytin",NonFilt,,0.1,ug/cm2,False,0.1,,,446.0,AMBBIO-FINEPERI,Actual,BOTM,Water,,,Lee,07080104,River/Stream,,40.680037,-91.502556
6,16560001,Bonnell Creek,06/27/2002 00:00:00,LEGACYREMAP,519-62-0,Chlorophyll b,NonFilt,,0.1,ug/cm2,False,0.1,,,446,AMBBIO-COARSEPERI,Actual,BOTM,Water,,,Lee,07080104,River/Stream,,40.680037,-91.502556
6,16560001,Bonnell Creek,06/27/2002 00:00:00,LEGACYREMAP,CLR-A-FREE,"Chlorophyll a, free of pheophytin",NonFilt,,0.1,ug/cm2,True,0.1,,,446,AMBBIO-COARSEPERI,Actual,BOTM,Water,,,Lee,07080104,River/Stream,,40.680037,-91.502556
6,16560001,Bonnell Creek,06/27/2002 00:00:00,LEGACYREMAP,11003-45-5,Chlorophyll c,NonFilt,,0.1,ug/cm2,False,0.1,,,446.0,AMBBIO-COARSEPERI,Actual,BOTM,Water,,,Lee,07080104,River/Stream,,40.680037,-91.502556
6,16560001,Bonnell Creek,06/27/2002 00:00:00,LEGACYREMAP,603-17-8,Pheophytin a,NonFilt,,0.1,ug/cm2,True,0.1,,,446.0,AMBBIO-COARSEPERI,Actual,BOTM,Water,,,Lee,07080104,River/Stream,,40.680037,-91.502556
6,16560001,Bonnell Creek,06/27/2002 00:00:00,LEGACYREMAP,CLR-A-CP,"Chlorophyll a, corrected for pheophytin",NonFilt,,0.1,ug/cm2,False,0.1,,,446.0,AMBBIO-COARSEPERI,Actual,BOTM,Water,,,Lee,07080104,River/Stream,,40.680037,-91.502556
6,16560001,Bonnell Creek,07/11/2002 00:00:00,LEGACYREMAP,519-62-0,Chlorophyll b,NonFilt,,0.1,ug/cm2,False,0.1,,,446,AMBBIO-FINEPERI,Actual,BOTM,Water,,,Lee,07080104,River/Stream,,40.680037,-91.502556
6,16560001,Bonnell Creek,07/11/2002 00:00:00,LEGACYREMAP,CLR-A-FREE,"Chlorophyll a, free of pheophytin",NonFilt,,6.7,ug/cm2,True,0.1,,,446,AMBBIO-FINEPERI,Actual,BOTM,Water,,,Lee,07080104,River/Stream,,40.680037,-91.502556
6,16560001,Bonnell Creek,07/11/2002 00:00:00,LEGACYREMAP,11003-45-5,Chlorophyll c,NonFilt,,0.7,ug/cm2,True,0.1,,,446.0,AMBBIO-FINEPERI,Actual,BOTM,Water,,,Lee,07080104,River/Stream,,40.680037,-91.502556
6,16560001,Bonnell Creek,07/11/2002 00:00:00,LEGACYREMAP,603-17-8,Pheophytin a,NonFilt,,1,ug/cm2,True,0.1,,,446.0,AMBBIO-FINEPERI,Actual,BOTM,Water,,,Lee,07080104,River/Stream,,40.680037,-91.502556
6,16560001,Bonnell Creek,07/11/2002 00:00:00,LEGACYREMAP,CLR-A-CP,"Chlorophyll a, corrected for pheophytin",NonFilt,,6,ug/cm2,True,0.1,,,446.0,AMBBIO-FINEPERI,Actual,BOTM,Water,,,Lee,07080104,River/Stream,,40.680037,-91.502556
6,16560001,Bonnell Creek,07/11/2002 00:00:00,LEGACYREMAP,519-62-0,Chlorophyll b,NonFilt,,0.1,ug/cm2,False,0.1,,,446,AMBBIO-COARSEPERI,Actual,BOTM,Water,,,Lee,07080104,River/Stream,,40.680037,-91.502556
6,16560001,Bonnell Creek,07/11/2002 00:00:00,LEGACYREMAP,CLR-A-FREE,"Chlorophyll a, free of pheophytin",NonFilt,,0.4,ug/cm2,True,0.1,,,446,AMBBIO-COARSEPERI,Actual,BOTM,Water,,,Lee,07080104,River/Stream,,40.680037,-91.502556
6,16560001,Bonnell Creek,07/11/2002 00:00:00,LEGACYREMAP,11003-45-5,Chlorophyll c,NonFilt,,0.1,ug/cm2,False,0.1,,,446.0,AMBBIO-COARSEPERI,Actual,BOTM,Water,,,Lee,07080104,River/Stream,,40.680037,-91.502556
6,16560001,Bonnell Creek,07/11/2002 00:00:00,LEGACYREMAP,603-17-8,Pheophytin a,NonFilt,,0.1,ug/cm2,True,0.1,,,446.0,AMBBIO-COARSEPERI,Actual,BOTM,Water,,,Lee,07080104,River/Stream,,40.680037,-91.502556
6,16560001,Bonnell Creek,07/11/2002 00:00:00,LEGACYREMAP,CLR-A-CP,"Chlorophyll a, corrected for pheophytin",NonFilt,,0.3,ug/cm2,True,0.1,,,446.0,AMBBIO-COARSEPERI,Actual,BOTM,Water,,,Lee,07080104,River/Stream,,40.680037,-91.502556
6,16560003,Des Moines River - Site 202,09/06/2006 00:00:00,LEGACYREMAP,CLR-A-FREE,"Chlorophyll a, free of pheophytin",NonFilt,,15,ug/cm2,True,0.1,,,445,AMBBIO-COARSEPERI,Actual,BOTM,Water,,,Lee,07100009,River/Stream,,40.597417,-91.715468
6,16560003,Des Moines River - Site 202,09/06/2006 00:00:00,LEGACYREMAP,CLR-A-FREE,"Chlorophyll a, free of pheophytin",NonFilt,,7.5,ug/cm2,True,0.1,,,445,AMBBIO-FINEPERI,Actual,BOTM,Water,,,Lee,07100009,River/Stream,,40.597417,-91.715468
6,16560003,Des Moines River - Site 202,09/14/2006 00:00:00,LEGACYREMAP,CLR-A-FREE,"Chlorophyll a, free of pheophytin",NonFilt,,3,ug/cm2,True,0.1,,,445,AMBBIO-COARSEPERI,Actual,BOTM,Water,,,Lee,07100009,River/Stream,,40.597417,-91.715468
6,16560003,Des Moines River - Site 202,09/14/2006 00:00:00,LEGACYREMAP,CLR-A-FREE,"Chlorophyll a, free of pheophytin",NonFilt,,1.9,ug/cm2,True,0.1,,,445,AMBBIO-FINEPERI,Actual,BOTM,Water,,,Lee,07100009,River/Stream,,40.597417,-91.715468
6,16560003,Des Moines River - Site 202,10/10/2006 00:00:00,LEGACYREMAP,CLR-A-FREE,"Chlorophyll a, free of pheophytin",NonFilt,,26,ug/cm2,True,0.1,,,445,AMBBIO-COARSEPERI,Actual,BOTM,Water,,,Lee,07100009,River/Stream,,40.597417,-91.715468
6,16560003,Des Moines River - Site 202,10/10/2006 00:00:00,LEGACYREMAP,CLR-A-FREE,"Chlorophyll a, free of pheophytin",NonFilt,,9.5,ug/cm2,True,0.1,,,445,AMBBIO-FINEPERI,Actual,BOTM,Water,,,Lee,07100009,River/Stream,,40.597417,-91.715468
6,16560003,Des Moines River - Site 202,10/17/2006 00:00:00,LEGACYREMAP,CLR-A-FREE,"Chlorophyll a, free of pheophytin",NonFilt,,11,ug/cm2,True,0.1,,,445,AMBBIO-FINEPERI,Actual,BOTM,Water,,,Lee,07100009,River/Stream,,40.597417,-91.715468
6,16560003,Des Moines River - Site 202,10/17/2006 00:00:00,LEGACYREMAP,CLR-A-FREE,"Chlorophyll a, free of pheophytin",NonFilt,,42,ug/cm2,True,0.1,,,445,AMBBIO-COARSEPERI,Actual,BOTM,Water,,,Lee,07100009,River/Stream,,40.597417,-91.715468
6,12560001,Lick Creek-Shimek State Forest - Farmington,07/16/1997 00:00:00,LEGACYAMBBIO,TURB,Turbidity,Total,,4.9,NTU,True,,,,180.1,,Actual,SW,Water,,,Lee,07100009,River/Stream,,40.60723655,-91.68276295
6,12560001,Lick Creek-Shimek State Forest - Farmington,07/16/1997 00:00:00,LEGACYAMBBIO,TEMP-WATER,"Temperature, water",Total,,22.9,deg C,True,,,,2550,,Actual,SW,Water,,,Lee,07100009,River/Stream,,40.60723655,-91.68276295
6,12560001,Lick Creek-Shimek State Forest - Farmington,07/16/1997 00:00:00,LEGACYAMBBIO,PH,pH,Total,,7.7,None,True,,,,4500-H,,Actual,SW,Water,,,Lee,07100009,River/Stream,,40.60723655,-91.68276295
6,12560001,Lick Creek-Shimek State Forest - Farmington,07/16/1997 00:00:00,LEGACYAMBBIO,7782-44-7,Dissolved oxygen (DO),Total,,8.1,mg/l,True,,,,4500-O-G,,Actual,SW,Water,,,Lee,07100009,River/Stream,,40.60723655,-91.68276295
6,12560001,Lick Creek-Shimek State Forest - Farmington,07/16/1997 00:00:00,LEGACYAMBBIO,FLOW,Flow,Total,,0.1,cfs,True,,,,USGS CA8,,Actual,SW,Water,,,Lee,07100009,River/Stream,,40.60723655,-91.68276295
6,12560001,Lick Creek-Shimek State Forest - Farmington,07/16/1997 00:00:00,LEGACYAMBBIO,HARD-CARB,"Hardness, carbonate",Total,,270,mg/l,True,1,,,2340B,UHL001,Actual,SW,Water,,,Lee,07100009,River/Stream,,40.60723655,-91.68276295
6,12560001,Lick Creek-Shimek State Forest - Farmington,07/16/1997 00:00:00,LEGACYAMBBIO,SPEC-COND,Specific conductance,Total,,570,uS/cm,True,1,,,2510,UHL001,Actual,SW,Water,,,Lee,07100009,River/Stream,,40.60723655,-91.68276295
6,12560001,Lick Creek-Shimek State Forest - Farmington,07/16/1997 00:00:00,LEGACYAMBBIO,TDS,Total dissolved solids,Dissolved,,320,mg/l,True,1,,,2540-C,UHL001,Actual,SW,Water,,,Lee,07100009,River/Stream,,40.60723655,-91.68276295
6,12560001,Lick Creek-Shimek State Forest - Farmington,07/16/1997 00:00:00,LEGACYAMBBIO,NIT-NO3-NO2,Inorganic nitrogen (nitrate and nitrite) (AS N),Total,,0.1,mg/l,True,0.1,,,353.2,UHL001,Actual,SW,Water,,,Lee,07100009,River/Stream,,40.60723655,-91.68276295
6,12560001,Lick Creek-Shimek State Forest - Farmington,07/16/1997 00:00:00,LEGACYAMBBIO,TSS,Total suspended solids,NonFilt,,6,mg/l,True,1,,,I3765,UHL001,Actual,SW,Water,,,Lee,07100009,River/Stream,,40.60723655,-91.68276295
6,12560001,Lick Creek-Shimek State Forest - Farmington,07/16/1997 00:00:00,LEGACYAMBBIO,PHOSP-PHOSP,Phosphate-phosphorus (AS P),Total,,0.1,mg/l,False,0.1,,,LAC10-115-01-1C,UHL001,Actual,SW,Water,,,Lee,07100009,River/Stream,,40.60723655,-91.68276295
6,16560001,Bonnell Creek,06/27/2002 00:00:00,LEGACYREMAP,11003-45-5,Chlorophyll c,NonFilt,,1,ug/l,False,1,,,446.0,UHL001,Actual,SW,Water,,,Lee,07080104,River/Stream,,40.680037,-91.502556
6,16560001,Bonnell Creek,06/27/2002 00:00:00,LEGACYREMAP,519-62-0,Chlorophyll b,NonFilt,,1,ug/l,False,1,,,446.0,UHL001,Actual,SW,Water,,,Lee,07080104,River/Stream,,40.680037,-91.502556
6,16560001,Bonnell Creek,06/27/2002 00:00:00,LEGACYREMAP,CLR-A-CP,"Chlorophyll a, corrected for pheophytin",NonFilt,,3,ug/l,True,1,,,446.0,UHL001,Actual,SW,Water,,,Lee,07080104,River/Stream,,40.680037,-91.502556
6,16560001,Bonnell Creek,06/27/2002 00:00:00,LEGACYREMAP,CLR-A-FREE,"Chlorophyll a, free of pheophytin",NonFilt,,4,ug/l,True,1,,,446.0,UHL001,Actual,SW,Water,,,Lee,07080104,River/Stream,,40.680037,-91.502556
6,16560001,Bonnell Creek,06/27/2002 00:00:00,LEGACYREMAP,14265-44-2,Orthophosphate (AS P),Dissolved,,0.2,mg/l,True,0.05,,,4500-P-E,UHL001,Actual,SW,Water,,,Lee,07080104,River/Stream,,40.680037,-91.502556
6,16560001,Bonnell Creek,07/11/2002 00:00:00,LEGACYREMAP,NIT-KJELD,Kjeldahl nitrogen (AS N),Total,,0.5,mg/l,True,0.05,,,351.2,UHL001,Actual,SW,Water,,,Lee,07080104,River/Stream,,40.680037,-91.502556
6,16560001,Bonnell Creek,07/11/2002 00:00:00,LEGACYREMAP,11003-45-5,Chlorophyll c,NonFilt,,1,ug/l,False,1,,,446.0,UHL001,Actual,SW,Water,,,Lee,07080104,River/Stream,,40.680037,-91.502556
6,16560001,Bonnell Creek,07/11/2002 00:00:00,LEGACYREMAP,519-62-0,Chlorophyll b,NonFilt,,1,ug/l,False,1,,,446.0,UHL001,Actual,SW,Water,,,Lee,07080104,River/Stream,,40.680037,-91.502556
6,16560001,Bonnell Creek,07/11/2002 00:00:00,LEGACYREMAP,603-17-8,Pheophytin a,NonFilt,,1,ug/l,False,1,,,446.0,UHL001,Actual,SW,Water,,,Lee,07080104,River/Stream,,40.680037,-91.502556
6,16560001,Bonnell Creek,07/11/2002 00:00:00,LEGACYREMAP,CLR-A-CP,"Chlorophyll a, corrected for pheophytin",NonFilt,,3,ug/l,True,1,,,446.0,UHL001,Actual,SW,Water,,,Lee,07080104,River/Stream,,40.680037,-91.502556
6,16560001,Bonnell Creek,07/11/2002 00:00:00,LEGACYREMAP,CLR-A-FREE,"Chlorophyll a, free of pheophytin",NonFilt,,3,ug/l,True,1,,,446.0,UHL001,Actual,SW,Water,,,Lee,07080104,River/Stream,,40.680037,-91.502556
6,16560001,Bonnell Creek,07/11/2002 00:00:00,LEGACYREMAP,14265-44-2,Orthophosphate (AS P),Dissolved,,0.2,mg/l,True,0.05,,,4500-P-E,UHL001,Actual,SW,Water,,,Lee,07080104,River/Stream,,40.680037,-91.502556
6,16560001,Bonnell Creek,07/16/2002 00:00:00,LEGACYREMAP,TURB,Turbidity,Total,,1.9,NTU,True,,,,180.1,,Actual,SW,Water,,,Lee,07080104,River/Stream,,40.680037,-91.502556
6,16560001,Bonnell Creek,07/16/2002 00:00:00,LEGACYREMAP,TEMP-WATER,"Temperature, water",Total,,20,deg C,True,,,,2550,,Actual,SW,Water,,,Lee,07080104,River/Stream,,40.680037,-91.502556
6,16560001,Bonnell Creek,07/16/2002 00:00:00,LEGACYREMAP,PH,pH,Total,,7.7,None,True,,,,4500-H,,Actual,SW,Water,,,Lee,07080104,River/Stream,,40.680037,-91.502556
6,16560001,Bonnell Creek,07/16/2002 00:00:00,LEGACYREMAP,7782-44-7,Dissolved oxygen (DO),Total,,6.1,mg/l,True,,,,4500-O-G,,Actual,SW,Water,,,Lee,07080104,River/Stream,,40.680037,-91.502556
6,16560001,Bonnell Creek,07/16/2002 00:00:00,LEGACYREMAP,FLOW,Flow,Total,,0,cfs,False,,Present Below Quantification Limit,1,USGS CA8,,Actual,SW,Water,,,Lee,07080104,River/Stream,,40.680037,-91.502556
6,16560001,Bonnell Creek,07/16/2002 00:00:00,LEGACYREMAP,TVSS,Volatile Suspended Solids,NonFilt,,1,mg/l,False,1,,,160.4,UHL001,Actual,SW,Water,,,Lee,07080104,River/Stream,,40.680037,-91.502556
6,16560001,Bonnell Creek,07/16/2002 00:00:00,LEGACYREMAP,7439-92-1,Lead,Dissolved,,10,ug/l,False,10,,,200.8(W),UHL001,Actual,SW,Water,,,Lee,07080104,River/Stream,,40.680037,-91.502556
6,16560001,Bonnell Creek,07/16/2002 00:00:00,LEGACYREMAP,7439-97-6,Mercury,Dissolved,,5E-05,mg/l,False,0.00005,,,200.8(W),UHL001,Actual,SW,Water,,,Lee,07080104,River/Stream,,40.680037,-91.502556
6,16560001,Bonnell Creek,07/16/2002 00:00:00,LEGACYREMAP,7440-02-0,Nickel,Dissolved,,50,ug/l,False,50,,,200.8(W),UHL001,Actual,SW,Water,,,Lee,07080104,River/Stream,,40.680037,-91.502556
6,16560001,Bonnell Creek,07/16/2002 00:00:00,LEGACYREMAP,7440-22-4,Silver,Dissolved,,10,ug/l,False,10,,,200.8(W),UHL001,Actual,SW,Water,,,Lee,07080104,River/Stream,,40.680037,-91.502556
6,16560001,Bonnell Creek,07/16/2002 00:00:00,LEGACYREMAP,7440-38-2,Arsenic,Dissolved,,10,ug/l,False,10,,,200.8(W),UHL001,Actual,SW,Water,,,Lee,07080104,River/Stream,,40.680037,-91.502556
6,16560001,Bonnell Creek,07/16/2002 00:00:00,LEGACYREMAP,7440-43-9,Cadmium,Dissolved,,1,ug/l,False,1,,,200.8(W),UHL001,Actual,SW,Water,,,Lee,07080104,River/Stream,,40.680037,-91.502556
6,16560001,Bonnell Creek,07/16/2002 00:00:00,LEGACYREMAP,7440-47-3,Chromium,Dissolved,,20,ug/l,False,20,,,200.8(W),UHL001,Actual,SW,Water,,,Lee,07080104,River/Stream,,40.680037,-91.502556
6,16560001,Bonnell Creek,07/16/2002 00:00:00,LEGACYREMAP,7440-50-8,Copper,Dissolved,,10,ug/l,False,10,,,200.8(W),UHL001,Actual,SW,Water,,,Lee,07080104,River/Stream,,40.680037,-91.502556
6,16560001,Bonnell Creek,07/16/2002 00:00:00,LEGACYREMAP,7440-66-6,Zinc,Dissolved,,20,ug/l,False,20,,,200.8(W),UHL001,Actual,SW,Water,,,Lee,07080104,River/Stream,,40.680037,-91.502556
6,16560001,Bonnell Creek,07/16/2002 00:00:00,LEGACYREMAP,7782-49-2,Selenium,Dissolved,,10,ug/l,False,10,,,200.8(W),UHL001,Actual,SW,Water,,,Lee,07080104,River/Stream,,40.680037,-91.502556
6,16560001,Bonnell Creek,07/16/2002 00:00:00,LEGACYREMAP,TDS,Total dissolved solids,Dissolved,,400,mg/l,True,1,,,2540-C,UHL001,Actual,SW,Water,,,Lee,07080104,River/Stream,,40.680037,-91.502556
6,16560001,Bonnell Creek,07/16/2002 00:00:00,LEGACYREMAP,16887-00-6,Chloride,Total,,14,mg/l,True,1,,,300.0,UHL001,Actual,SW,Water,,,Lee,07080104,River/Stream,,40.680037,-91.502556
6,16560001,Bonnell Creek,07/16/2002 00:00:00,LEGACYREMAP,NIT-AMM,Ammonia-nitrogen (AS N),Total,,0.05,mg/l,False,0.05,,,350.1,UHL001,Actual,SW,Water,,,Lee,07080104,River/Stream,,40.680037,-91.502556
6,16560001,Bonnell Creek,07/16/2002 00:00:00,LEGACYREMAP,NIT-KJELD,Kjeldahl nitrogen (AS N),Total,,0.39,mg/l,True,0.05,,,351.2,UHL001,Actual,SW,Water,,,Lee,07080104,River/Stream,,40.680037,-91.502556
6,16560001,Bonnell Creek,07/16/2002 00:00:00,LEGACYREMAP,NIT-NO3-NO2,Inorganic nitrogen (nitrate and nitrite) (AS N),Total,,0.9,mg/l,True,0.1,,,353.2,UHL001,Actual,SW,Water,,,Lee,07080104,River/Stream,,40.680037,-91.502556
6,16560001,Bonnell Creek,07/16/2002 00:00:00,LEGACYREMAP,11003-45-5,Chlorophyll c,NonFilt,,1,ug/l,False,1,,,446.0,UHL001,Actual,SW,Water,,,Lee,07080104,River/Stream,,40.680037,-91.502556
6,16560001,Bonnell Creek,07/16/2002 00:00:00,LEGACYREMAP,519-62-0,Chlorophyll b,NonFilt,,1,ug/l,False,1,,,446.0,UHL001,Actual,SW,Water,,,Lee,07080104,River/Stream,,40.680037,-91.502556
6,16560001,Bonnell Creek,07/16/2002 00:00:00,LEGACYREMAP,603-17-8,Pheophytin a,NonFilt,,1,ug/l,True,1,,,446.0,UHL001,Actual,SW,Water,,,Lee,07080104,River/Stream,,40.680037,-91.502556
6,16560001,Bonnell Creek,07/16/2002 00:00:00,LEGACYREMAP,CLR-A-CP,"Chlorophyll a, corrected for pheophytin",NonFilt,,3,ug/l,True,1,,,446.0,UHL001,Actual,SW,Water,,,Lee,07080104,River/Stream,,40.680037,-91.502556
6,16560001,Bonnell Creek,07/16/2002 00:00:00,LEGACYREMAP,CLR-A-FREE,"Chlorophyll a, free of pheophytin",NonFilt,,3,ug/l,True,1,,,446.0,UHL001,Actual,SW,Water,,,Lee,07080104,River/Stream,,40.680037,-91.502556
6,16560001,Bonnell Creek,07/16/2002 00:00:00,LEGACYREMAP,14265-44-2,Orthophosphate (AS P),Dissolved,,0.05,mg/l,True,0.05,,,4500-P-E,UHL001,Actual,SW,Water,,,Lee,07080104,River/Stream,,40.680037,-91.502556
6,16560001,Bonnell Creek,07/16/2002 00:00:00,LEGACYREMAP,7631-86-9,Silica,Dissolved,,11,mg/l,True,1,,,4500-SI(D),UHL001,Actual,SW,Water,,,Lee,07080104,River/Stream,,40.680037,-91.502556
6,16560001,Bonnell Creek,07/16/2002 00:00:00,LEGACYREMAP,TSS,Total suspended solids,NonFilt,,4,mg/l,True,1,,,I3765,UHL001,Actual,SW,Water,,,Lee,07080104,River/Stream,,40.680037,-91.502556
6,16560001,Bonnell Creek,07/16/2002 00:00:00,LEGACYREMAP,PHOSP-PHOSP,Phosphate-phosphorus (AS P),Total,,0.07,mg/l,True,0.1,,,LAC10-115-01-1C,UHL001,Actual,SW,Water,,,Lee,07080104,River/Stream,,40.680037,-91.502556
6,16560001,Bonnell Creek,06/12/2002 00:00:00,LEGACYREMAP,11003-45-5,Chlorophyll c,NonFilt,,1,ug/l,False,1,,,446.0,UHL001,Actual,SW,Water,,,Lee,07080104,River/Stream,,40.680037,-91.502556
6,16560001,Bonnell Creek,06/12/2002 00:00:00,LEGACYREMAP,519-62-0,Chlorophyll b,NonFilt,,1,ug/l,False,1,,,446.0,UHL001,Actual,SW,Water,,,Lee,07080104,River/Stream,,40.680037,-91.502556
6,16560001,Bonnell Creek,06/12/2002 00:00:00,LEGACYREMAP,CLR-A-CP,"Chlorophyll a, corrected for pheophytin",NonFilt,,2,ug/l,True,1,,,446.0,UHL001,Actual,SW,Water,,,Lee,07080104,River/Stream,,40.680037,-91.502556
6,16560001,Bonnell Creek,06/12/2002 00:00:00,LEGACYREMAP,CLR-A-FREE,"Chlorophyll a, free of pheophytin",NonFilt,,3,ug/l,True,1,,,446.0,UHL001,Actual,SW,Water,,,Lee,07080104,River/Stream,,40.680037,-91.502556
6,16560001,Bonnell Creek,06/12/2002 00:00:00,LEGACYREMAP,14265-44-2,Orthophosphate (AS P),Dissolved,,0.3,mg/l,True,0.05,,,4500-P-E,UHL001,Actual,SW,Water,,,Lee,07080104,River/Stream,,40.680037,-91.502556
6,16560002,Des Moines River - Keokuk - REMAP # 254,10/01/2003 00:00:00,LEGACYREMAP,TURB,Turbidity,Total,,19,NTU,True,,,,180.1,,Actual,SW,Water,,,Lee,07100009,River/Stream,,40.385696,-91.437187
6,16560002,Des Moines River - Keokuk - REMAP # 254,10/01/2003 00:00:00,LEGACYREMAP,TEMP-WATER,"Temperature, water",Total,,12.1,deg C,True,,,,2550,,Actual,SW,Water,,,Lee,07100009,River/Stream,,40.385696,-91.437187
6,16560002,Des Moines River - Keokuk - REMAP # 254,10/01/2003 00:00:00,LEGACYREMAP,PH,pH,Total,,9.1,None,True,,,,4500-H,,Actual,SW,Water,,,Lee,07100009,River/Stream,,40.385696,-91.437187
6,16560002,Des Moines River - Keokuk - REMAP # 254,10/01/2003 00:00:00,LEGACYREMAP,7782-44-7,Dissolved oxygen (DO),Total,,10.7,mg/l,True,,,,4500-O-G,,Actual,SW,Water,,,Lee,07100009,River/Stream,,40.385696,-91.437187
6,16560002,Des Moines River - Keokuk - REMAP # 254,10/01/2003 00:00:00,LEGACYREMAP,FLOW,Flow,Total,,350,cfs,True,,,,USGS CA8,,Actual,SW,Water,,,Lee,07100009,River/Stream,,40.385696,-91.437187
6,16560002,Des Moines River - Keokuk - REMAP # 254,10/01/2003 00:00:00,LEGACYREMAP,TVSS,Volatile Suspended Solids,NonFilt,,8,mg/l,True,1,,,160.4,UHL001,Actual,SW,Water,,,Lee,07100009,River/Stream,,40.385696,-91.437187
6,16560002,Des Moines River - Keokuk - REMAP # 254,10/01/2003 00:00:00,LEGACYREMAP,7439-92-1,Lead,Dissolved,,10,ug/l,False,10,,,200.8(W),UHL001,Actual,SW,Water,,,Lee,07100009,River/Stream,,40.385696,-91.437187
6,16560002,Des Moines River - Keokuk - REMAP # 254,10/01/2003 00:00:00,LEGACYREMAP,7439-97-6,Mercury,Dissolved,,5E-05,mg/l,False,0.00005,,,200.8(W),UHL001,Actual,SW,Water,,,Lee,07100009,River/Stream,,40.385696,-91.437187
6,16560002,Des Moines River - Keokuk - REMAP # 254,10/01/2003 00:00:00,LEGACYREMAP,7440-02-0,Nickel,Dissolved,,50,ug/l,False,50,,,200.8(W),UHL001,Actual,SW,Water,,,Lee,07100009,River/Stream,,40.385696,-91.437187
6,16560002,Des Moines River - Keokuk - REMAP # 254,10/01/2003 00:00:00,LEGACYREMAP,7440-22-4,Silver,Dissolved,,10,ug/l,False,10,,,200.8(W),UHL001,Actual,SW,Water,,,Lee,07100009,River/Stream,,40.385696,-91.437187
6,16560002,Des Moines River - Keokuk - REMAP # 254,10/01/2003 00:00:00,LEGACYREMAP,7440-38-2,Arsenic,Dissolved,,10,ug/l,False,10,,,200.8(W),UHL001,Actual,SW,Water,,,Lee,07100009,River/Stream,,40.385696,-91.437187
6,16560002,Des Moines River - Keokuk - REMAP # 254,10/01/2003 00:00:00,LEGACYREMAP,7440-43-9,Cadmium,Dissolved,,1,ug/l,False,1,,,200.8(W),UHL001,Actual,SW,Water,,,Lee,07100009,River/Stream,,40.385696,-91.437187
6,16560002,Des Moines River - Keokuk - REMAP # 254,10/01/2003 00:00:00,LEGACYREMAP,7440-47-3,Chromium,Dissolved,,20,ug/l,False,20,,,200.8(W),UHL001,Actual,SW,Water,,,Lee,07100009,River/Stream,,40.385696,-91.437187
6,16560002,Des Moines River - Keokuk - REMAP # 254,10/01/2003 00:00:00,LEGACYREMAP,7440-50-8,Copper,Dissolved,,10,ug/l,False,10,,,200.8(W),UHL001,Actual,SW,Water,,,Lee,07100009,River/Stream,,40.385696,-91.437187
6,16560002,Des Moines River - Keokuk - REMAP # 254,10/01/2003 00:00:00,LEGACYREMAP,7440-66-6,Zinc,Dissolved,,20,ug/l,False,20,,,200.8(W),UHL001,Actual,SW,Water,,,Lee,07100009,River/Stream,,40.385696,-91.437187
6,16560002,Des Moines River - Keokuk - REMAP # 254,10/01/2003 00:00:00,LEGACYREMAP,7782-49-2,Selenium,Dissolved,,10,ug/l,False,10,,,200.8(W),UHL001,Actual,SW,Water,,,Lee,07100009,River/Stream,,40.385696,-91.437187
6,16560002,Des Moines River - Keokuk - REMAP # 254,10/01/2003 00:00:00,LEGACYREMAP,TDS,Total dissolved solids,Dissolved,,380,mg/l,True,1,,,2540-C,UHL001,Actual,SW,Water,,,Lee,07100009,River/Stream,,40.385696,-91.437187
6,16560002,Des Moines River - Keokuk - REMAP # 254,10/01/2003 00:00:00,LEGACYREMAP,16887-00-6,Chloride,Total,,45,mg/l,True,1,,,300.0,UHL001,Actual,SW,Water,,,Lee,07100009,River/Stream,,40.385696,-91.437187
6,16560002,Des Moines River - Keokuk - REMAP # 254,10/01/2003 00:00:00,LEGACYREMAP,NIT-AMM,Ammonia-nitrogen (AS N),Total,,0.05,mg/l,False,0.05,,,350.1,UHL001,Actual,SW,Water,,,Lee,07100009,River/Stream,,40.385696,-91.437187
6,16560002,Des Moines River - Keokuk - REMAP # 254,10/01/2003 00:00:00,LEGACYREMAP,NIT-KJELD,Kjeldahl nitrogen (AS N),Total,,1.4,mg/l,True,0.05,,,351.2,UHL001,Actual,SW,Water,,,Lee,07100009,River/Stream,,40.385696,-91.437187
6,16560002,Des Moines River - Keokuk - REMAP # 254,10/01/2003 00:00:00,LEGACYREMAP,NIT-NO3-NO2,Inorganic nitrogen (nitrate and nitrite) (AS N),Total,,0.1,mg/l,True,0.1,,,353.2,UHL001,Actual,SW,Water,,,Lee,07100009,River/Stream,,40.385696,-91.437187
6,16560002,Des Moines River - Keokuk - REMAP # 254,10/01/2003 00:00:00,LEGACYREMAP,11003-45-5,Chlorophyll c,NonFilt,,6,ug/l,True,1,,,446.0,UHL001,Actual,SW,Water,,,Lee,07100009,River/Stream,,40.385696,-91.437187
6,16560002,Des Moines River - Keokuk - REMAP # 254,10/01/2003 00:00:00,LEGACYREMAP,519-62-0,Chlorophyll b,NonFilt,,6,ug/l,True,1,,,446.0,UHL001,Actual,SW,Water,,,Lee,07100009,River/Stream,,40.385696,-91.437187
6,16560002,Des Moines River - Keokuk - REMAP # 254,10/01/2003 00:00:00,LEGACYREMAP,603-17-8,Pheophytin a,NonFilt,,8,ug/l,True,1,,,446.0,UHL001,Actual,SW,Water,,,Lee,07100009,River/Stream,,40.385696,-91.437187
6,16560002,Des Moines River - Keokuk - REMAP # 254,10/01/2003 00:00:00,LEGACYREMAP,CLR-A-CP,"Chlorophyll a, corrected for pheophytin",NonFilt,,95,ug/l,True,1,,,446.0,UHL001,Actual,SW,Water,,,Lee,07100009,River/Stream,,40.385696,-91.437187
6,16560002,Des Moines River - Keokuk - REMAP # 254,10/01/2003 00:00:00,LEGACYREMAP,CLR-A-FREE,"Chlorophyll a, free of pheophytin",NonFilt,,100,ug/l,True,1,,,446.0,UHL001,Actual,SW,Water,,,Lee,07100009,River/Stream,,40.385696,-91.437187
6,16560002,Des Moines River - Keokuk - REMAP # 254,10/01/2003 00:00:00,LEGACYREMAP,14265-44-2,Orthophosphate (AS P),Dissolved,,0.02,mg/l,False,0.02,,,4500-P-E,UHL001,Actual,SW,Water,,,Lee,07100009,River/Stream,,40.385696,-91.437187
6,16560002,Des Moines River - Keokuk - REMAP # 254,10/01/2003 00:00:00,LEGACYREMAP,7631-86-9,Silica,Dissolved,,4.8,mg/l,True,1,,,4500-SI(D),UHL001,Actual,SW,Water,,,Lee,07100009,River/Stream,,40.385696,-91.437187
6,16560002,Des Moines River - Keokuk - REMAP # 254,10/01/2003 00:00:00,LEGACYREMAP,TSS,Total suspended solids,NonFilt,,27,mg/l,True,1,,,I3765,UHL001,Actual,SW,Water,,,Lee,07100009,River/Stream,,40.385696,-91.437187
6,16560002,Des Moines River - Keokuk - REMAP # 254,10/01/2003 00:00:00,LEGACYREMAP,PHOSP-PHOSP,Phosphate-phosphorus (AS P),Total,,0.12,mg/l,True,0.1,,,LAC10-115-01-1C,UHL001,Actual,SW,Water,,,Lee,07100009,River/Stream,,40.385696,-91.437187
6,16560003,Des Moines River - Site 202,09/06/2006 00:00:00,LEGACYREMAP,TURB,Turbidity,Total,,20,NTU,True,,,,180.1,,Actual,SW,Water,,,Lee,07100009,River/Stream,,40.597417,-91.715468
6,16560003,Des Moines River - Site 202,09/06/2006 00:00:00,LEGACYREMAP,TEMP-WATER,"Temperature, water",Total,,23.2,deg C,True,,,,2550,,Actual,SW,Water,,,Lee,07100009,River/Stream,,40.597417,-91.715468
6,16560003,Des Moines River - Site 202,09/06/2006 00:00:00,LEGACYREMAP,PH,pH,Total,,8.8,None,True,,,,4500-H,,Actual,SW,Water,,,Lee,07100009,River/Stream,,40.597417,-91.715468
6,16560003,Des Moines River - Site 202,09/06/2006 00:00:00,LEGACYREMAP,7782-44-7,Dissolved oxygen (DO),Total,,12.3,mg/l,True,,,,4500-O-G,,Actual,SW,Water,,,Lee,07100009,River/Stream,,40.597417,-91.715468
6,16560003,Des Moines River - Site 202,09/06/2006 00:00:00,LEGACYREMAP,FLOW,Flow,Total,,2500,cfs,True,,,,USGS CA8,,Actual,SW,Water,,,Lee,07100009,River/Stream,,40.597417,-91.715468
6,16560003,Des Moines River - Site 202,09/06/2006 00:00:00,LEGACYREMAP,TVSS,Volatile Suspended Solids,NonFilt,,9,mg/l,True,1,,,160.4,UHL001,Actual,SW,Water,,,Lee,07100009,River/Stream,,40.597417,-91.715468
6,16560003,Des Moines River - Site 202,09/06/2006 00:00:00,LEGACYREMAP,7439-92-1,Lead,Dissolved,,10,ug/l,False,10,,,200.8(W),UHL001,Actual,SW,Water,,,Lee,07100009,River/Stream,,40.597417,-91.715468
6,16560003,Des Moines River - Site 202,09/06/2006 00:00:00,LEGACYREMAP,7439-97-6,Mercury,Dissolved,,5E-05,mg/l,False,0.00005,,,200.8(W),UHL001,Actual,SW,Water,,,Lee,07100009,River/Stream,,40.597417,-91.715468
6,16560003,Des Moines River - Site 202,09/06/2006 00:00:00,LEGACYREMAP,7440-02-0,Nickel,Dissolved,,50,ug/l,False,50,,,200.8(W),UHL001,Actual,SW,Water,,,Lee,07100009,River/Stream,,40.597417,-91.715468
6,16560003,Des Moines River - Site 202,09/06/2006 00:00:00,LEGACYREMAP,7440-22-4,Silver,Dissolved,,10,ug/l,False,10,,,200.8(W),UHL001,Actual,SW,Water,,,Lee,07100009,River/Stream,,40.597417,-91.715468
6,16560003,Des Moines River - Site 202,09/06/2006 00:00:00,LEGACYREMAP,7440-38-2,Arsenic,Dissolved,,10,ug/l,False,10,,,200.8(W),UHL001,Actual,SW,Water,,,Lee,07100009,River/Stream,,40.597417,-91.715468
6,16560003,Des Moines River - Site 202,09/06/2006 00:00:00,LEGACYREMAP,7440-43-9,Cadmium,Dissolved,,1,ug/l,False,1,,,200.8(W),UHL001,Actual,SW,Water,,,Lee,07100009,River/Stream,,40.597417,-91.715468
6,16560003,Des Moines River - Site 202,09/06/2006 00:00:00,LEGACYREMAP,7440-47-3,Chromium,Dissolved,,20,ug/l,False,20,,,200.8(W),UHL001,Actual,SW,Water,,,Lee,07100009,River/Stream,,40.597417,-91.715468
6,16560003,Des Moines River - Site 202,09/06/2006 00:00:00,LEGACYREMAP,7440-50-8,Copper,Dissolved,,10,ug/l,False,10,,,200.8(W),UHL001,Actual,SW,Water,,,Lee,07100009,River/Stream,,40.597417,-91.715468
6,16560003,Des Moines River - Site 202,09/06/2006 00:00:00,LEGACYREMAP,7440-66-6,Zinc,Dissolved,,20,ug/l,False,20,,,200.8(W),UHL001,Actual,SW,Water,,,Lee,07100009,River/Stream,,40.597417,-91.715468
6,16560003,Des Moines River - Site 202,09/06/2006 00:00:00,LEGACYREMAP,7782-49-2,Selenium,Dissolved,,10,ug/l,False,10,,,200.8(W),UHL001,Actual,SW,Water,,,Lee,07100009,River/Stream,,40.597417,-91.715468
6,16560003,Des Moines River - Site 202,09/06/2006 00:00:00,LEGACYREMAP,TDS,Total dissolved solids,Dissolved,,350,mg/l,True,1,,,2540-C,UHL001,Actual,SW,Water,,,Lee,07100009,River/Stream,,40.597417,-91.715468
6,16560003,Des Moines River - Site 202,09/06/2006 00:00:00,LEGACYREMAP,16887-00-6,Chloride,Total,,38,mg/l,True,1,,,300.0,UHL001,Actual,SW,Water,,,Lee,07100009,River/Stream,,40.597417,-91.715468
6,16560003,Des Moines River - Site 202,09/06/2006 00:00:00,LEGACYREMAP,NIT-AMM,Ammonia-nitrogen (AS N),Total,,0.05,mg/l,False,0.05,,,350.1,UHL001,Actual,SW,Water,,,Lee,07100009,River/Stream,,40.597417,-91.715468
6,16560003,Des Moines River - Site 202,09/06/2006 00:00:00,LEGACYREMAP,NIT-KJELD,Kjeldahl nitrogen (AS N),Total,,1,mg/l,True,0.1,,,351.2,UHL001,Actual,SW,Water,,,Lee,07100009,River/Stream,,40.597417,-91.715468
6,16560003,Des Moines River - Site 202,09/06/2006 00:00:00,LEGACYREMAP,NIT-NO3-NO2,Inorganic nitrogen (nitrate and nitrite) (AS N),Total,,1.2,mg/l,True,0.05,,,353.2,UHL001,Actual,SW,Water,,,Lee,07100009,River/Stream,,40.597417,-91.715468
6,16560003,Des Moines River - Site 202,09/06/2006 00:00:00,LEGACYREMAP,CLR-A-FREE,"Chlorophyll a, free of pheophytin",NonFilt,,70,ug/l,True,1,,,445,UHL001,Actual,SW,Water,,,Lee,07100009,River/Stream,,40.597417,-91.715468
6,16560003,Des Moines River - Site 202,09/06/2006 00:00:00,LEGACYREMAP,14265-44-2,Orthophosphate (AS P),Dissolved,,0.1,mg/l,True,0.02,,,4500-P-E,UHL001,Actual,SW,Water,,,Lee,07100009,River/Stream,,40.597417,-91.715468
6,16560003,Des Moines River - Site 202,09/06/2006 00:00:00,LEGACYREMAP,7631-86-9,Silica,Dissolved,,12,mg/l,True,1,,,4500-SI(D),UHL001,Actual,SW,Water,,,Lee,07100009,River/Stream,,40.597417,-91.715468
6,16560003,Des Moines River - Site 202,09/06/2006 00:00:00,LEGACYREMAP,TSS,Total suspended solids,NonFilt,,36,mg/l,True,1,,,I3765,UHL001,Actual,SW,Water,,,Lee,07100009,River/Stream,,40.597417,-91.715468
6,16560003,Des Moines River - Site 202,09/06/2006 00:00:00,LEGACYREMAP,PHOSP-PHOSP,Phosphate-phosphorus (AS P),Total,,0.22,mg/l,True,0.02,,,LAC10-115-01-1C,UHL001,Actual,SW,Water,,,Lee,07100009,River/Stream,,40.597417,-91.715468
6,16560003,Des Moines River - Site 202,09/14/2006 00:00:00,LEGACYREMAP,NIT-AMM,Ammonia-nitrogen (AS N),Total,,0.05,mg/l,False,0.05,,,350.1,UHL001,Actual,SW,Water,,,Lee,07100009,River/Stream,,40.597417,-91.715468
6,16560003,Des Moines River - Site 202,09/14/2006 00:00:00,LEGACYREMAP,PHOSP-PHOSP,Phosphate-phosphorus (AS P),Total,,0.7,mg/l,True,0.02,,,LAC10-115-01-1C,UHL001,Actual,SW,Water,,,Lee,07100009,River/Stream,,40.597417,-91.715468
6,16560003,Des Moines River - Site 202,10/10/2006 00:00:00,LEGACYREMAP,TURB,Turbidity,Total,,5.7,NTU,True,,,,180.1,,Actual,SW,Water,,,Lee,07100009,River/Stream,,40.597417,-91.715468
6,16560003,Des Moines River - Site 202,10/10/2006 00:00:00,LEGACYREMAP,TEMP-WATER,"Temperature, water",Total,,15.6,deg C,True,,,,2550,,Actual,SW,Water,,,Lee,07100009,River/Stream,,40.597417,-91.715468
6,16560003,Des Moines River - Site 202,10/10/2006 00:00:00,LEGACYREMAP,PH,pH,Total,,8.7,None,True,,,,4500-H,,Actual,SW,Water,,,Lee,07100009,River/Stream,,40.597417,-91.715468
6,16560003,Des Moines River - Site 202,10/10/2006 00:00:00,LEGACYREMAP,7782-44-7,Dissolved oxygen (DO),Total,,8.6,mg/l,True,,,,4500-O-G,,Actual,SW,Water,,,Lee,07100009,River/Stream,,40.597417,-91.715468
6,16560003,Des Moines River - Site 202,10/10/2006 00:00:00,LEGACYREMAP,FLOW,Flow,Total,,1800,cfs,True,,,,USGS CA8,,Actual,SW,Water,,,Lee,07100009,River/Stream,,40.597417,-91.715468
6,16560003,Des Moines River - Site 202,10/10/2006 00:00:00,LEGACYREMAP,TVSS,Volatile Suspended Solids,NonFilt,,4,mg/l,True,1,,,160.4,UHL001,Actual,SW,Water,,,Lee,07100009,River/Stream,,40.597417,-91.715468
6,16560003,Des Moines River - Site 202,10/10/2006 00:00:00,LEGACYREMAP,7439-92-1,Lead,Dissolved,,10,ug/l,False,10,,,200.8(W),UHL001,Actual,SW,Water,,,Lee,07100009,River/Stream,,40.597417,-91.715468
6,16560003,Des Moines River - Site 202,10/10/2006 00:00:00,LEGACYREMAP,7439-97-6,Mercury,Dissolved,,5E-05,mg/l,False,0.00005,,,200.8(W),UHL001,Actual,SW,Water,,,Lee,07100009,River/Stream,,40.597417,-91.715468
6,16560003,Des Moines River - Site 202,10/10/2006 00:00:00,LEGACYREMAP,7440-02-0,Nickel,Dissolved,,50,ug/l,False,50,,,200.8(W),UHL001,Actual,SW,Water,,,Lee,07100009,River/Stream,,40.597417,-91.715468
6,16560003,Des Moines River - Site 202,10/10/2006 00:00:00,LEGACYREMAP,7440-22-4,Silver,Dissolved,,10,ug/l,False,10,,,200.8(W),UHL001,Actual,SW,Water,,,Lee,07100009,River/Stream,,40.597417,-91.715468
6,16560003,Des Moines River - Site 202,10/10/2006 00:00:00,LEGACYREMAP,7440-38-2,Arsenic,Dissolved,,10,ug/l,False,10,,,200.8(W),UHL001,Actual,SW,Water,,,Lee,07100009,River/Stream,,40.597417,-91.715468
6,16560003,Des Moines River - Site 202,10/10/2006 00:00:00,LEGACYREMAP,7440-43-9,Cadmium,Dissolved,,1,ug/l,False,1,,,200.8(W),UHL001,Actual,SW,Water,,,Lee,07100009,River/Stream,,40.597417,-91.715468
6,16560003,Des Moines River - Site 202,10/10/2006 00:00:00,LEGACYREMAP,7440-47-3,Chromium,Dissolved,,20,ug/l,False,20,,,200.8(W),UHL001,Actual,SW,Water,,,Lee,07100009,River/Stream,,40.597417,-91.715468
6,16560003,Des Moines River - Site 202,10/10/2006 00:00:00,LEGACYREMAP,7440-50-8,Copper,Dissolved,,10,ug/l,False,10,,,200.8(W),UHL001,Actual,SW,Water,,,Lee,07100009,River/Stream,,40.597417,-91.715468
6,16560003,Des Moines River - Site 202,10/10/2006 00:00:00,LEGACYREMAP,7440-66-6,Zinc,Dissolved,,20,ug/l,False,20,,,200.8(W),UHL001,Actual,SW,Water,,,Lee,07100009,River/Stream,,40.597417,-91.715468
6,16560003,Des Moines River - Site 202,10/10/2006 00:00:00,LEGACYREMAP,7782-49-2,Selenium,Dissolved,,10,ug/l,False,10,,,200.8(W),UHL001,Actual,SW,Water,,,Lee,07100009,River/Stream,,40.597417,-91.715468
6,16560003,Des Moines River - Site 202,10/10/2006 00:00:00,LEGACYREMAP,TDS,Total dissolved solids,Dissolved,,350,mg/l,True,1,,,2540-C,UHL001,Actual,SW,Water,,,Lee,07100009,River/Stream,,40.597417,-91.715468
6,16560003,Des Moines River - Site 202,10/10/2006 00:00:00,LEGACYREMAP,16887-00-6,Chloride,Total,,38,mg/l,True,1,,,300.0,UHL001,Actual,SW,Water,,,Lee,07100009,River/Stream,,40.597417,-91.715468
6,16560003,Des Moines River - Site 202,10/10/2006 00:00:00,LEGACYREMAP,NIT-AMM,Ammonia-nitrogen (AS N),Total,,0.07,mg/l,True,0.05,,,350.1,UHL001,Actual,SW,Water,,,Lee,07100009,River/Stream,,40.597417,-91.715468
6,16560003,Des Moines River - Site 202,10/10/2006 00:00:00,LEGACYREMAP,NIT-KJELD,Kjeldahl nitrogen (AS N),Total,,0.9,mg/l,True,0.1,,,351.2,UHL001,Actual,SW,Water,,,Lee,07100009,River/Stream,,40.597417,-91.715468
6,16560003,Des Moines River - Site 202,10/10/2006 00:00:00,LEGACYREMAP,NIT-NO3-NO2,Inorganic nitrogen (nitrate and nitrite) (AS N),Total,,3,mg/l,True,0.05,,,353.2,UHL001,Actual,SW,Water,,,Lee,07100009,River/Stream,,40.597417,-91.715468
6,16560003,Des Moines River - Site 202,10/10/2006 00:00:00,LEGACYREMAP,CLR-A-FREE,"Chlorophyll a, free of pheophytin",NonFilt,,40,ug/l,True,1,,,445,UHL001,Actual,SW,Water,,,Lee,07100009,River/Stream,,40.597417,-91.715468
6,16560003,Des Moines River - Site 202,10/10/2006 00:00:00,LEGACYREMAP,14265-44-2,Orthophosphate (AS P),Dissolved,,0.16,mg/l,True,0.02,,,4500-P-E,UHL001,Actual,SW,Water,,,Lee,07100009,River/Stream,,40.597417,-91.715468
6,16560003,Des Moines River - Site 202,10/10/2006 00:00:00,LEGACYREMAP,7631-86-9,Silica,Dissolved,,12,mg/l,True,1,,,4500-SI(D),UHL001,Actual,SW,Water,,,Lee,07100009,River/Stream,,40.597417,-91.715468
6,16560003,Des Moines River - Site 202,10/10/2006 00:00:00,LEGACYREMAP,TSS,Total suspended solids,NonFilt,,7,mg/l,True,1,,,I3765,UHL001,Actual,SW,Water,,,Lee,07100009,River/Stream,,40.597417,-91.715468
6,16560003,Des Moines River - Site 202,10/10/2006 00:00:00,LEGACYREMAP,PHOSP-PHOSP,Phosphate-phosphorus (AS P),Total,,0.23,mg/l,True,0.02,,,LAC10-115-01-1C,UHL001,Actual,SW,Water,,,Lee,07100009,River/Stream,,40.597417,-91.715468
6,16560003,Des Moines River - Site 202,10/17/2006 00:00:00,LEGACYREMAP,NIT-AMM,Ammonia-nitrogen (AS N),Total,,0.05,mg/l,False,0.05,,,350.1,UHL001,Actual,SW,Water,,,Lee,07100009,River/Stream,,40.597417,-91.715468
6,12560001,Lick Creek-Shimek State Forest - Farmington,07/28/2014 08:30:00,AMBBIO,TEMP-WATER,"Temperature, water",Total,,19.8,deg C,True,,,,2550,,Actual,SW,Water,,,Lee,07100009,River/Stream,,40.60723655,-91.68276295
6,12560001,Lick Creek-Shimek State Forest - Farmington,07/28/2014 08:30:00,AMBBIO,PH,pH,Total,,8,None,True,,,,4500-H,,Actual,SW,Water,,,Lee,07100009,River/Stream,,40.60723655,-91.68276295
6,12560001,Lick Creek-Shimek State Forest - Farmington,07/28/2014 08:30:00,AMBBIO,7782-44-7,Dissolved oxygen (DO),Total,,8.3,mg/l,True,,,,D888(C),,Actual,SW,Water,,,Lee,07100009,River/Stream,,40.60723655,-91.68276295
6,12560001,Lick Creek-Shimek State Forest - Farmington,07/28/2014 08:30:00,AMBBIO,FLOW,Flow,Total,,2.6,cfs,True,,,,USGS CA8,,Actual,SW,Water,,,Lee,07100009,River/Stream,,40.60723655,-91.68276295
6,12560001,Lick Creek-Shimek State Forest - Farmington,07/28/2014 08:30:00,AMBBIO,TVSS,Volatile Suspended Solids,NonFilt,,2,mg/l,True,1,,,160.4,UHL001,Actual,SW,Water,,,Lee,07100009,River/Stream,,40.60723655,-91.68276295
6,12560001,Lick Creek-Shimek State Forest - Farmington,07/28/2014 08:30:00,AMBBIO,7440-42-8,Boron,Total,,0.05,mg/l,False,0.05,,,200.7(W),UHL001,Actual,SW,Water,,,Lee,07100009,River/Stream,,40.60723655,-91.68276295
6,12560001,Lick Creek-Shimek State Forest - Farmington,07/28/2014 08:30:00,AMBBIO,7439-95-4,Magnesium,Total,,12,mg/l,True,0.5,,,200.7(W),UHL001,Actual,SW,Water,,,Lee,07100009,River/Stream,,40.60723655,-91.68276295
6,12560001,Lick Creek-Shimek State Forest - Farmington,07/28/2014 08:30:00,AMBBIO,7440-09-7,Potassium,Total,,5.6,mg/l,True,1,,,200.7(W),UHL001,Actual,SW,Water,,,Lee,07100009,River/Stream,,40.60723655,-91.68276295
6,12560001,Lick Creek-Shimek State Forest - Farmington,07/28/2014 08:30:00,AMBBIO,7440-23-5,Sodium,Total,,7,mg/l,True,0.5,,,200.7(W),UHL001,Actual,SW,Water,,,Lee,07100009,River/Stream,,40.60723655,-91.68276295
6,12560001,Lick Creek-Shimek State Forest - Farmington,07/28/2014 08:30:00,AMBBIO,7440-70-2,Calcium,Total,,52,mg/l,True,1,,,200.7(W),UHL001,Actual,SW,Water,,,Lee,07100009,River/Stream,,40.60723655,-91.68276295
6,12560001,Lick Creek-Shimek State Forest - Farmington,07/28/2014 08:30:00,AMBBIO,7439-92-1,Lead,Total,,0.22,ug/l,True,0.05,,,200.8(W),UHL001,Actual,SW,Water,,,Lee,07100009,River/Stream,,40.60723655,-91.68276295
6,12560001,Lick Creek-Shimek State Forest - Farmington,07/28/2014 08:30:00,AMBBIO,7440-02-0,Nickel,Total,,3.1,ug/l,True,0.05,,,200.8(W),UHL001,Actual,SW,Water,,,Lee,07100009,River/Stream,,40.60723655,-91.68276295
6,12560001,Lick Creek-Shimek State Forest - Farmington,07/28/2014 08:30:00,AMBBIO,7440-22-4,Silver,Total,,0.05,ug/l,False,0.05,,,200.8(W),UHL001,Actual,SW,Water,,,Lee,07100009,River/Stream,,40.60723655,-91.68276295
6,12560001,Lick Creek-Shimek State Forest - Farmington,07/28/2014 08:30:00,AMBBIO,7440-38-2,Arsenic,Total,,1,ug/l,True,0.5,,,200.8(W),UHL001,Actual,SW,Water,,,Lee,07100009,River/Stream,,40.60723655,-91.68276295
6,12560001,Lick Creek-Shimek State Forest - Farmington,07/28/2014 08:30:00,AMBBIO,7440-47-3,Chromium,Total,,0.37,ug/l,True,0.05,,,200.8(W),UHL001,Actual,SW,Water,,,Lee,07100009,River/Stream,,40.60723655,-91.68276295
6,12560001,Lick Creek-Shimek State Forest - Farmington,07/28/2014 08:30:00,AMBBIO,7440-50-8,Copper,Total,,0.68,ug/l,True,0.5,,,200.8(W),UHL001,Actual,SW,Water,,,Lee,07100009,River/Stream,,40.60723655,-91.68276295
6,12560001,Lick Creek-Shimek State Forest - Farmington,07/28/2014 08:30:00,AMBBIO,7440-66-6,Zinc,Total,,0.76,ug/l,True,0.05,,,200.8(W),UHL001,Actual,SW,Water,,,Lee,07100009,River/Stream,,40.60723655,-91.68276295
6,12560001,Lick Creek-Shimek State Forest - Farmington,07/28/2014 08:30:00,AMBBIO,7440-43-9,Cadmium,Total,,0.05,ug/l,False,0.05,,,200.8(W),UHL001,Actual,SW,Water,,,Lee,07100009,River/Stream,,40.60723655,-91.68276295
6,12560001,Lick Creek-Shimek State Forest - Farmington,07/28/2014 08:30:00,AMBBIO,7429-90-5,Aluminum,Total,,200,ug/l,True,5,,,200.8(W),UHL001,Actual,SW,Water,,,Lee,07100009,River/Stream,,40.60723655,-91.68276295
6,12560001,Lick Creek-Shimek State Forest - Farmington,07/28/2014 08:30:00,AMBBIO,7439-89-6,Iron,Total,,260,ug/l,True,5,,,200.8(W),UHL001,Actual,SW,Water,,,Lee,07100009,River/Stream,,40.60723655,-91.68276295
6,12560001,Lick Creek-Shimek State Forest - Farmington,07/28/2014 08:30:00,AMBBIO,7782-49-2,Selenium,Total,,0.5,ug/l,False,0.5,,,200.8(W),UHL001,Actual,SW,Water,,,Lee,07100009,River/Stream,,40.60723655,-91.68276295
6,12560001,Lick Creek-Shimek State Forest - Farmington,07/28/2014 08:30:00,AMBBIO,TURB,Turbidity,Total,,6.2,NTU,True,1,,,2130-B,UHL001,Actual,SW,Water,,,Lee,07100009,River/Stream,,40.60723655,-91.68276295
6,12560001,Lick Creek-Shimek State Forest - Farmington,07/28/2014 08:30:00,AMBBIO,HARD-CARB,"Hardness, carbonate",Total,,180,mg/l,True,1,,,2340C,UHL001,Actual,SW,Water,,,Lee,07100009,River/Stream,,40.60723655,-91.68276295
6,12560001,Lick Creek-Shimek State Forest - Farmington,07/28/2014 08:30:00,AMBBIO,TDS,Total dissolved solids,Dissolved,,240,mg/l,True,1,,,2540-C,UHL001,Actual,SW,Water,,,Lee,07100009,River/Stream,,40.60723655,-91.68276295
6,12560001,Lick Creek-Shimek State Forest - Farmington,07/28/2014 08:30:00,AMBBIO,14808-79-8,Sulfate (AS SO4),Total,,32,mg/l,True,1,,,300.0,UHL001,Actual,SW,Water,,,Lee,07100009,River/Stream,,40.60723655,-91.68276295
6,12560001,Lick Creek-Shimek State Forest - Farmington,07/28/2014 08:30:00,AMBBIO,16887-00-6,Chloride,Total,,6.6,mg/l,True,1,,,300.0,UHL001,Actual,SW,Water,,,Lee,07100009,River/Stream,,40.60723655,-91.68276295
6,12560001,Lick Creek-Shimek State Forest - Farmington,07/28/2014 08:30:00,AMBBIO,24959-67-9,Bromide,Total,,0.5,mg/l,False,0.5,,,300.0,UHL001,Actual,SW,Water,,,Lee,07100009,River/Stream,,40.60723655,-91.68276295
6,12560001,Lick Creek-Shimek State Forest - Farmington,07/28/2014 08:30:00,AMBBIO,CLR-A-FREE,"Chlorophyll a, free of pheophytin",NonFilt,,2,ug/l,True,1,,,445,UHL001,Actual,SW,Water,,,Lee,07100009,River/Stream,,40.60723655,-91.68276295
6,12560001,Lick Creek-Shimek State Forest - Farmington,07/28/2014 08:30:00,AMBBIO,CBOD-SC,"Carbonaceous biochemical oxygen demand, standard conditions",Total,,2,mg/l,False,2,,,5210-B,UHL001,Actual,SW,Water,,,Lee,07100009,River/Stream,,40.60723655,-91.68276295
6,12560001,Lick Creek-Shimek State Forest - Farmington,07/28/2014 08:30:00,AMBBIO,1024-57-3,Heptachlor epoxide,Total,,0.05,ug/l,False,0.05,,,8081(W),UHL001,Actual,SW,Water,,,Lee,07100009,River/Stream,,40.60723655,-91.68276295
6,12560001,Lick Creek-Shimek State Forest - Farmington,07/28/2014 08:30:00,AMBBIO,1031-07-8,Endosulfan sulfate,Total,,0.05,ug/l,False,0.05,,,8081(W),UHL001,Actual,SW,Water,,,Lee,07100009,River/Stream,,40.60723655,-91.68276295
6,12560001,Lick Creek-Shimek State Forest - Farmington,07/28/2014 08:30:00,AMBBIO,309-00-2,Aldrin,Total,,0.05,ug/l,False,0.05,,,8081(W),UHL001,Actual,SW,Water,,,Lee,07100009,River/Stream,,40.60723655,-91.68276295
6,12560001,Lick Creek-Shimek State Forest - Farmington,07/28/2014 08:30:00,AMBBIO,319-84-6,.alpha.-Hexachlorocyclohexane,Total,,0.05,ug/l,False,0.05,,,8081(W),UHL001,Actual,SW,Water,,,Lee,07100009,River/Stream,,40.60723655,-91.68276295
6,12560001,Lick Creek-Shimek State Forest - Farmington,07/28/2014 08:30:00,AMBBIO,319-85-7,.beta.-Hexachlorocyclohexane,Total,,0.05,ug/l,False,0.05,,,8081(W),UHL001,Actual,SW,Water,,,Lee,07100009,River/Stream,,40.60723655,-91.68276295
6,12560001,Lick Creek-Shimek State Forest - Farmington,07/28/2014 08:30:00,AMBBIO,319-86-8,.delta.-Hexachlorocyclohexane,Total,,0.05,ug/l,False,0.05,,,8081(W),UHL001,Actual,SW,Water,,,Lee,07100009,River/Stream,,40.60723655,-91.68276295
6,12560001,Lick Creek-Shimek State Forest - Farmington,07/28/2014 08:30:00,AMBBIO,33213-65-9,.beta.-Endosulfan,Total,,0.05,ug/l,False,0.05,,,8081(W),UHL001,Actual,SW,Water,,,Lee,07100009,River/Stream,,40.60723655,-91.68276295
6,12560001,Lick Creek-Shimek State Forest - Farmington,07/28/2014 08:30:00,AMBBIO,50-29-3,"p,p'-DDT",Total,,0.05,ug/l,False,0.05,,,8081(W),UHL001,Actual,SW,Water,,,Lee,07100009,River/Stream,,40.60723655,-91.68276295
6,12560001,Lick Creek-Shimek State Forest - Farmington,07/28/2014 08:30:00,AMBBIO,53494-70-5,Endrin ketone,Total,,0.05,ug/l,False,0.05,,,8081(W),UHL001,Actual,SW,Water,,,Lee,07100009,River/Stream,,40.60723655,-91.68276295
6,12560001,Lick Creek-Shimek State Forest - Farmington,07/28/2014 08:30:00,AMBBIO,57-74-9,Chlordane,Total,,0.05,ug/l,False,0.05,,,8081(W),UHL001,Actual,SW,Water,,,Lee,07100009,River/Stream,,40.60723655,-91.68276295
6,12560001,Lick Creek-Shimek State Forest - Farmington,07/28/2014 08:30:00,AMBBIO,58-89-9,Lindane,Total,,0.05,ug/l,False,0.05,,,8081(W),UHL001,Actual,SW,Water,,,Lee,07100009,River/Stream,,40.60723655,-91.68276295
6,12560001,Lick Creek-Shimek State Forest - Farmington,07/28/2014 08:30:00,AMBBIO,60-57-1,Dieldrin,Total,,0.05,ug/l,False,0.05,,,8081(W),UHL001,Actual,SW,Water,,,Lee,07100009,River/Stream,,40.60723655,-91.68276295
6,12560001,Lick Creek-Shimek State Forest - Farmington,07/28/2014 08:30:00,AMBBIO,72-20-8,Endrin,Total,,0.05,ug/l,False,0.05,,,8081(W),UHL001,Actual,SW,Water,,,Lee,07100009,River/Stream,,40.60723655,-91.68276295
6,12560001,Lick Creek-Shimek State Forest - Farmington,07/28/2014 08:30:00,AMBBIO,72-43-5,Methoxychlor,Total,,0.05,ug/l,False,0.05,,,8081(W),UHL001,Actual,SW,Water,,,Lee,07100009,River/Stream,,40.60723655,-91.68276295
6,12560001,Lick Creek-Shimek State Forest - Farmington,07/28/2014 08:30:00,AMBBIO,72-54-8,"p,p'-DDD",Total,,0.05,ug/l,False,0.05,,,8081(W),UHL001,Actual,SW,Water,,,Lee,07100009,River/Stream,,40.60723655,-91.68276295
6,12560001,Lick Creek-Shimek State Forest - Farmington,07/28/2014 08:30:00,AMBBIO,72-55-9,"p,p'-DDE",Total,,0.05,ug/l,False,0.05,,,8081(W),UHL001,Actual,SW,Water,,,Lee,07100009,River/Stream,,40.60723655,-91.68276295
6,12560001,Lick Creek-Shimek State Forest - Farmington,07/28/2014 08:30:00,AMBBIO,7421-93-4,Endrin aldehyde,Total,,0.05,ug/l,False,0.05,,,8081(W),UHL001,Actual,SW,Water,,,Lee,07100009,River/Stream,,40.60723655,-91.68276295
6,12560001,Lick Creek-Shimek State Forest - Farmington,07/28/2014 08:30:00,AMBBIO,76-44-8,Heptachlor,Total,,0.05,ug/l,False,0.05,,,8081(W),UHL001,Actual,SW,Water,,,Lee,07100009,River/Stream,,40.60723655,-91.68276295
6,12560001,Lick Creek-Shimek State Forest - Farmington,07/28/2014 08:30:00,AMBBIO,8001-35-2,Toxaphene,Total,,0.5,ug/l,False,0.5,,,8081(W),UHL001,Actual,SW,Water,,,Lee,07100009,River/Stream,,40.60723655,-91.68276295
6,12560001,Lick Creek-Shimek State Forest - Farmington,07/28/2014 08:30:00,AMBBIO,959-98-8,.alpha.-Endosulfan,Total,,0.05,ug/l,False,0.05,,,8081(W),UHL001,Actual,SW,Water,,,Lee,07100009,River/Stream,,40.60723655,-91.68276295
6,12560001,Lick Creek-Shimek State Forest - Farmington,07/28/2014 08:30:00,AMBBIO,1007-28-9,2-Choro-6-ethylamino-4-amino-s-triazine,Total,,0.1,ug/l,False,0.1,,,8270B(W),UHL001,Actual,SW,Water,,,Lee,07100009,River/Stream,,40.60723655,-91.68276295
6,12560001,Lick Creek-Shimek State Forest - Farmington,07/28/2014 08:30:00,AMBBIO,121-75-5,Malathion,Total,,0.1,ug/l,False,0.1,,,8270B(W),UHL001,Actual,SW,Water,,,Lee,07100009,River/Stream,,40.60723655,-91.68276295
6,12560001,Lick Creek-Shimek State Forest - Farmington,07/28/2014 08:30:00,AMBBIO,122-34-9,Simazine,Total,,0.1,ug/l,False,0.1,,,8270B(W),UHL001,Actual,SW,Water,,,Lee,07100009,River/Stream,,40.60723655,-91.68276295
6,12560001,Lick Creek-Shimek State Forest - Farmington,07/28/2014 08:30:00,AMBBIO,13071-79-9,Terbufos,Total,,0.1,ug/l,False,0.1,,,8270B(W),UHL001,Actual,SW,Water,,,Lee,07100009,River/Stream,,40.60723655,-91.68276295
6,12560001,Lick Creek-Shimek State Forest - Farmington,07/28/2014 08:30:00,AMBBIO,13194-48-4,Ethoprop,Total,,0.1,ug/l,False,0.1,,,8270B(W),UHL001,Actual,SW,Water,,,Lee,07100009,River/Stream,,40.60723655,-91.68276295
6,12560001,Lick Creek-Shimek State Forest - Farmington,07/28/2014 08:30:00,AMBBIO,139-40-2,Propazine,Total,,0.1,ug/l,False,0.1,,,8270B(W),UHL001,Actual,SW,Water,,,Lee,07100009,River/Stream,,40.60723655,-91.68276295
6,12560001,Lick Creek-Shimek State Forest - Farmington,07/28/2014 08:30:00,AMBBIO,1563-66-2,Carbofuran,Total,,0.1,ug/l,False,0.1,,,8270B(W),UHL001,Actual,SW,Water,,,Lee,07100009,River/Stream,,40.60723655,-91.68276295
6,12560001,Lick Creek-Shimek State Forest - Farmington,07/28/2014 08:30:00,AMBBIO,1582-09-8,Trifluralin,Total,,0.1,ug/l,False,0.1,,,8270B(W),UHL001,Actual,SW,Water,,,Lee,07100009,River/Stream,,40.60723655,-91.68276295
6,12560001,Lick Creek-Shimek State Forest - Farmington,07/28/2014 08:30:00,AMBBIO,15972-60-8,Alachlor,Total,,0.1,ug/l,False,0.1,,,8270B(W),UHL001,Actual,SW,Water,,,Lee,07100009,River/Stream,,40.60723655,-91.68276295
6,12560001,Lick Creek-Shimek State Forest - Farmington,07/28/2014 08:30:00,AMBBIO,1610-18-0,Prometon,Total,,0.1,ug/l,False,0.1,,,8270B(W),UHL001,Actual,SW,Water,,,Lee,07100009,River/Stream,,40.60723655,-91.68276295
6,12560001,Lick Creek-Shimek State Forest - Farmington,07/28/2014 08:30:00,AMBBIO,1912-24-9,Atrazine,Total,,0.2,ug/l,True,0.1,,,8270B(W),UHL001,Actual,SW,Water,,,Lee,07100009,River/Stream,,40.60723655,-91.68276295
6,12560001,Lick Creek-Shimek State Forest - Farmington,07/28/2014 08:30:00,AMBBIO,1918-16-7,Propachlor,Total,,0.1,ug/l,False,0.1,,,8270B(W),UHL001,Actual,SW,Water,,,Lee,07100009,River/Stream,,40.60723655,-91.68276295
6,12560001,Lick Creek-Shimek State Forest - Farmington,07/28/2014 08:30:00,AMBBIO,2008-41-5,Butylate,Total,,0.1,ug/l,False,0.1,,,8270B(W),UHL001,Actual,SW,Water,,,Lee,07100009,River/Stream,,40.60723655,-91.68276295
6,12560001,Lick Creek-Shimek State Forest - Farmington,07/28/2014 08:30:00,AMBBIO,21087-64-9,Metribuzin,Total,,0.1,ug/l,False,0.1,,,8270B(W),UHL001,Actual,SW,Water,,,Lee,07100009,River/Stream,,40.60723655,-91.68276295
6,12560001,Lick Creek-Shimek State Forest - Farmington,07/28/2014 08:30:00,AMBBIO,21725-46-2,Cyanazine,Total,,0.1,ug/l,False,0.1,,,8270B(W),UHL001,Actual,SW,Water,,,Lee,07100009,River/Stream,,40.60723655,-91.68276295
6,12560001,Lick Creek-Shimek State Forest - Farmington,07/28/2014 08:30:00,AMBBIO,2303-17-5,Triallate,Total,,0.1,ug/l,False,0.1,,,8270B(W),UHL001,Actual,SW,Water,,,Lee,07100009,River/Stream,,40.60723655,-91.68276295
6,12560001,Lick Creek-Shimek State Forest - Farmington,07/28/2014 08:30:00,AMBBIO,23184-66-9,Butachlor,Total,,0.1,ug/l,False,0.1,,,8270B(W),UHL001,Actual,SW,Water,,,Lee,07100009,River/Stream,,40.60723655,-91.68276295
6,12560001,Lick Creek-Shimek State Forest - Farmington,07/28/2014 08:30:00,AMBBIO,25311-71-1,Isofenphos,Total,,0.1,ug/l,False,0.1,,,8270B(W),UHL001,Actual,SW,Water,,,Lee,07100009,River/Stream,,40.60723655,-91.68276295
6,12560001,Lick Creek-Shimek State Forest - Farmington,07/28/2014 08:30:00,AMBBIO,2921-88-2,Chlorpyrifos,Total,,0.1,ug/l,False,0.1,,,8270B(W),UHL001,Actual,SW,Water,,,Lee,07100009,River/Stream,,40.60723655,-91.68276295
6,12560001,Lick Creek-Shimek State Forest - Farmington,07/28/2014 08:30:00,AMBBIO,298-00-0,Methyl parathion,Total,,0.1,ug/l,False,0.1,,,8270B(W),UHL001,Actual,SW,Water,,,Lee,07100009,River/Stream,,40.60723655,-91.68276295
6,12560001,Lick Creek-Shimek State Forest - Farmington,07/28/2014 08:30:00,AMBBIO,314-40-9,Bromacil,Total,,0.1,ug/l,False,0.1,,,8270B(W),UHL001,Actual,SW,Water,,,Lee,07100009,River/Stream,,40.60723655,-91.68276295
6,12560001,Lick Creek-Shimek State Forest - Farmington,07/28/2014 08:30:00,AMBBIO,34256-82-1,Acetochlor,Total,,0.1,ug/l,False,0.1,,,8270B(W),UHL001,Actual,SW,Water,,,Lee,07100009,River/Stream,,40.60723655,-91.68276295
6,12560001,Lick Creek-Shimek State Forest - Farmington,07/28/2014 08:30:00,AMBBIO,40487-42-1,Pendimethalin,Total,,0.1,ug/l,False,0.1,,,8270B(W),UHL001,Actual,SW,Water,,,Lee,07100009,River/Stream,,40.60723655,-91.68276295
6,12560001,Lick Creek-Shimek State Forest - Farmington,07/28/2014 08:30:00,AMBBIO,51218-45-2,Metolachlor,Total,,0.1,ug/l,False,0.1,,,8270B(W),UHL001,Actual,SW,Water,,,Lee,07100009,River/Stream,,40.60723655,-91.68276295
6,12560001,Lick Creek-Shimek State Forest - Farmington,07/28/2014 08:30:00,AMBBIO,56-38-2,Parathion,Total,,0.1,ug/l,False,0.1,,,8270B(W),UHL001,Actual,SW,Water,,,Lee,07100009,River/Stream,,40.60723655,-91.68276295
6,12560001,Lick Creek-Shimek State Forest - Farmington,07/28/2014 08:30:00,AMBBIO,6190-65-4,2-Chloro-4-isopropylamino-6-amino-s-triazine,Total,,0.1,ug/l,False,0.1,,,8270B(W),UHL001,Actual,SW,Water,,,Lee,07100009,River/Stream,,40.60723655,-91.68276295
6,12560001,Lick Creek-Shimek State Forest - Farmington,07/28/2014 08:30:00,AMBBIO,63-25-2,Carbaryl,Total,,0.1,ug/l,False,0.1,,,8270B(W),UHL001,Actual,SW,Water,,,Lee,07100009,River/Stream,,40.60723655,-91.68276295
6,12560001,Lick Creek-Shimek State Forest - Farmington,07/28/2014 08:30:00,AMBBIO,759-94-4,S-Ethyl dipropylthiocarbamate,Total,,0.1,ug/l,False,0.1,,,8270B(W),UHL001,Actual,SW,Water,,,Lee,07100009,River/Stream,,40.60723655,-91.68276295
6,12560001,Lick Creek-Shimek State Forest - Farmington,07/28/2014 08:30:00,AMBBIO,81777-89-1,Clomazone,Total,,0.1,ug/l,False,0.1,,,8270B(W),UHL001,Actual,SW,Water,,,Lee,07100009,River/Stream,,40.60723655,-91.68276295
6,12560001,Lick Creek-Shimek State Forest - Farmington,07/28/2014 08:30:00,AMBBIO,834-12-8,Ametryn,Total,,0.1,ug/l,False,0.1,,,8270B(W),UHL001,Actual,SW,Water,,,Lee,07100009,River/Stream,,40.60723655,-91.68276295
6,12560001,Lick Creek-Shimek State Forest - Farmington,07/28/2014 08:30:00,AMBBIO,87674-68-8,Dimethenamid,Total,,0.1,ug/l,False,0.1,,,8270B(W),UHL001,Actual,SW,Water,,,Lee,07100009,River/Stream,,40.60723655,-91.68276295
6,12560001,Lick Creek-Shimek State Forest - Farmington,07/28/2014 08:30:00,AMBBIO,944-22-9,Fonofos,Total,,0.1,ug/l,False,0.1,,,8270B(W),UHL001,Actual,SW,Water,,,Lee,07100009,River/Stream,,40.60723655,-91.68276295
6,12560001,Lick Creek-Shimek State Forest - Farmington,07/28/2014 08:30:00,AMBBIO,TSS,Total suspended solids,NonFilt,,4,mg/l,True,1,,,I3765,UHL001,Actual,SW,Water,,,Lee,07100009,River/Stream,,40.60723655,-91.68276295
6,12560001,Lick Creek-Shimek State Forest - Farmington,07/28/2014 08:30:00,AMBBIO,NIT-NO3-NO2,Inorganic nitrogen (nitrate and nitrite) (AS N),Total,,0.12,mg/l,True,0.1,,,LAC10-107-04-1J,UHL001,Actual,SW,Water,,,Lee,07100009,River/Stream,,40.60723655,-91.68276295
6,12560001,Lick Creek-Shimek State Forest - Farmington,07/28/2014 08:30:00,AMBBIO,NIT-AMM,Ammonia-nitrogen (AS N),Total,,0.05,mg/l,False,0.05,,,LAC10-107-06-1J,UHL001,Actual,SW,Water,,,Lee,07100009,River/Stream,,40.60723655,-91.68276295
6,12560001,Lick Creek-Shimek State Forest - Farmington,07/28/2014 08:30:00,AMBBIO,NIT-KJELD,Kjeldahl nitrogen (AS N),Total,,0.2,mg/l,True,0.1,,,LAC10-107-06-2E,UHL001,Actual,SW,Water,,,Lee,07100009,River/Stream,,40.60723655,-91.68276295
6,12560001,Lick Creek-Shimek State Forest - Farmington,07/28/2014 08:30:00,AMBBIO,14265-44-2,Orthophosphate (AS P),Dissolved,,0.05,mg/l,True,0.02,,,LAC10-115-01-1A,UHL001,Actual,SW,Water,,,Lee,07100009,River/Stream,,40.60723655,-91.68276295
6,12560001,Lick Creek-Shimek State Forest - Farmington,07/28/2014 08:30:00,AMBBIO,PHOSP-PHOSP,Phosphate-phosphorus (AS P),Total,,0.09,mg/l,True,0.05,,,LAC10-115-01-1C,UHL001,Actual,SW,Water,,,Lee,07100009,River/Stream,,40.60723655,-91.68276295
6,12560001,Lick Creek-Shimek State Forest - Farmington,07/28/2014 08:30:00,AMBBIO,142363-53-9,Alachlor ESA,Total,,0.025,ug/l,False,0.025,,,SOP UHL-H-016,UHL001,Actual,SW,Water,,,Lee,07100009,River/Stream,,40.60723655,-91.68276295
6,12560001,Lick Creek-Shimek State Forest - Farmington,07/28/2014 08:30:00,AMBBIO,15972-60-8,Alachlor,Total,,0.025,ug/l,False,0.025,,,SOP UHL-H-016,UHL001,Actual,SW,Water,,,Lee,07100009,River/Stream,,40.60723655,-91.68276295
6,12560001,Lick Creek-Shimek State Forest - Farmington,07/28/2014 08:30:00,AMBBIO,34256-82-1,Acetochlor,Total,,0.025,ug/l,False,0.025,,,SOP UHL-H-016,UHL001,Actual,SW,Water,,,Lee,07100009,River/Stream,,40.60723655,-91.68276295
6,12560001,Lick Creek-Shimek State Forest - Farmington,07/28/2014 08:30:00,AMBBIO,51218-45-2,Metolachlor,Total,,0.09,ug/l,True,0.025,,,SOP UHL-H-016,UHL001,Actual,SW,Water,,,Lee,07100009,River/Stream,,40.60723655,-91.68276295
6,12560001,Lick Creek-Shimek State Forest - Farmington,07/28/2014 08:30:00,AMBBIO,87674-68-8,Dimethenamid,Total,,0.025,ug/l,False,0.025,,,SOP UHL-H-016,UHL001,Actual,SW,Water,,,Lee,07100009,River/Stream,,40.60723655,-91.68276295
6,12560001,Lick Creek-Shimek State Forest - Farmington,07/28/2014 08:30:00,AMBBIO,ACETOC-ESA,Acetochlor ESA,Total,,0.4,ug/l,True,0.025,,,SOP UHL-H-016,UHL001,Actual,SW,Water,,,Lee,07100009,River/Stream,,40.60723655,-91.68276295
6,12560001,Lick Creek-Shimek State Forest - Farmington,07/28/2014 08:30:00,AMBBIO,ACETOC-OXA,Acetochlor OXA,Total,,0.46,ug/l,True,0.025,,,SOP UHL-H-016,UHL001,Actual,SW,Water,,,Lee,07100009,River/Stream,,40.60723655,-91.68276295
6,12560001,Lick Creek-Shimek State Forest - Farmington,07/28/2014 08:30:00,AMBBIO,ALACHLOR-OXA,Alachlor OXA,Total,,0.025,ug/l,False,0.025,,,SOP UHL-H-016,UHL001,Actual,SW,Water,,,Lee,07100009,River/Stream,,40.60723655,-91.68276295
6,12560001,Lick Creek-Shimek State Forest - Farmington,07/28/2014 08:30:00,AMBBIO,DIMETHEN-ESA,Dimethenamid ESA,Total,,0.025,ug/l,False,0.025,,,SOP UHL-H-016,UHL001,Actual,SW,Water,,,Lee,07100009,River/Stream,,40.60723655,-91.68276295
6,12560001,Lick Creek-Shimek State Forest - Farmington,07/28/2014 08:30:00,AMBBIO,DIMETHEN-OXA,Dimethenamid OXA,Total,,0.025,ug/l,False,0.025,,,SOP UHL-H-016,UHL001,Actual,SW,Water,,,Lee,07100009,River/Stream,,40.60723655,-91.68276295
6,12560001,Lick Creek-Shimek State Forest - Farmington,07/28/2014 08:30:00,AMBBIO,METOL-ESA,Metolachlor ESA,Total,,0.37,ug/l,True,0.025,,,SOP UHL-H-016,UHL001,Actual,SW,Water,,,Lee,07100009,River/Stream,,40.60723655,-91.68276295
6,12560001,Lick Creek-Shimek State Forest - Farmington,07/28/2014 08:30:00,AMBBIO,METOL-OXA,Metolachlor OXA,Total,,0.31,ug/l,True,0.025,,,SOP UHL-H-016,UHL001,Actual,SW,Water,,,Lee,07100009,River/Stream,,40.60723655,-91.68276295
6,12560001,Lick Creek-Shimek State Forest - Farmington,07/28/2014 08:30:00,AMBBIO,107534-96-3,Tebuconazole,Total,,0.02,ug/l,False,0.020,,,SOP UHL-H-029,UHL001,Actual,SW,Water,,,Lee,07100009,River/Stream,,40.60723655,-91.68276295
6,12560001,Lick Creek-Shimek State Forest - Farmington,07/28/2014 08:30:00,AMBBIO,112281-77-3,Tetraconazole,Total,,0.05,ug/l,False,0.050,,,SOP UHL-H-029,UHL001,Actual,SW,Water,,,Lee,07100009,River/Stream,,40.60723655,-91.68276295
6,12560001,Lick Creek-Shimek State Forest - Farmington,07/28/2014 08:30:00,AMBBIO,125116-23-6,Metconazole,Total,,0.05,ug/l,False,0.050,,,SOP UHL-H-029,UHL001,Actual,SW,Water,,,Lee,07100009,River/Stream,,40.60723655,-91.68276295
6,12560001,Lick Creek-Shimek State Forest - Farmington,07/28/2014 08:30:00,AMBBIO,131860-33-8,Azoxystrobin,Total,,0.02,ug/l,False,0.020,,,SOP UHL-H-029,UHL001,Actual,SW,Water,,,Lee,07100009,River/Stream,,40.60723655,-91.68276295
6,12560001,Lick Creek-Shimek State Forest - Farmington,07/28/2014 08:30:00,AMBBIO,141517-21-7,Trifloxystrobin,Total,,0.02,ug/l,False,0.020,,,SOP UHL-H-029,UHL001,Actual,SW,Water,,,Lee,07100009,River/Stream,,40.60723655,-91.68276295
6,12560001,Lick Creek-Shimek State Forest - Farmington,07/28/2014 08:30:00,AMBBIO,175013-18-0,Pyraclostrobin,Total,,0.02,ug/l,False,0.020,,,SOP UHL-H-029,UHL001,Actual,SW,Water,,,Lee,07100009,River/Stream,,40.60723655,-91.68276295
6,12560001,Lick Creek-Shimek State Forest - Farmington,07/28/2014 08:30:00,AMBBIO,193740-76-0,Fluoxastrobin,Total,,0.1,ug/l,False,0.10,,,SOP UHL-H-029,UHL001,Actual,SW,Water,,,Lee,07100009,River/Stream,,40.60723655,-91.68276295
6,12560001,Lick Creek-Shimek State Forest - Farmington,07/28/2014 08:30:00,AMBBIO,60207-90-1,Propiconazole,Total,,0.1,ug/l,False,0.10,,,SOP UHL-H-029,UHL001,Actual,SW,Water,,,Lee,07100009,River/Stream,,40.60723655,-91.68276295
6,12560001,Lick Creek-Shimek State Forest - Farmington,07/28/2014 08:45:00,AMBBIO,7439-92-1,Lead,Dissolved,,0.05,ug/l,True,0.05,,,200.8(W),UHL001-FILTERED,Actual,SW,Water,,,Lee,07100009,River/Stream,,40.60723655,-91.68276295
6,12560001,Lick Creek-Shimek State Forest - Farmington,07/28/2014 08:45:00,AMBBIO,7440-02-0,Nickel,Dissolved,,2.7,ug/l,True,0.05,,,200.8(W),UHL001-FILTERED,Actual,SW,Water,,,Lee,07100009,River/Stream,,40.60723655,-91.68276295
6,12560001,Lick Creek-Shimek State Forest - Farmington,07/28/2014 08:45:00,AMBBIO,7440-22-4,Silver,Dissolved,,0.05,ug/l,False,0.05,,,200.8(W),UHL001-FILTERED,Actual,SW,Water,,,Lee,07100009,River/Stream,,40.60723655,-91.68276295
6,12560001,Lick Creek-Shimek State Forest - Farmington,07/28/2014 08:45:00,AMBBIO,7440-38-2,Arsenic,Dissolved,,0.83,ug/l,True,0.5,,,200.8(W),UHL001-FILTERED,Actual,SW,Water,,,Lee,07100009,River/Stream,,40.60723655,-91.68276295
6,12560001,Lick Creek-Shimek State Forest - Farmington,07/28/2014 08:45:00,AMBBIO,7440-47-3,Chromium,Dissolved,,0.14,ug/l,True,0.05,,,200.8(W),UHL001-FILTERED,Actual,SW,Water,,,Lee,07100009,River/Stream,,40.60723655,-91.68276295
6,12560001,Lick Creek-Shimek State Forest - Farmington,07/28/2014 08:45:00,AMBBIO,7440-50-8,Copper,Dissolved,,0.5,ug/l,False,0.5,,,200.8(W),UHL001-FILTERED,Actual,SW,Water,,,Lee,07100009,River/Stream,,40.60723655,-91.68276295
6,12560001,Lick Creek-Shimek State Forest - Farmington,07/28/2014 08:45:00,AMBBIO,7440-66-6,Zinc,Dissolved,,0.19,ug/l,True,0.05,,,200.8(W),UHL001-FILTERED,Actual,SW,Water,,,Lee,07100009,River/Stream,,40.60723655,-91.68276295
6,12560001,Lick Creek-Shimek State Forest - Farmington,07/28/2014 08:45:00,AMBBIO,7440-43-9,Cadmium,Dissolved,,0.05,ug/l,False,0.05,,,200.8(W),UHL001-FILTERED,Actual,SW,Water,,,Lee,07100009,River/Stream,,40.60723655,-91.68276295
6,12560001,Lick Creek-Shimek State Forest - Farmington,07/28/2014 08:45:00,AMBBIO,7429-90-5,Aluminum,Dissolved,,17,ug/l,True,5,,,200.8(W),UHL001-FILTERED,Actual,SW,Water,,,Lee,07100009,River/Stream,,40.60723655,-91.68276295
6,12560001,Lick Creek-Shimek State Forest - Farmington,07/28/2014 08:45:00,AMBBIO,7439-89-6,Iron,Dissolved,,28,ug/l,True,5,,,200.8(W),UHL001-FILTERED,Actual,SW,Water,,,Lee,07100009,River/Stream,,40.60723655,-91.68276295
6,12560001,Lick Creek-Shimek State Forest - Farmington,07/28/2014 08:45:00,AMBBIO,7782-49-2,Selenium,Dissolved,,0.5,ug/l,False,0.5,,,200.8(W),UHL001-FILTERED,Actual,SW,Water,,,Lee,07100009,River/Stream,,40.60723655,-91.68276295
6,12560001,Lick Creek-Shimek State Forest - Farmington,07/28/2014 09:00:00,AMBBIO,CLR-A-FREE,"Chlorophyll a, free of pheophytin",NonFilt,,5,ug/cm2,True,0.1,,,445,AMBBIO-COARSEPERI,Actual,BOTM,Water,,,Lee,07100009,River/Stream,,40.60723655,-91.68276295
6,12560001,Lick Creek-Shimek State Forest - Farmington,07/28/2014 09:00:00,AMBBIO,CLR-A-FREE,"Chlorophyll a, free of pheophytin",NonFilt,,1,ug/cm2,True,0.1,,,445,AMBBIO-FINEPERI,Actual,BOTM,Water,,,Lee,07100009,River/Stream,,40.60723655,-91.68276295
6,21560001,Pollmiller Park Beach,08/18/2014 13:45:00,BEACHCCO,68583-22-2,Escherichia coli,Total,,10,MPN/100ml,False,10,,,9223-B,BEA002,Actual,SW,Water,,,Lee,07080104,Lake,,40.71262,-91.437202
6,21560001,Pollmiller Park Beach,08/25/2014 14:00:00,BEACHCCO,68583-22-2,Escherichia coli,Total,,31,MPN/100ml,True,10,,,9223-B,BEA002,Actual,SW,Water,,,Lee,07080104,Lake,,40.71262,-91.437202
6,21560001,Pollmiller Park Beach,08/03/2015 14:00:00,BEACHCCO,68583-22-2,Escherichia coli,Total,,10,MPN/100ml,False,10,,,9223-B,BEA002,Actual,SW,Water,,,Lee,07080104,Lake,,40.71262,-91.437202
6,21560001,Pollmiller Park Beach,08/17/2015 12:00:00,BEACHCCO,68583-22-2,Escherichia coli,Total,,10,MPN/100ml,False,10,,,9223-B,BEA002,Actual,SW,Water,,,Lee,07080104,Lake,,40.71262,-91.437202
6,21560001,Pollmiller Park Beach,08/24/2015 12:00:00,BEACHCCO,68583-22-2,Escherichia coli,Total,,10,MPN/100ml,True,10,,,9223-B,BEA002,Actual,SW,Water,,,Lee,07080104,Lake,,40.71262,-91.437202
6,21560001,Pollmiller Park Beach,08/31/2015 11:00:00,BEACHCCO,68583-22-2,Escherichia coli,Total,,760,MPN/100ml,True,10,,,9223-B,BEA002,Actual,SW,Water,,,Lee,07080104,Lake,,40.71262,-91.437202
6,21560001,Pollmiller Park Beach,07/07/2014 13:15:00,BEACHCCO,68583-22-2,Escherichia coli,Total,,10,MPN/100ml,False,10,,,9223-B,BEA002,Actual,SW,Water,,,Lee,07080104,Lake,,40.71262,-91.437202
6,21560001,Pollmiller Park Beach,07/14/2014 14:25:00,BEACHCCO,68583-22-2,Escherichia coli,Total,,10,MPN/100ml,False,10,,,9223-B,BEA002,Actual,SW,Water,,,Lee,07080104,Lake,,40.71262,-91.437202
6,21560001,Pollmiller Park Beach,07/29/2014 14:00:00,BEACHCCO,68583-22-2,Escherichia coli,Total,,10,MPN/100ml,False,10,,,9223-B,BEA002,Actual,SW,Water,,,Lee,07080104,Lake,,40.71262,-91.437202
6,21560001,Pollmiller Park Beach,07/07/2015 12:30:00,BEACHCCO,68583-22-2,Escherichia coli,Total,,10,MPN/100ml,True,10,,,9223-B,BEA002,Actual,SW,Water,,,Lee,07080104,Lake,,40.71262,-91.437202
6,21560001,Pollmiller Park Beach,07/21/2015 13:00:00,BEACHCCO,68583-22-2,Escherichia coli,Total,,10,MPN/100ml,True,10,,,9223-B,BEA002,Actual,SW,Water,,,Lee,07080104,Lake,,40.71262,-91.437202
6,21560001,Pollmiller Park Beach,07/28/2015 12:05:00,BEACHCCO,68583-22-2,Escherichia coli,Total,,10,MPN/100ml,True,10,,,9223-B,BEA002,Actual,SW,Water,,,Lee,07080104,Lake,,40.71262,-91.437202
6,21560001,Pollmiller Park Beach,06/09/2014 13:15:00,BEACHCCO,68583-22-2,Escherichia coli,Total,,10,MPN/100ml,True,10,,,9223-B,BEA002,Actual,SW,Water,,,Lee,07080104,Lake,,40.71262,-91.437202
6,21560001,Pollmiller Park Beach,06/17/2014 13:15:00,BEACHCCO,68583-22-2,Escherichia coli,Total,,30,MPN/100ml,True,10,,,9223-B,BEA002,Actual,SW,Water,,,Lee,07080104,Lake,,40.71262,-91.437202
6,21560001,Pollmiller Park Beach,06/23/2014 12:37:00,BEACHCCO,68583-22-2,Escherichia coli,Total,,41,MPN/100ml,True,10,,,9223-B,BEA002,Actual,SW,Water,,,Lee,07080104,Lake,,40.71262,-91.437202
6,21560001,Pollmiller Park Beach,06/02/2015 10:00:00,BEACHCCO,68583-22-2,Escherichia coli,Total,,10,MPN/100ml,True,10,,,9223-B,BEA002,Actual,SW,Water,,,Lee,07080104,Lake,,40.71262,-91.437202
6,21560001,Pollmiller Park Beach,06/09/2015 14:30:00,BEACHCCO,68583-22-2,Escherichia coli,Total,,10,MPN/100ml,False,10,,,9223-B,BEA002,Actual,SW,Water,,,Lee,07080104,Lake,,40.71262,-91.437202
6,21560001,Pollmiller Park Beach,06/15/2015 14:15:00,BEACHCCO,68583-22-2,Escherichia coli,Total,,97,MPN/100ml,True,10,,,9223-B,BEA002,Actual,SW,Water,,,Lee,07080104,Lake,,40.71262,-91.437202
6,21560001,Pollmiller Park Beach,06/22/2015 12:00:00,BEACHCCO,68583-22-2,Escherichia coli,Total,,10,MPN/100ml,True,10,,,9223-B,BEA002,Actual,SW,Water,,,Lee,07080104,Lake,,40.71262,-91.437202
6,21560001,Pollmiller Park Beach,06/30/2015 12:15:00,BEACHCCO,68583-22-2,Escherichia coli,Total,,20,MPN/100ml,True,10,,,9223-B,BEA002,Actual,SW,Water,,,Lee,07080104,Lake,,40.71262,-91.437202
6,21560001,Pollmiller Park Beach,05/27/2014 07:45:00,BEACHCCO,68583-22-2,Escherichia coli,Total,,52,MPN/100ml,True,10,,,9223-B,BEA002,Actual,SW,Water,,,Lee,07080104,Lake,,40.71262,-91.437202
6,21560001,Pollmiller Park Beach,06/13/2016 14:42:00,BEACHCCO,68583-22-2,Escherichia coli,Total,,10,MPN/100ml,False,10,,,9223-B,BEA002,Actual,SW,Water,,"There was an error in sample collection date/time (e.g. missing, mismatched, postdated or incorrect).",Lee,07080104,Lake,,40.71262,-91.437202
6,21560001,Pollmiller Park Beach,08/02/2016 14:00:00,BEACHCCO,68583-22-2,Escherichia coli,Total,,10,MPN/100ml,False,10,,,9223-B,BEA002,Actual,SW,Water,,"There was an error in sample collection date/time (e.g. missing, mismatched, postdated or incorrect).",Lee,07080104,Lake,,40.71262,-91.437202
6,21560001,Pollmiller Park Beach,05/24/2016 11:15:00,BEACHCCO,68583-22-2,Escherichia coli,Total,,31,MPN/100ml,True,10,,,9223-B,BEA002,Actual,SW,Water,,,Lee,07080104,Lake,,40.71262,-91.437202
6,21560001,Pollmiller Park Beach,06/06/2016 10:00:00,BEACHCCO,68583-22-2,Escherichia coli,Total,,10,MPN/100ml,False,10,,,9223-B,BEA002,Actual,SW,Water,,,Lee,07080104,Lake,,40.71262,-91.437202
6,21560001,Pollmiller Park Beach,06/21/2016 14:30:00,BEACHCCO,68583-22-2,Escherichia coli,Total,,97,MPN/100ml,True,10,,,9223-B,BEA002,Actual,SW,Water,,,Lee,07080104,Lake,,40.71262,-91.437202
6,21560001,Pollmiller Park Beach,06/27/2016 10:00:00,BEACHCCO,68583-22-2,Escherichia coli,Total,,10,MPN/100ml,False,10,,,9223-B,BEA002,Actual,SW,Water,,,Lee,07080104,Lake,,40.71262,-91.437202
6,21560001,Pollmiller Park Beach,07/11/2016 11:00:00,BEACHCCO,68583-22-2,Escherichia coli,Total,,10,MPN/100ml,False,10,,,9223-B,BEA002,Actual,SW,Water,,,Lee,07080104,Lake,,40.71262,-91.437202
6,21560001,Pollmiller Park Beach,07/18/2016 14:00:00,BEACHCCO,68583-22-2,Escherichia coli,Total,,10,MPN/100ml,False,10,,,9223-B,BEA002,Actual,SW,Water,,,Lee,07080104,Lake,,40.71262,-91.437202
6,21560001,Pollmiller Park Beach,07/25/2016 13:30:00,BEACHCCO,68583-22-2,Escherichia coli,Total,,10,MPN/100ml,False,10,,,9223-B,BEA002,Actual,SW,Water,,,Lee,07080104,Lake,,40.71262,-91.437202
6,21560001,Pollmiller Park Beach,08/09/2016 10:00:00,BEACHCCO,68583-22-2,Escherichia coli,Total,,10,MPN/100ml,False,10,,,9223-B,BEA002,Actual,SW,Water,,,Lee,07080104,Lake,,40.71262,-91.437202
6,21560001,Pollmiller Park Beach,08/15/2016 13:30:00,BEACHCCO,68583-22-2,Escherichia coli,Total,,10,MPN/100ml,False,10,,,9223-B,BEA002,Actual,SW,Water,,,Lee,07080104,Lake,,40.71262,-91.437202
6,21560001,Pollmiller Park Beach,08/22/2016 10:00:00,BEACHCCO,68583-22-2,Escherichia coli,Total,,10,MPN/100ml,False,10,,,9223-B,BEA002,Actual,SW,Water,,,Lee,07080104,Lake,,40.71262,-91.437202
6,21560001,Pollmiller Park Beach,08/29/2016 12:00:00,BEACHCCO,68583-22-2,Escherichia coli,Total,,10,MPN/100ml,True,10,,,9223-B,BEA002,Actual,SW,Water,,,Lee,07080104,Lake,,40.71262,-91.437202
6,22560001,Poll Miller Park Lake,05/25/2016 13:15:00,AMBLAKE-ISU,TURB,Turbidity,Total,,6.8,NTU,True,,,,ISU 2130-B,,Actual,SW,Water,,,Lee,07080104,Lake,,40.712645,-91.435951
6,22560001,Poll Miller Park Lake,05/25/2016 13:15:00,AMBLAKE-ISU,SPEC-COND,Specific conductance,Dissolved,,380,uS/cm,True,,,,ISU 2510,,Actual,SW,Water,,,Lee,07080104,Lake,,40.712645,-91.435951
6,22560001,Poll Miller Park Lake,05/25/2016 13:15:00,AMBLAKE-ISU,TDS,Total dissolved solids,Dissolved,,250,mg/l,True,,,,ISU 2510,,Actual,SW,Water,,,Lee,07080104,Lake,,40.712645,-91.435951
6,22560001,Poll Miller Park Lake,05/25/2016 13:15:00,AMBLAKE-ISU,TEMP-WATER,"Temperature, water",Total,,21.7,deg C,True,,,,ISU 2550,,Actual,SW,Water,,,Lee,07080104,Lake,,40.712645,-91.435951
6,22560001,Poll Miller Park Lake,05/25/2016 13:15:00,AMBLAKE-ISU,PH,pH,Total,,8.3,None,True,,,,ISU 4500-H,,Actual,SW,Water,,,Lee,07080104,Lake,,40.712645,-91.435951
6,22560001,Poll Miller Park Lake,05/25/2016 13:15:00,AMBLAKE-ISU,7782-44-7,Dissolved oxygen (DO),Total,,10.1,mg/l,True,,,,ISU 4500-O-G,,Actual,SW,Water,,,Lee,07080104,Lake,,40.712645,-91.435951
6,22560001,Poll Miller Park Lake,05/25/2016 13:15:00,AMBLAKE-ISU,DO-SAT,Dissolved oxygen saturation,Total,,115.7,%,True,,,,ISU 4500-O-G,,Actual,SW,Water,,,Lee,07080104,Lake,,40.712645,-91.435951
6,22560001,Poll Miller Park Lake,05/25/2016 13:15:00,AMBLAKE-ISU,DEPTH-BOTTOM,"Depth, bottom",Total,,7.7,m,True,,,,Unknown,,Actual,SW,Water,,,Lee,07080104,Lake,,40.712645,-91.435951
6,22560001,Poll Miller Park Lake,05/25/2016 13:15:00,AMBLAKE-ISU,DEPTH-SECCHI,"Depth, Secchi disk depth",Total,,2.7,m,True,,,,Unknown,,Actual,SW,Water,,,Lee,07080104,Lake,,40.712645,-91.435951
6,22560001,Poll Miller Park Lake,05/25/2016 13:15:00,AMBLAKE-ISU,DEPTH-THERMO,"Depth, thermocline",Total,,2.7,m,True,,,,Unknown,,Actual,SW,Water,,,Lee,07080104,Lake,,40.712645,-91.435951
6,22560001,Poll Miller Park Lake,05/25/2016 13:15:00,AMBLAKE-ISU,CAL-CARB,Calcium carbonate (AS CACO3),Total,,145,mg/l,True,4.00,,,2320-B,ISULAKE,Actual,SW,Water,,,Lee,07080104,Lake,,40.712645,-91.435951
6,22560001,Poll Miller Park Lake,05/25/2016 13:15:00,AMBLAKE-ISU,TSS,Total suspended solids,NonFilt,,2.2,mg/l,True,0.8,,,2540-D,ISULAKE,Actual,SW,Water,,,Lee,07080104,Lake,,40.712645,-91.435951
6,22560001,Poll Miller Park Lake,05/25/2016 13:15:00,AMBLAKE-ISU,TFSS,Fixed suspended solids,Total,,1.1,mg/l,True,0.8,,,2540-E,ISULAKE,Actual,SW,Water,,,Lee,07080104,Lake,,40.712645,-91.435951
6,22560001,Poll Miller Park Lake,05/25/2016 13:15:00,AMBLAKE-ISU,7664-41-7,Ammonia (AS N),Dissolved,,0.001,mg/l,True,0.0006,,,350.1,ISULAKE,Calculated,SW,Water,,,Lee,07080104,Lake,,40.712645,-91.435951
6,22560001,Poll Miller Park Lake,05/25/2016 13:15:00,AMBLAKE-ISU,NIT-AMM,Ammonia-nitrogen (AS N),Dissolved,,0.02,mg/l,True,0.0006,,,350.1,ISULAKE,Actual,SW,Water,,,Lee,07080104,Lake,,40.712645,-91.435951
6,22560001,Poll Miller Park Lake,05/25/2016 13:15:00,AMBLAKE-ISU,NIT-KJELD,Kjeldahl nitrogen (AS N),Total,,0.62,mg/l,True,0.22,,,351.2,ISULAKE,Actual,SW,Water,,,Lee,07080104,Lake,,40.712645,-91.435951
6,22560001,Poll Miller Park Lake,05/25/2016 13:15:00,AMBLAKE-ISU,NIT-NO3-NO2,Inorganic nitrogen (nitrate and nitrite) (AS N),Dissolved,,0.1,mg/l,True,0.07,,,353.2,ISULAKE,Actual,SW,Water,,,Lee,07080104,Lake,,40.712645,-91.435951
6,22560001,Poll Miller Park Lake,05/25/2016 13:15:00,AMBLAKE-ISU,14265-44-2,Orthophosphate (AS P),Dissolved,,0.0028,mg/l,False,0.0028,,,365.1,ISULAKE,Actual,SW,Water,,,Lee,07080104,Lake,,40.712645,-91.435951
6,22560001,Poll Miller Park Lake,05/25/2016 13:15:00,AMBLAKE-ISU,PHOSP-PHOSP,Phosphate-phosphorus (AS P),Total,,0.018,mg/l,True,0.0108,,,365.1,ISULAKE,Actual,SW,Water,,,Lee,07080104,Lake,,40.712645,-91.435951
6,22560001,Poll Miller Park Lake,05/25/2016 13:15:00,AMBLAKE-ISU,479-61-8,Chlorophyll a,Filterable,,2,ug/l,True,1.00,,,445,ISULAKE,Actual,SW,Water,,,Lee,07080104,Lake,,40.712645,-91.435951
6,22560001,Poll Miller Park Lake,05/25/2016 13:15:00,AMBLAKE-ISU,7440-44-0,Carbon,Dissolved,,30.52,mg/l,True,1.48,,,5310-B,ISULAKE,Actual,SW,Water,,,Lee,07080104,Lake,,40.712645,-91.435951
6,22560001,Poll Miller Park Lake,07/12/2016 15:45:00,AMBLAKE-ISU,TURB,Turbidity,Total,,3.1,NTU,True,,,,ISU 2130-B,,Actual,SW,Water,,,Lee,07080104,Lake,,40.712645,-91.435951
6,22560001,Poll Miller Park Lake,07/12/2016 15:45:00,AMBLAKE-ISU,SPEC-COND,Specific conductance,Dissolved,,390,uS/cm,True,,,,ISU 2510,,Actual,SW,Water,,,Lee,07080104,Lake,,40.712645,-91.435951
6,22560001,Poll Miller Park Lake,07/12/2016 15:45:00,AMBLAKE-ISU,TDS,Total dissolved solids,Dissolved,,250,mg/l,True,,,,ISU 2510,,Actual,SW,Water,,,Lee,07080104,Lake,,40.712645,-91.435951
6,22560001,Poll Miller Park Lake,07/12/2016 15:45:00,AMBLAKE-ISU,TEMP-WATER,"Temperature, water",Total,,26.4,deg C,True,,,,ISU 2550,,Actual,SW,Water,,,Lee,07080104,Lake,,40.712645,-91.435951
6,22560001,Poll Miller Park Lake,07/12/2016 15:45:00,AMBLAKE-ISU,PH,pH,Total,,8.1,None,True,,,,ISU 4500-H,,Actual,SW,Water,,,Lee,07080104,Lake,,40.712645,-91.435951
6,22560001,Poll Miller Park Lake,07/12/2016 15:45:00,AMBLAKE-ISU,7782-44-7,Dissolved oxygen (DO),Total,,8,mg/l,True,,,,ISU 4500-O-G,,Actual,SW,Water,,,Lee,07080104,Lake,,40.712645,-91.435951
6,22560001,Poll Miller Park Lake,07/12/2016 15:45:00,AMBLAKE-ISU,DO-SAT,Dissolved oxygen saturation,Total,,100.4,%,True,,,,ISU 4500-O-G,,Actual,SW,Water,,,Lee,07080104,Lake,,40.712645,-91.435951
6,22560001,Poll Miller Park Lake,07/12/2016 15:45:00,AMBLAKE-ISU,DEPTH-BOTTOM,"Depth, bottom",Total,,7.5,m,True,,,,Unknown,,Actual,SW,Water,,,Lee,07080104,Lake,,40.712645,-91.435951
6,22560001,Poll Miller Park Lake,07/12/2016 15:45:00,AMBLAKE-ISU,DEPTH-SECCHI,"Depth, Secchi disk depth",Total,,1.9,m,True,,,,Unknown,,Actual,SW,Water,,,Lee,07080104,Lake,,40.712645,-91.435951
6,22560001,Poll Miller Park Lake,07/12/2016 15:45:00,AMBLAKE-ISU,DEPTH-THERMO,"Depth, thermocline",Total,,4.2,m,True,,,,Unknown,,Actual,SW,Water,,,Lee,07080104,Lake,,40.712645,-91.435951
6,22560001,Poll Miller Park Lake,07/12/2016 15:45:00,AMBLAKE-ISU,CAL-CARB,Calcium carbonate (AS CACO3),Total,,151,mg/l,True,4.00,,,2320-B,ISULAKE,Actual,SW,Water,,,Lee,07080104,Lake,,40.712645,-91.435951
6,22560001,Poll Miller Park Lake,07/12/2016 15:45:00,AMBLAKE-ISU,TSS,Total suspended solids,NonFilt,,4.4,mg/l,True,0.8,,,2540-D,ISULAKE,Actual,SW,Water,,,Lee,07080104,Lake,,40.712645,-91.435951
6,22560001,Poll Miller Park Lake,07/12/2016 15:45:00,AMBLAKE-ISU,TFSS,Fixed suspended solids,Total,,2,mg/l,True,0.8,,,2540-E,ISULAKE,Actual,SW,Water,,,Lee,07080104,Lake,,40.712645,-91.435951
6,22560001,Poll Miller Park Lake,07/12/2016 15:45:00,AMBLAKE-ISU,7664-41-7,Ammonia (AS N),Dissolved,,0.001,mg/l,True,0.0006,,,350.1,ISULAKE,Calculated,SW,Water,,,Lee,07080104,Lake,,40.712645,-91.435951
6,22560001,Poll Miller Park Lake,07/12/2016 15:45:00,AMBLAKE-ISU,NIT-AMM,Ammonia-nitrogen (AS N),Dissolved,,0.019,mg/l,True,0.0006,,,350.1,ISULAKE,Actual,SW,Water,,,Lee,07080104,Lake,,40.712645,-91.435951
6,22560001,Poll Miller Park Lake,07/12/2016 15:45:00,AMBLAKE-ISU,NIT-KJELD,Kjeldahl nitrogen (AS N),Total,,0.35,mg/l,True,0.22,,,351.2,ISULAKE,Actual,SW,Water,,,Lee,07080104,Lake,,40.712645,-91.435951
6,22560001,Poll Miller Park Lake,07/12/2016 15:45:00,AMBLAKE-ISU,NIT-NO3-NO2,Inorganic nitrogen (nitrate and nitrite) (AS N),Dissolved,,0.07,mg/l,False,0.07,,,353.2,ISULAKE,Actual,SW,Water,,,Lee,07080104,Lake,,40.712645,-91.435951
6,22560001,Poll Miller Park Lake,07/12/2016 15:45:00,AMBLAKE-ISU,14265-44-2,Orthophosphate (AS P),Dissolved,,0.0028,mg/l,False,0.0028,,,365.1,ISULAKE,Actual,SW,Water,,,Lee,07080104,Lake,,40.712645,-91.435951
6,22560001,Poll Miller Park Lake,07/12/2016 15:45:00,AMBLAKE-ISU,PHOSP-PHOSP,Phosphate-phosphorus (AS P),Total,,0.0249,mg/l,True,0.0108,,,365.1,ISULAKE,Actual,SW,Water,,,Lee,07080104,Lake,,40.712645,-91.435951
6,22560001,Poll Miller Park Lake,07/12/2016 15:45:00,AMBLAKE-ISU,479-61-8,Chlorophyll a,Filterable,,6,ug/l,True,1.00,,,445,ISULAKE,Actual,SW,Water,,,Lee,07080104,Lake,,40.712645,-91.435951
6,22560001,Poll Miller Park Lake,07/12/2016 15:45:00,AMBLAKE-ISU,7440-44-0,Carbon,Dissolved,,31.96,mg/l,True,1.48,,,5310-B,ISULAKE,Actual,SW,Water,,,Lee,07080104,Lake,,40.712645,-91.435951
6,22560001,Poll Miller Park Lake,08/26/2016 16:45:00,AMBLAKE-ISU,TURB,Turbidity,Total,,7.5,NTU,True,,,,ISU 2130-B,,Actual,SW,Water,,,Lee,07080104,Lake,,40.712645,-91.435951
6,22560001,Poll Miller Park Lake,08/26/2016 16:45:00,AMBLAKE-ISU,SPEC-COND,Specific conductance,Dissolved,,320,uS/cm,True,,,,ISU 2510,,Actual,SW,Water,,,Lee,07080104,Lake,,40.712645,-91.435951
6,22560001,Poll Miller Park Lake,08/26/2016 16:45:00,AMBLAKE-ISU,TDS,Total dissolved solids,Dissolved,,210,mg/l,True,,,,ISU 2510,,Actual,SW,Water,,,Lee,07080104,Lake,,40.712645,-91.435951
6,22560001,Poll Miller Park Lake,08/26/2016 16:45:00,AMBLAKE-ISU,TEMP-WATER,"Temperature, water",Total,,26.1,deg C,True,,,,ISU 2550,,Actual,SW,Water,,,Lee,07080104,Lake,,40.712645,-91.435951
6,22560001,Poll Miller Park Lake,08/26/2016 16:45:00,AMBLAKE-ISU,PH,pH,Total,,8.3,None,True,,,,ISU 4500-H,,Actual,SW,Water,,,Lee,07080104,Lake,,40.712645,-91.435951
6,22560001,Poll Miller Park Lake,08/26/2016 16:45:00,AMBLAKE-ISU,7782-44-7,Dissolved oxygen (DO),Total,,11,mg/l,True,,,,ISU 4500-O-G,,Actual,SW,Water,,,Lee,07080104,Lake,,40.712645,-91.435951
6,22560001,Poll Miller Park Lake,08/26/2016 16:45:00,AMBLAKE-ISU,DO-SAT,Dissolved oxygen saturation,Total,,136.9,%,True,,,,ISU 4500-O-G,,Actual,SW,Water,,,Lee,07080104,Lake,,40.712645,-91.435951
6,22560001,Poll Miller Park Lake,08/26/2016 16:45:00,AMBLAKE-ISU,DEPTH-BOTTOM,"Depth, bottom",Total,,7.8,m,True,,,,Unknown,,Actual,SW,Water,,,Lee,07080104,Lake,,40.712645,-91.435951
6,22560001,Poll Miller Park Lake,08/26/2016 16:45:00,AMBLAKE-ISU,DEPTH-SECCHI,"Depth, Secchi disk depth",Total,,1.2,m,True,,,,Unknown,,Actual,SW,Water,,,Lee,07080104,Lake,,40.712645,-91.435951
6,22560001,Poll Miller Park Lake,08/26/2016 16:45:00,AMBLAKE-ISU,DEPTH-THERMO,"Depth, thermocline",Total,,4,m,True,,,,Unknown,,Actual,SW,Water,,,Lee,07080104,Lake,,40.712645,-91.435951
6,22560001,Poll Miller Park Lake,08/26/2016 16:45:00,AMBLAKE-ISU,CAL-CARB,Calcium carbonate (AS CACO3),Total,,136,mg/l,True,4.00,,,2320-B,ISULAKE,Actual,SW,Water,,,Lee,07080104,Lake,,40.712645,-91.435951
6,22560001,Poll Miller Park Lake,08/26/2016 16:45:00,AMBLAKE-ISU,TSS,Total suspended solids,NonFilt,,6.1,mg/l,True,0.8,,,2540-D,ISULAKE,Actual,SW,Water,,,Lee,07080104,Lake,,40.712645,-91.435951
6,22560001,Poll Miller Park Lake,08/26/2016 16:45:00,AMBLAKE-ISU,TFSS,Fixed suspended solids,Total,,2.8,mg/l,True,0.8,,,2540-E,ISULAKE,Actual,SW,Water,,,Lee,07080104,Lake,,40.712645,-91.435951
6,22560001,Poll Miller Park Lake,08/26/2016 16:45:00,AMBLAKE-ISU,7664-41-7,Ammonia (AS N),Dissolved,,0,mg/l,True,0.0006,,,350.1,ISULAKE,Calculated,SW,Water,,,Lee,07080104,Lake,,40.712645,-91.435951
6,22560001,Poll Miller Park Lake,08/26/2016 16:45:00,AMBLAKE-ISU,NIT-AMM,Ammonia-nitrogen (AS N),Dissolved,,0.0006,mg/l,False,0.0006,,,350.1,ISULAKE,Actual,SW,Water,,,Lee,07080104,Lake,,40.712645,-91.435951
6,22560001,Poll Miller Park Lake,08/26/2016 16:45:00,AMBLAKE-ISU,NIT-KJELD,Kjeldahl nitrogen (AS N),Total,,0.61,mg/l,True,0.22,,,351.2,ISULAKE,Actual,SW,Water,,,Lee,07080104,Lake,,40.712645,-91.435951
6,22560001,Poll Miller Park Lake,08/26/2016 16:45:00,AMBLAKE-ISU,NIT-NO3-NO2,Inorganic nitrogen (nitrate and nitrite) (AS N),Dissolved,,0.07,mg/l,False,0.07,,,353.2,ISULAKE,Actual,SW,Water,,,Lee,07080104,Lake,,40.712645,-91.435951
6,22560001,Poll Miller Park Lake,08/26/2016 16:45:00,AMBLAKE-ISU,14265-44-2,Orthophosphate (AS P),Dissolved,,0.0028,mg/l,False,0.0028,,,365.1,ISULAKE,Actual,SW,Water,,,Lee,07080104,Lake,,40.712645,-91.435951
6,22560001,Poll Miller Park Lake,08/26/2016 16:45:00,AMBLAKE-ISU,PHOSP-PHOSP,Phosphate-phosphorus (AS P),Total,,0.0248,mg/l,True,0.0108,,,365.1,ISULAKE,Actual,SW,Water,,,Lee,07080104,Lake,,40.712645,-91.435951
6,22560001,Poll Miller Park Lake,08/26/2016 16:45:00,AMBLAKE-ISU,479-61-8,Chlorophyll a,Filterable,,14,ug/l,True,1.00,,,445,ISULAKE,Actual,SW,Water,,,Lee,07080104,Lake,,40.712645,-91.435951
6,22560001,Poll Miller Park Lake,08/26/2016 16:45:00,AMBLAKE-ISU,7440-44-0,Carbon,Dissolved,,33.34,mg/l,True,1.48,,,5310-B,ISULAKE,Actual,SW,Water,,,Lee,07080104,Lake,,40.712645,-91.435951
6,22560001,Poll Miller Park Lake,05/23/2017 13:40:00,AMBLAKE-ISU,CAL-CARB,Calcium carbonate (AS CACO3),Total,,117,mg/l,True,4.00,,,2320-B,ISULAKE,Actual,SW,Water,,,Lee,07080104,Lake,,40.712645,-91.435951
6,22560001,Poll Miller Park Lake,05/23/2017 13:40:00,AMBLAKE-ISU,TSS,Total suspended solids,NonFilt,,13,mg/l,True,0.8,,,2540-D,ISULAKE,Actual,SW,Water,,,Lee,07080104,Lake,,40.712645,-91.435951
6,22560001,Poll Miller Park Lake,05/23/2017 13:40:00,AMBLAKE-ISU,TFSS,Fixed suspended solids,Total,,0.6,mg/l,False,0.6,,,2540-E,ISULAKE,Actual,SW,Water,,,Lee,07080104,Lake,,40.712645,-91.435951
6,22560001,Poll Miller Park Lake,05/23/2017 13:40:00,AMBLAKE-ISU,7664-41-7,Ammonia (AS N),Dissolved,,0.009,mg/l,True,,,,350.1,ISULAKE,Calculated,SW,Water,,,Lee,07080104,Lake,,40.712645,-91.435951
6,22560001,Poll Miller Park Lake,05/23/2017 13:40:00,AMBLAKE-ISU,NIT-AMM,Ammonia-nitrogen (AS N),Dissolved,,0.071,mg/l,True,0.0012,,,350.1,ISULAKE,Actual,SW,Water,,,Lee,07080104,Lake,,40.712645,-91.435951
6,22560001,Poll Miller Park Lake,05/23/2017 13:40:00,AMBLAKE-ISU,NIT-KJELD,Kjeldahl nitrogen (AS N),Total,,0.78,mg/l,True,0.22,,,351.2,ISULAKE,Actual,SW,Water,,,Lee,07080104,Lake,,40.712645,-91.435951
6,22560001,Poll Miller Park Lake,05/23/2017 13:40:00,AMBLAKE-ISU,NIT-NO3-NO2,Inorganic nitrogen (nitrate and nitrite) (AS N),Dissolved,,0.04,mg/l,False,0.04,,,353.2,ISULAKE,Actual,SW,Water,,,Lee,07080104,Lake,,40.712645,-91.435951
6,22560001,Poll Miller Park Lake,05/23/2017 13:40:00,AMBLAKE-ISU,14265-44-2,Orthophosphate (AS P),Dissolved,,0.0048,mg/l,False,0.0048,,,365.1,ISULAKE,Actual,SW,Water,,,Lee,07080104,Lake,,40.712645,-91.435951
6,22560001,Poll Miller Park Lake,05/23/2017 13:40:00,AMBLAKE-ISU,PHOSP-PHOSP,Phosphate-phosphorus (AS P),Total,,0.034,mg/l,True,0.0146,,,365.1,ISULAKE,Actual,SW,Water,,,Lee,07080104,Lake,,40.712645,-91.435951
6,22560001,Poll Miller Park Lake,05/23/2017 13:40:00,AMBLAKE-ISU,479-61-8,Chlorophyll a,Filterable,,9,ug/l,True,3.30,,,445,ISULAKE,Actual,SW,Water,,,Lee,07080104,Lake,,40.712645,-91.435951
6,22560001,Poll Miller Park Lake,05/23/2017 13:40:00,AMBLAKE-ISU,68583-22-2,Escherichia coli,Total,,7.5,MPN/100ml,True,1,,,9223-B,ISULAKE,Actual,SW,Water,,,Lee,07080104,Lake,,40.712645,-91.435951
6,22560001,Poll Miller Park Lake,05/23/2017 13:40:00,AMBLAKE-ISU,TURB,Turbidity,Total,,8.2,NTU,True,,,,ISU 2130-B,ISULAKE,Actual,SW,Water,,,Lee,07080104,Lake,,40.712645,-91.435951
6,22560001,Poll Miller Park Lake,05/23/2017 13:40:00,AMBLAKE-ISU,SPEC-COND,Specific conductance,Dissolved,,321,uS/cm,True,,,,ISU 2510,ISULAKE,Actual,SW,Water,,,Lee,07080104,Lake,,40.712645,-91.435951
6,22560001,Poll Miller Park Lake,05/23/2017 13:40:00,AMBLAKE-ISU,TDS,Total dissolved solids,Dissolved,,209,mg/l,True,,,,ISU 2510,ISULAKE,Actual,SW,Water,,,Lee,07080104,Lake,,40.712645,-91.435951
6,22560001,Poll Miller Park Lake,05/23/2017 13:40:00,AMBLAKE-ISU,TEMP-WATER,"Temperature, water",Total,,17.8,deg C,True,,,,ISU 2550,ISULAKE,Actual,SW,Water,,,Lee,07080104,Lake,,40.712645,-91.435951
6,22560001,Poll Miller Park Lake,05/23/2017 13:40:00,AMBLAKE-ISU,PH,pH,Total,,8.6,None,True,,,,ISU 4500-H,ISULAKE,Actual,SW,Water,,,Lee,07080104,Lake,,40.712645,-91.435951
6,22560001,Poll Miller Park Lake,05/23/2017 13:40:00,AMBLAKE-ISU,7782-44-7,Dissolved oxygen (DO),Total,,9.8,mg/l,True,,,,ISU 4500-O-G,ISULAKE,Actual,SW,Water,,,Lee,07080104,Lake,,40.712645,-91.435951
6,22560001,Poll Miller Park Lake,05/23/2017 13:40:00,AMBLAKE-ISU,DO-SAT,Dissolved oxygen saturation,Total,,103.1,%,True,,,,ISU 4500-O-G,ISULAKE,Actual,SW,Water,,,Lee,07080104,Lake,,40.712645,-91.435951
6,22560001,Poll Miller Park Lake,05/23/2017 13:40:00,AMBLAKE-ISU,77238-39-2,Microcystin,Total,,0.6,ug/l,False,0.6,,,ISU 546 OH,ISULAKE,Actual,SW,Water,,,Lee,07080104,Lake,,40.712645,-91.435951
6,22560001,Poll Miller Park Lake,05/23/2017 13:40:00,AMBLAKE-ISU,11016-15-2,Phycocyanin,Filterable,,3.3,ug/l,False,3.30,,,ISU PHYCOCYANIN 2017,ISULAKE,Actual,SW,Water,,,Lee,07080104,Lake,,40.712645,-91.435951
6,22560001,Poll Miller Park Lake,05/23/2017 13:40:00,AMBLAKE-ISU,DEPTH-BOTTOM,"Depth, bottom",Total,,7.6,m,True,,,,Unknown,ISULAKE,Actual,SW,Water,,,Lee,07080104,Lake,,40.712645,-91.435951
6,22560001,Poll Miller Park Lake,05/23/2017 13:40:00,AMBLAKE-ISU,DEPTH-SECCHI,"Depth, Secchi disk depth",Total,,0.7,m,True,,,,Unknown,ISULAKE,Actual,SW,Water,,,Lee,07080104,Lake,,40.712645,-91.435951
6,22560001,Poll Miller Park Lake,05/23/2017 13:40:00,AMBLAKE-ISU,DEPTH-THERMO,"Depth, thermocline",Total,,1.7,m,True,,,,Unknown,ISULAKE,Actual,SW,Water,,,Lee,07080104,Lake,,40.712645,-91.435951
6,22560001,Poll Miller Park Lake,07/10/2017 14:09:00,AMBLAKE-ISU,TURB,Turbidity,Total,,1.2,NTU,True,,,,ISU 2130-B,,Actual,SW,Water,,,Lee,07080104,Lake,,40.712645,-91.435951
6,22560001,Poll Miller Park Lake,07/10/2017 14:09:00,AMBLAKE-ISU,SPEC-COND,Specific conductance,Dissolved,,335,uS/cm,True,,,,ISU 2510,,Actual,SW,Water,,,Lee,07080104,Lake,,40.712645,-91.435951
6,22560001,Poll Miller Park Lake,07/10/2017 14:09:00,AMBLAKE-ISU,TDS,Total dissolved solids,Dissolved,,218,mg/l,True,,,,ISU 2510,,Actual,SW,Water,,,Lee,07080104,Lake,,40.712645,-91.435951
6,22560001,Poll Miller Park Lake,07/10/2017 14:09:00,AMBLAKE-ISU,TEMP-WATER,"Temperature, water",Total,,29.1,deg C,True,,,,ISU 2550,,Actual,SW,Water,,,Lee,07080104,Lake,,40.712645,-91.435951
6,22560001,Poll Miller Park Lake,07/10/2017 14:09:00,AMBLAKE-ISU,PH,pH,Total,,8.2,None,True,,,,ISU 4500-H,,Actual,SW,Water,,,Lee,07080104,Lake,,40.712645,-91.435951
6,22560001,Poll Miller Park Lake,07/10/2017 14:09:00,AMBLAKE-ISU,7782-44-7,Dissolved oxygen (DO),Total,,8,mg/l,True,,,,ISU 4500-O-G,,Actual,SW,Water,,,Lee,07080104,Lake,,40.712645,-91.435951
6,22560001,Poll Miller Park Lake,07/10/2017 14:09:00,AMBLAKE-ISU,DO-SAT,Dissolved oxygen saturation,Total,,104.5,%,True,,,,ISU 4500-O-G,,Actual,SW,Water,,,Lee,07080104,Lake,,40.712645,-91.435951
6,22560001,Poll Miller Park Lake,07/10/2017 14:09:00,AMBLAKE-ISU,DEPTH-BOTTOM,"Depth, bottom",Total,,7.5,m,True,,,,Unknown,,Actual,SW,Water,,,Lee,07080104,Lake,,40.712645,-91.435951
6,22560001,Poll Miller Park Lake,07/10/2017 14:09:00,AMBLAKE-ISU,DEPTH-SECCHI,"Depth, Secchi disk depth",Total,,1.5,m,True,,,,Unknown,,Actual,SW,Water,,,Lee,07080104,Lake,,40.712645,-91.435951
6,22560001,Poll Miller Park Lake,07/10/2017 14:09:00,AMBLAKE-ISU,DEPTH-THERMO,"Depth, thermocline",Total,,2.7,m,True,,,,Unknown,,Actual,SW,Water,,,Lee,07080104,Lake,,40.712645,-91.435951
6,22560001,Poll Miller Park Lake,07/10/2017 14:09:00,AMBLAKE-ISU,CAL-CARB,Calcium carbonate (AS CACO3),Total,,180,mg/l,True,4.00,,,2320-B,ISULAKE,Actual,SW,Water,,,Lee,07080104,Lake,,40.712645,-91.435951
6,22560001,Poll Miller Park Lake,07/10/2017 14:09:00,AMBLAKE-ISU,TSS,Total suspended solids,NonFilt,,9,mg/l,True,0.8,,,2540-D,ISULAKE,Actual,SW,Water,,,Lee,07080104,Lake,,40.712645,-91.435951
6,22560001,Poll Miller Park Lake,07/10/2017 14:09:00,AMBLAKE-ISU,TFSS,Fixed suspended solids,Total,,4,mg/l,True,0.6,,,2540-E,ISULAKE,Actual,SW,Water,,,Lee,07080104,Lake,,40.712645,-91.435951
6,22560001,Poll Miller Park Lake,07/10/2017 14:09:00,AMBLAKE-ISU,7664-41-7,Ammonia (AS N),Dissolved,,0.001,mg/l,True,,,,350.1,ISULAKE,Calculated,SW,Water,,,Lee,07080104,Lake,,40.712645,-91.435951
6,22560001,Poll Miller Park Lake,07/10/2017 14:09:00,AMBLAKE-ISU,NIT-AMM,Ammonia-nitrogen (AS N),Dissolved,,0.011,mg/l,True,0.0012,,,350.1,ISULAKE,Actual,SW,Water,,,Lee,07080104,Lake,,40.712645,-91.435951
6,22560001,Poll Miller Park Lake,07/10/2017 14:09:00,AMBLAKE-ISU,NIT-KJELD,Kjeldahl nitrogen (AS N),Total,,0.73,mg/l,True,0.22,,,351.2,ISULAKE,Actual,SW,Water,,,Lee,07080104,Lake,,40.712645,-91.435951
6,22560001,Poll Miller Park Lake,07/10/2017 14:09:00,AMBLAKE-ISU,NIT-NO3-NO2,Inorganic nitrogen (nitrate and nitrite) (AS N),Dissolved,,0.04,mg/l,False,0.04,,,353.2,ISULAKE,Actual,SW,Water,,,Lee,07080104,Lake,,40.712645,-91.435951
6,22560001,Poll Miller Park Lake,07/10/2017 14:09:00,AMBLAKE-ISU,14265-44-2,Orthophosphate (AS P),Dissolved,,0.01,mg/l,False,0.01,,,365.1,ISULAKE,Actual,SW,Water,,,Lee,07080104,Lake,,40.712645,-91.435951
6,22560001,Poll Miller Park Lake,07/10/2017 14:09:00,AMBLAKE-ISU,PHOSP-PHOSP,Phosphate-phosphorus (AS P),Total,,0.0146,mg/l,False,0.0146,,,365.1,ISULAKE,Actual,SW,Water,,,Lee,07080104,Lake,,40.712645,-91.435951
6,22560001,Poll Miller Park Lake,07/10/2017 14:09:00,AMBLAKE-ISU,479-61-8,Chlorophyll a,Filterable,,7,ug/l,True,3.30,,,445,ISULAKE,Actual,SW,Water,,,Lee,07080104,Lake,,40.712645,-91.435951
6,22560001,Poll Miller Park Lake,07/10/2017 14:09:00,AMBLAKE-ISU,68583-22-2,Escherichia coli,Total,,2,MPN/100ml,True,1,,,9223-B,ISULAKE,Actual,SW,Water,,,Lee,07080104,Lake,,40.712645,-91.435951
6,22560001,Poll Miller Park Lake,07/10/2017 14:09:00,AMBLAKE-ISU,77238-39-2,Microcystin,Total,,0.6,ug/l,False,0.6,,,ISU 546 OH,ISULAKE,Actual,SW,Water,,,Lee,07080104,Lake,,40.712645,-91.435951
6,22560001,Poll Miller Park Lake,07/10/2017 14:09:00,AMBLAKE-ISU,11016-15-2,Phycocyanin,Filterable,,19,ug/l,True,3.30,,,ISU PHYCOCYANIN 2017,ISULAKE,Actual,SW,Water,,,Lee,07080104,Lake,,40.712645,-91.435951
6,22560001,Poll Miller Park Lake,08/20/2017 13:08:00,AMBLAKE-ISU,TURB,Turbidity,Total,,2.4,NTU,True,0.3,,,ISU 2130-B,ISULAKE,Actual,SW,Water,,,Lee,07080104,Lake,,40.712645,-91.435951
6,22560001,Poll Miller Park Lake,08/20/2017 13:08:00,AMBLAKE-ISU,SPEC-COND,Specific conductance,Dissolved,,361,uS/cm,True,,,,ISU 2510,ISULAKE,Actual,SW,Water,,,Lee,07080104,Lake,,40.712645,-91.435951
6,22560001,Poll Miller Park Lake,08/20/2017 13:08:00,AMBLAKE-ISU,TDS,Total dissolved solids,Dissolved,,235,mg/l,True,,,,ISU 2510,ISULAKE,Actual,SW,Water,,,Lee,07080104,Lake,,40.712645,-91.435951
6,22560001,Poll Miller Park Lake,08/20/2017 13:08:00,AMBLAKE-ISU,TEMP-WATER,"Temperature, water",Total,,25.3,deg C,True,,,,ISU 2550,ISULAKE,Actual,SW,Water,,,Lee,07080104,Lake,,40.712645,-91.435951
6,22560001,Poll Miller Park Lake,08/20/2017 13:08:00,AMBLAKE-ISU,PH,pH,Total,,8.1,None,True,,,,ISU 4500-H,ISULAKE,Actual,SW,Water,,,Lee,07080104,Lake,,40.712645,-91.435951
6,22560001,Poll Miller Park Lake,08/20/2017 13:08:00,AMBLAKE-ISU,7782-44-7,Dissolved oxygen (DO),Total,,6.4,mg/l,True,,,,ISU 4500-O-G,ISULAKE,Actual,SW,Water,,,Lee,07080104,Lake,,40.712645,-91.435951
6,22560001,Poll Miller Park Lake,08/20/2017 13:08:00,AMBLAKE-ISU,DO-SAT,Dissolved oxygen saturation,Total,,79.2,%,True,,,,ISU 4500-O-G,ISULAKE,Actual,SW,Water,,,Lee,07080104,Lake,,40.712645,-91.435951
6,22560001,Poll Miller Park Lake,08/20/2017 13:08:00,AMBLAKE-ISU,DEPTH-BOTTOM,"Depth, bottom",Total,,7.8,m,True,,,,Unknown,ISULAKE,Actual,SW,Water,,,Lee,07080104,Lake,,40.712645,-91.435951
6,22560001,Poll Miller Park Lake,08/20/2017 13:08:00,AMBLAKE-ISU,DEPTH-SECCHI,"Depth, Secchi disk depth",Total,,1.4,m,True,,,,Unknown,ISULAKE,Actual,SW,Water,,,Lee,07080104,Lake,,40.712645,-91.435951
6,22560001,Poll Miller Park Lake,08/20/2017 13:08:00,AMBLAKE-ISU,DEPTH-THERMO,"Depth, thermocline",Total,,4.5,m,True,,,,Unknown,ISULAKE,Actual,SW,Water,,,Lee,07080104,Lake,,40.712645,-91.435951
6,22560001,Poll Miller Park Lake,08/20/2017 13:08:00,AMBLAKE-ISU,CAL-CARB,Calcium carbonate (AS CACO3),Total,,134,mg/l,True,4.00,,,2320-B,ISULAKE,Actual,SW,Water,,,Lee,07080104,Lake,,40.712645,-91.435951
6,22560001,Poll Miller Park Lake,08/20/2017 13:08:00,AMBLAKE-ISU,TSS,Total suspended solids,NonFilt,,10,mg/l,True,0.8,,,2540-D,ISULAKE,Actual,SW,Water,,,Lee,07080104,Lake,,40.712645,-91.435951
6,22560001,Poll Miller Park Lake,08/20/2017 13:08:00,AMBLAKE-ISU,TFSS,Fixed suspended solids,Total,,10,mg/l,True,0.6,,,2540-E,ISULAKE,Actual,SW,Water,,,Lee,07080104,Lake,,40.712645,-91.435951
6,22560001,Poll Miller Park Lake,08/20/2017 13:08:00,AMBLAKE-ISU,7664-41-7,Ammonia (AS N),Dissolved,,0.001,mg/l,True,,,,350.1,ISULAKE,Calculated,SW,Water,,,Lee,07080104,Lake,,40.712645,-91.435951
6,22560001,Poll Miller Park Lake,08/20/2017 13:08:00,AMBLAKE-ISU,NIT-AMM,Ammonia-nitrogen (AS N),Dissolved,,0.015,mg/l,True,0.0012,,,350.1,ISULAKE,Actual,SW,Water,,,Lee,07080104,Lake,,40.712645,-91.435951
6,22560001,Poll Miller Park Lake,08/20/2017 13:08:00,AMBLAKE-ISU,NIT-KJELD,Kjeldahl nitrogen (AS N),Total,,0.7,mg/l,True,0.22,,,351.2,ISULAKE,Actual,SW,Water,,,Lee,07080104,Lake,,40.712645,-91.435951
6,22560001,Poll Miller Park Lake,08/20/2017 13:08:00,AMBLAKE-ISU,NIT-NO3-NO2,Inorganic nitrogen (nitrate and nitrite) (AS N),Dissolved,,0.04,mg/l,False,0.04,,,353.2,ISULAKE,Actual,SW,Water,,,Lee,07080104,Lake,,40.712645,-91.435951
6,22560001,Poll Miller Park Lake,08/20/2017 13:08:00,AMBLAKE-ISU,14265-44-2,Orthophosphate (AS P),Dissolved,,0.0048,mg/l,False,0.0048,,,365.1,ISULAKE,Actual,SW,Water,,,Lee,07080104,Lake,,40.712645,-91.435951
6,22560001,Poll Miller Park Lake,08/20/2017 13:08:00,AMBLAKE-ISU,PHOSP-PHOSP,Phosphate-phosphorus (AS P),Total,,0.0264,mg/l,True,0.0146,,,365.1,ISULAKE,Actual,SW,Water,,,Lee,07080104,Lake,,40.712645,-91.435951
6,22560001,Poll Miller Park Lake,08/20/2017 13:08:00,AMBLAKE-ISU,479-61-8,Chlorophyll a,Filterable,,3.3,ug/l,False,3.30,,,445,ISULAKE,Actual,SW,Water,,,Lee,07080104,Lake,,40.712645,-91.435951
6,22560001,Poll Miller Park Lake,08/20/2017 13:08:00,AMBLAKE-ISU,68583-22-2,Escherichia coli,Total,,2,MPN/100ml,True,1,,,9223-B,ISULAKE,Actual,SW,Water,,,Lee,07080104,Lake,,40.712645,-91.435951
6,22560001,Poll Miller Park Lake,08/20/2017 13:08:00,AMBLAKE-ISU,77238-39-2,Microcystin,Total,,0.6,ug/l,False,0.6,,,ISU 546 OH,ISULAKE,Actual,SW,Water,,,Lee,07080104,Lake,,40.712645,-91.435951
6,22560001,Poll Miller Park Lake,08/20/2017 13:08:00,AMBLAKE-ISU,11016-15-2,Phycocyanin,Filterable,,5,ug/l,True,3.30,,,ISU PHYCOCYANIN 2017,ISULAKE,Actual,SW,Water,,,Lee,07080104,Lake,,40.712645,-91.435951
6,21560001,Pollmiller Park Beach,06/05/2017 10:30:00,BEACHCCO,68583-22-2,Escherichia coli,Total,,10,MPN/100ml,False,10,,,9223-B,BEA002,Actual,SW,Water,,Sample exceeded required temperature upon receipt.,Lee,07080104,Lake,,40.71262,-91.437202
6,21560001,Pollmiller Park Beach,06/12/2017 10:30:00,BEACHCCO,68583-22-2,Escherichia coli,Total,,10,MPN/100ml,False,10,,,9223-B,BEA002,Actual,SW,Water,,,Lee,07080104,Lake,,40.71262,-91.437202
6,21560001,Pollmiller Park Beach,06/19/2017 11:00:00,BEACHCCO,68583-22-2,Escherichia coli,Total,,10,MPN/100ml,False,10,,,9223-B,BEA002,Actual,SW,Water,,,Lee,07080104,Lake,,40.71262,-91.437202
6,21560001,Pollmiller Park Beach,07/11/2017 11:00:00,BEACHCCO,68583-22-2,Escherichia coli,Total,,10,MPN/100ml,False,10,,,9223-B,BEA002,Actual,SW,Water,,,Lee,07080104,Lake,,40.71262,-91.437202
6,21560001,Pollmiller Park Beach,07/17/2017 15:00:00,BEACHCCO,68583-22-2,Escherichia coli,Total,,10,MPN/100ml,True,10,,,9223-B,BEA002,Actual,SW,Water,,Sample exceeded required temperature upon receipt.,Lee,07080104,Lake,,40.71262,-91.437202
6,21560001,Pollmiller Park Beach,07/24/2017 13:30:00,BEACHCCO,68583-22-2,Escherichia coli,Total,,10,MPN/100ml,False,10,,,9223-B,BEA002,Actual,SW,Water,,Sample exceeded required temperature upon receipt. Collection time of sample to receipt in laboratory was outside the acceptable limits.,Lee,07080104,Lake,,40.71262,-91.437202
6,21560001,Pollmiller Park Beach,08/01/2017 11:00:00,BEACHCCO,68583-22-2,Escherichia coli,Total,,10,MPN/100ml,False,10,,,9223-B,BEA002,Actual,SW,Water,,Sample exceeded required temperature upon receipt.,Lee,07080104,Lake,,40.71262,-91.437202
6,21560001,Pollmiller Park Beach,08/07/2017 10:00:00,BEACHCCO,68583-22-2,Escherichia coli,Total,,10,MPN/100ml,False,10,,,9223-B,BEA002,Actual,SW,Water,,Sample exceeded required temperature upon receipt.,Lee,07080104,Lake,,40.71262,-91.437202
6,21560001,Pollmiller Park Beach,08/15/2017 12:00:00,BEACHCCO,68583-22-2,Escherichia coli,Total,,10,MPN/100ml,False,10,,,9223-B,BEA002,Actual,SW,Water,,Sample exceeded required temperature upon receipt.,Lee,07080104,Lake,,40.71262,-91.437202
6,21560001,Pollmiller Park Beach,08/21/2017 12:00:00,BEACHCCO,68583-22-2,Escherichia coli,Total,,10,MPN/100ml,False,10,,,9223-B,BEA002,Actual,SW,Water,,Sample received from client without proper identification on container label.,Lee,07080104,Lake,,40.71262,-91.437202
6,21560001,Pollmiller Park Beach,06/11/2018 11:50:00,BEACHCCO,68583-22-2,Escherichia coli,Total,,20,MPN/100ml,True,10,,,9223-B,BEA002,Actual,SW,Water,,,Lee,07080104,Lake,,40.71262,-91.437202
6,21560001,Pollmiller Park Beach,06/18/2018 07:10:00,BEACHCCO,68583-22-2,Escherichia coli,Total,,10,MPN/100ml,False,10,,,9223-B,BEA002,Actual,SW,Water,,,Lee,07080104,Lake,,40.71262,-91.437202
6,21560001,Pollmiller Park Beach,07/02/2018 08:15:00,BEACHCCO,68583-22-2,Escherichia coli,Total,,10,MPN/100ml,False,10,,,9223-B,BEA002,Actual,SW,Water,,,Lee,07080104,Lake,,40.71262,-91.437202
6,21560001,Pollmiller Park Beach,07/09/2018 10:00:00,BEACHCCO,68583-22-2,Escherichia coli,Total,,10,MPN/100ml,True,10,,,9223-B,BEA002,Actual,SW,Water,,,Lee,07080104,Lake,,40.71262,-91.437202
6,21560001,Pollmiller Park Beach,07/16/2018 09:00:00,BEACHCCO,68583-22-2,Escherichia coli,Total,,20,MPN/100ml,True,10,,,9223-B,BEA002,Actual,SW,Water,,Sample exceeded required temperature upon receipt.,Lee,07080104,Lake,,40.71262,-91.437202
6,21560001,Pollmiller Park Beach,07/23/2018 12:40:00,BEACHCCO,68583-22-2,Escherichia coli,Total,,140,MPN/100ml,True,10,,,9223-B,BEA002,Actual,SW,Water,,,Lee,07080104,Lake,,40.71262,-91.437202
6,21560001,Pollmiller Park Beach,07/30/2018 08:00:00,BEACHCCO,68583-22-2,Escherichia coli,Total,,41,MPN/100ml,True,10,,,9223-B,BEA002,Actual,SW,Water,,,Lee,07080104,Lake,,40.71262,-91.437202
6,21560001,Pollmiller Park Beach,08/13/2018 12:00:00,BEACHCCO,68583-22-2,Escherichia coli,Total,,10,MPN/100ml,False,10,,,9223-B,BEA002,Actual,SW,Water,,,Lee,07080104,Lake,,40.71262,-91.437202
6,21560001,Pollmiller Park Beach,08/20/2018 13:00:00,BEACHCCO,68583-22-2,Escherichia coli,Total,,10,MPN/100ml,False,10,,,9223-B,BEA002,Actual,SW,Water,,,Lee,07080104,Lake,,40.71262,-91.437202
6,21560001,Pollmiller Park Beach,08/27/2018 14:00:00,BEACHCCO,68583-22-2,Escherichia coli,Total,,20,MPN/100ml,True,10,,,9223-B,BEA002,Actual,SW,Water,,,Lee,07080104,Lake,,40.71262,-91.437202
6,22560001,Poll Miller Park Lake,05/21/2018 12:26:00,AMBLAKE-ISU,SPEC-COND,Specific conductance,Total,,324,uS/cm,True,,,,ISU 2510,ISULAKE,Actual,SW,Water,,,Lee,07080104,Lake,,40.712645,-91.435951
6,22560001,Poll Miller Park Lake,05/21/2018 12:26:00,AMBLAKE-ISU,TDS,Total dissolved solids,Total,,211,mg/l,True,,,,ISU 2510,ISULAKE,Actual,SW,Water,,,Lee,07080104,Lake,,40.712645,-91.435951
6,22560001,Poll Miller Park Lake,05/21/2018 12:26:00,AMBLAKE-ISU,TEMP-WATER,"Temperature, water",Total,,22,deg C,True,,,,ISU 2550,ISULAKE,Actual,SW,Water,,,Lee,07080104,Lake,,40.712645,-91.435951
6,22560001,Poll Miller Park Lake,05/21/2018 12:26:00,AMBLAKE-ISU,PH,pH,Total,,7.8,None,True,,,,ISU 4500-H,ISULAKE,Actual,SW,Water,,,Lee,07080104,Lake,,40.712645,-91.435951
6,22560001,Poll Miller Park Lake,05/21/2018 12:26:00,AMBLAKE-ISU,7782-44-7,Dissolved oxygen (DO),Total,,8.3,mg/l,True,,,,ISU 4500-O-G,ISULAKE,Actual,SW,Water,,,Lee,07080104,Lake,,40.712645,-91.435951
6,22560001,Poll Miller Park Lake,05/21/2018 12:26:00,AMBLAKE-ISU,DO-SAT,Dissolved oxygen saturation,Total,,95.6,%,True,,,,ISU 4500-O-G,ISULAKE,Actual,SW,Water,,,Lee,07080104,Lake,,40.712645,-91.435951
6,22560001,Poll Miller Park Lake,05/21/2018 12:26:00,AMBLAKE-ISU,DEPTH-BOTTOM,"Depth, bottom",Total,,8.2,m,True,,,,Unknown,ISULAKE,Actual,SW,Water,,,Lee,07080104,Lake,,40.712645,-91.435951
6,22560001,Poll Miller Park Lake,05/21/2018 12:26:00,AMBLAKE-ISU,DEPTH-SECCHI,"Depth, Secchi disk depth",Total,,2.3,m,True,,,,Unknown,ISULAKE,Actual,SW,Water,,,Lee,07080104,Lake,,40.712645,-91.435951
6,22560001,Poll Miller Park Lake,05/21/2018 12:26:00,AMBLAKE-ISU,DEPTH-THERMO,"Depth, thermocline",Total,,1.8,m,True,,,,Unknown,ISULAKE,Actual,SW,Water,,,Lee,07080104,Lake,,40.712645,-91.435951
6,22560001,Poll Miller Park Lake,05/21/2018 12:26:00,AMBLAKE-ISU,CAL-CARB,Calcium carbonate (AS CACO3),Total,,113,mg/l,True,4.00,,,2320-B,ISULAKE,Actual,SW,Water,,,Lee,07080104,Lake,,40.712645,-91.435951
6,22560001,Poll Miller Park Lake,05/21/2018 12:26:00,AMBLAKE-ISU,TSS,Total suspended solids,Total,,5.5,mg/l,True,1.2,,,2540-D,ISULAKE,Actual,SW,Water,,,Lee,07080104,Lake,,40.712645,-91.435951
6,22560001,Poll Miller Park Lake,05/21/2018 12:26:00,AMBLAKE-ISU,TFSS,Fixed suspended solids,Total,,3.5,mg/l,True,1.2,,,2540-E,ISULAKE,Actual,SW,Water,,,Lee,07080104,Lake,,40.712645,-91.435951
6,22560001,Poll Miller Park Lake,05/21/2018 12:26:00,AMBLAKE-ISU,7664-41-7,Ammonia (AS N),Dissolved,,0.003,mg/l,True,,,,350.1,ISULAKE,Calculated,SW,Water,,,Lee,07080104,Lake,,40.712645,-91.435951
6,22560001,Poll Miller Park Lake,05/21/2018 12:26:00,AMBLAKE-ISU,NIT-AMM,Ammonia-nitrogen (AS N),Dissolved,,0.11,mg/l,True,0.0060,,,350.1,ISULAKE,Actual,SW,Water,,,Lee,07080104,Lake,,40.712645,-91.435951
6,22560001,Poll Miller Park Lake,05/21/2018 12:26:00,AMBLAKE-ISU,NIT-KJELD,Kjeldahl nitrogen (AS N),Total,,0.44,mg/l,True,0.26,,,351.2,ISULAKE,Actual,SW,Water,,,Lee,07080104,Lake,,40.712645,-91.435951
6,22560001,Poll Miller Park Lake,05/21/2018 12:26:00,AMBLAKE-ISU,NIT-NO3-NO2,Inorganic nitrogen (nitrate and nitrite) (AS N),Dissolved,,0.2,mg/l,True,0.04,,,353.2,ISULAKE,Actual,SW,Water,,,Lee,07080104,Lake,,40.712645,-91.435951
6,22560001,Poll Miller Park Lake,05/21/2018 12:26:00,AMBLAKE-ISU,14265-44-2,Orthophosphate (AS P),Dissolved,,0.0058,mg/l,False,0.0058,,,365.1,ISULAKE,Actual,SW,Water,,,Lee,07080104,Lake,,40.712645,-91.435951
6,22560001,Poll Miller Park Lake,05/21/2018 12:26:00,AMBLAKE-ISU,PHOSP-PHOSP,Phosphate-phosphorus (AS P),Total,,0.0305,mg/l,True,0.016,,,365.1,ISULAKE,Actual,SW,Water,,,Lee,07080104,Lake,,40.712645,-91.435951
6,22560001,Poll Miller Park Lake,05/21/2018 12:26:00,AMBLAKE-ISU,479-61-8,Chlorophyll a,Filterable,,0.4,ug/l,False,0.40,,,445,ISULAKE,Actual,SW,Water,,,Lee,07080104,Lake,,40.712645,-91.435951
6,22560001,Poll Miller Park Lake,05/21/2018 12:26:00,AMBLAKE-ISU,68583-22-2,Escherichia coli,Total,,39.1,MPN/100ml,True,1,,,9223-B,ISULAKE,Actual,SW,Water,,,Lee,07080104,Lake,,40.712645,-91.435951
6,22560001,Poll Miller Park Lake,05/21/2018 12:26:00,AMBLAKE-ISU,77238-39-2,Microcystin,Total,,0.6,ug/l,False,0.6,,,ISU 546 OH,ISULAKE,Actual,SW,Water,,,Lee,07080104,Lake,,40.712645,-91.435951
6,22560001,Poll Miller Park Lake,05/21/2018 12:26:00,AMBLAKE-ISU,11016-15-2,Phycocyanin,Filterable,,13,ug/l,True,7.00,,,ISU PHYCOCYANIN 2017,ISULAKE,Actual,SW,Water,,,Lee,07080104,Lake,,40.712645,-91.435951
6,22560001,Poll Miller Park Lake,07/09/2018 10:47:00,AMBLAKE-ISU,SPEC-COND,Specific conductance,Total,,364,uS/cm,True,,,,ISU 2510,ISULAKE,Actual,SW,Water,,,Lee,07080104,Lake,,40.712645,-91.435951
6,22560001,Poll Miller Park Lake,07/09/2018 10:47:00,AMBLAKE-ISU,TDS,Total dissolved solids,Total,,237,mg/l,True,,,,ISU 2510,ISULAKE,Actual,SW,Water,,,Lee,07080104,Lake,,40.712645,-91.435951
6,22560001,Poll Miller Park Lake,07/09/2018 10:47:00,AMBLAKE-ISU,TEMP-WATER,"Temperature, water",Total,,29,deg C,True,,,,ISU 2550,ISULAKE,Actual,SW,Water,,,Lee,07080104,Lake,,40.712645,-91.435951
6,22560001,Poll Miller Park Lake,07/09/2018 10:47:00,AMBLAKE-ISU,PH,pH,Total,,8.3,None,True,,,,ISU 4500-H,ISULAKE,Actual,SW,Water,,,Lee,07080104,Lake,,40.712645,-91.435951
6,22560001,Poll Miller Park Lake,07/09/2018 10:47:00,AMBLAKE-ISU,7782-44-7,Dissolved oxygen (DO),Total,,14.4,mg/l,True,,,,ISU 4500-O-G,ISULAKE,Actual,SW,Water,,,Lee,07080104,Lake,,40.712645,-91.435951
6,22560001,Poll Miller Park Lake,07/09/2018 10:47:00,AMBLAKE-ISU,DO-SAT,Dissolved oxygen saturation,Total,,188.1,%,True,,,,ISU 4500-O-G,ISULAKE,Actual,SW,Water,,,Lee,07080104,Lake,,40.712645,-91.435951
6,22560001,Poll Miller Park Lake,07/09/2018 10:47:00,AMBLAKE-ISU,DEPTH-BOTTOM,"Depth, bottom",Total,,7.8,m,True,,,,Unknown,ISULAKE,Actual,SW,Water,,,Lee,07080104,Lake,,40.712645,-91.435951
6,22560001,Poll Miller Park Lake,07/09/2018 10:47:00,AMBLAKE-ISU,DEPTH-SECCHI,"Depth, Secchi disk depth",Total,,2.3,m,True,,,,Unknown,ISULAKE,Actual,SW,Water,,,Lee,07080104,Lake,,40.712645,-91.435951
6,22560001,Poll Miller Park Lake,07/09/2018 10:47:00,AMBLAKE-ISU,DEPTH-THERMO,"Depth, thermocline",Total,,3,m,True,,,,Unknown,ISULAKE,Actual,SW,Water,,,Lee,07080104,Lake,,40.712645,-91.435951
6,22560001,Poll Miller Park Lake,07/09/2018 10:47:00,AMBLAKE-ISU,CAL-CARB,Calcium carbonate (AS CACO3),Total,,120,mg/l,True,4.00,,,2320-B,ISULAKE,Actual,SW,Water,,,Lee,07080104,Lake,,40.712645,-91.435951
6,22560001,Poll Miller Park Lake,07/09/2018 10:47:00,AMBLAKE-ISU,TSS,Total suspended solids,Total,,2,mg/l,True,1.2,,,2540-D,ISULAKE,Actual,SW,Water,,,Lee,07080104,Lake,,40.712645,-91.435951
6,22560001,Poll Miller Park Lake,07/09/2018 10:47:00,AMBLAKE-ISU,TFSS,Fixed suspended solids,Total,,1.2,mg/l,False,1.2,,,2540-E,ISULAKE,Actual,SW,Water,,,Lee,07080104,Lake,,40.712645,-91.435951
6,22560001,Poll Miller Park Lake,07/09/2018 10:47:00,AMBLAKE-ISU,7664-41-7,Ammonia (AS N),Dissolved,,0.001,mg/l,True,,,,350.1,ISULAKE,Calculated,SW,Water,,,Lee,07080104,Lake,,40.712645,-91.435951
6,22560001,Poll Miller Park Lake,07/09/2018 10:47:00,AMBLAKE-ISU,NIT-AMM,Ammonia-nitrogen (AS N),Dissolved,,0.011,mg/l,True,0.0060,,,350.1,ISULAKE,Actual,SW,Water,,,Lee,07080104,Lake,,40.712645,-91.435951
6,22560001,Poll Miller Park Lake,07/09/2018 10:47:00,AMBLAKE-ISU,NIT-KJELD,Kjeldahl nitrogen (AS N),Total,,0.51,mg/l,True,0.26,,,351.2,ISULAKE,Actual,SW,Water,,,Lee,07080104,Lake,,40.712645,-91.435951
6,22560001,Poll Miller Park Lake,07/09/2018 10:47:00,AMBLAKE-ISU,NIT-NO3-NO2,Inorganic nitrogen (nitrate and nitrite) (AS N),Dissolved,,0.04,mg/l,False,0.04,,,353.2,ISULAKE,Actual,SW,Water,,,Lee,07080104,Lake,,40.712645,-91.435951
6,22560001,Poll Miller Park Lake,07/09/2018 10:47:00,AMBLAKE-ISU,14265-44-2,Orthophosphate (AS P),Dissolved,,0.0058,mg/l,False,0.0058,,,365.1,ISULAKE,Actual,SW,Water,,,Lee,07080104,Lake,,40.712645,-91.435951
6,22560001,Poll Miller Park Lake,07/09/2018 10:47:00,AMBLAKE-ISU,PHOSP-PHOSP,Phosphate-phosphorus (AS P),Total,,0.0264,mg/l,True,0.016,,,365.1,ISULAKE,Actual,SW,Water,,,Lee,07080104,Lake,,40.712645,-91.435951
6,22560001,Poll Miller Park Lake,07/09/2018 10:47:00,AMBLAKE-ISU,479-61-8,Chlorophyll a,Filterable,,2,ug/l,True,0.40,,,445,ISULAKE,Actual,SW,Water,,,Lee,07080104,Lake,,40.712645,-91.435951
6,22560001,Poll Miller Park Lake,07/09/2018 10:47:00,AMBLAKE-ISU,68583-22-2,Escherichia coli,Total,,4.1,MPN/100ml,True,1,,,9223-B,ISULAKE,Actual,SW,Water,,,Lee,07080104,Lake,,40.712645,-91.435951
6,22560001,Poll Miller Park Lake,07/09/2018 10:47:00,AMBLAKE-ISU,77238-39-2,Microcystin,Total,,0.6,ug/l,False,0.6,,,ISU 546 OH,ISULAKE,Actual,SW,Water,,,Lee,07080104,Lake,,40.712645,-91.435951
6,22560001,Poll Miller Park Lake,07/09/2018 10:47:00,AMBLAKE-ISU,11016-15-2,Phycocyanin,Filterable,,7,ug/l,False,7.00,,,ISU PHYCOCYANIN 2017,ISULAKE,Actual,SW,Water,,,Lee,07080104,Lake,,40.712645,-91.435951
6,22560001,Poll Miller Park Lake,08/19/2018 10:46:00,AMBLAKE-ISU,TURB,Turbidity,Total,,8.6,NTU,True,0.3,,,ISU 2130-B,ISULAKE,Actual,SW,Water,,,Lee,07080104,Lake,,40.712645,-91.435951
6,22560001,Poll Miller Park Lake,08/19/2018 10:46:00,AMBLAKE-ISU,SPEC-COND,Specific conductance,Total,,368,uS/cm,True,,,,ISU 2510,ISULAKE,Actual,SW,Water,,,Lee,07080104,Lake,,40.712645,-91.435951
6,22560001,Poll Miller Park Lake,08/19/2018 10:46:00,AMBLAKE-ISU,TDS,Total dissolved solids,Total,,239,mg/l,True,,,,ISU 2510,ISULAKE,Actual,SW,Water,,,Lee,07080104,Lake,,40.712645,-91.435951
6,22560001,Poll Miller Park Lake,08/19/2018 10:46:00,AMBLAKE-ISU,TEMP-WATER,"Temperature, water",Total,,27.9,deg C,True,,,,ISU 2550,ISULAKE,Actual,SW,Water,,,Lee,07080104,Lake,,40.712645,-91.435951
6,22560001,Poll Miller Park Lake,08/19/2018 10:46:00,AMBLAKE-ISU,PH,pH,Total,,8.3,None,True,,,,ISU 4500-H,ISULAKE,Actual,SW,Water,,,Lee,07080104,Lake,,40.712645,-91.435951
6,22560001,Poll Miller Park Lake,08/19/2018 10:46:00,AMBLAKE-ISU,7782-44-7,Dissolved oxygen (DO),Total,,7.6,mg/l,True,,,,ISU 4500-O-G,ISULAKE,Actual,SW,Water,,,Lee,07080104,Lake,,40.712645,-91.435951
6,22560001,Poll Miller Park Lake,08/19/2018 10:46:00,AMBLAKE-ISU,DO-SAT,Dissolved oxygen saturation,Total,,96.9,%,True,,,,ISU 4500-O-G,ISULAKE,Actual,SW,Water,,,Lee,07080104,Lake,,40.712645,-91.435951
6,22560001,Poll Miller Park Lake,08/19/2018 10:46:00,AMBLAKE-ISU,DEPTH-BOTTOM,"Depth, bottom",Total,,7.5,m,True,,,,Unknown,ISULAKE,Actual,SW,Water,,,Lee,07080104,Lake,,40.712645,-91.435951
6,22560001,Poll Miller Park Lake,08/19/2018 10:46:00,AMBLAKE-ISU,DEPTH-SECCHI,"Depth, Secchi disk depth",Total,,1.3,m,True,,,,Unknown,ISULAKE,Actual,SW,Water,,,Lee,07080104,Lake,,40.712645,-91.435951
6,22560001,Poll Miller Park Lake,08/19/2018 10:46:00,AMBLAKE-ISU,DEPTH-THERMO,"Depth, thermocline",Total,,1.6,m,True,,,,Unknown,ISULAKE,Actual,SW,Water,,,Lee,07080104,Lake,,40.712645,-91.435951
6,22560001,Poll Miller Park Lake,08/19/2018 10:46:00,AMBLAKE-ISU,CAL-CARB,Calcium carbonate (AS CACO3),Total,,119,mg/l,True,4.00,,,2320-B,ISULAKE,Actual,SW,Water,,,Lee,07080104,Lake,,40.712645,-91.435951
6,22560001,Poll Miller Park Lake,08/19/2018 10:46:00,AMBLAKE-ISU,TSS,Total suspended solids,Total,,14,mg/l,True,1.2,,,2540-D,ISULAKE,Actual,SW,Water,,,Lee,07080104,Lake,,40.712645,-91.435951
6,22560001,Poll Miller Park Lake,08/19/2018 10:46:00,AMBLAKE-ISU,TFSS,Fixed suspended solids,Total,,10,mg/l,True,1.2,,,2540-E,ISULAKE,Actual,SW,Water,,,Lee,07080104,Lake,,40.712645,-91.435951
6,22560001,Poll Miller Park Lake,08/19/2018 10:46:00,AMBLAKE-ISU,7664-41-7,Ammonia (AS N),Dissolved,,0.001,mg/l,True,,,,350.1,ISULAKE,Calculated,SW,Water,,,Lee,07080104,Lake,,40.712645,-91.435951
6,22560001,Poll Miller Park Lake,08/19/2018 10:46:00,AMBLAKE-ISU,NIT-AMM,Ammonia-nitrogen (AS N),Dissolved,,0.012,mg/l,True,0.0060,,,350.1,ISULAKE,Actual,SW,Water,,,Lee,07080104,Lake,,40.712645,-91.435951
6,22560001,Poll Miller Park Lake,08/19/2018 10:46:00,AMBLAKE-ISU,NIT-KJELD,Kjeldahl nitrogen (AS N),Total,,0.26,mg/l,False,0.26,,,351.2,ISULAKE,Actual,SW,Water,,,Lee,07080104,Lake,,40.712645,-91.435951
6,22560001,Poll Miller Park Lake,08/19/2018 10:46:00,AMBLAKE-ISU,NIT-NO3-NO2,Inorganic nitrogen (nitrate and nitrite) (AS N),Dissolved,,0.04,mg/l,False,0.04,,,353.2,ISULAKE,Actual,SW,Water,,,Lee,07080104,Lake,,40.712645,-91.435951
6,22560001,Poll Miller Park Lake,08/19/2018 10:46:00,AMBLAKE-ISU,14265-44-2,Orthophosphate (AS P),Dissolved,,0.0058,mg/l,False,0.0058,,,365.1,ISULAKE,Actual,SW,Water,,,Lee,07080104,Lake,,40.712645,-91.435951
6,22560001,Poll Miller Park Lake,08/19/2018 10:46:00,AMBLAKE-ISU,PHOSP-PHOSP,Phosphate-phosphorus (AS P),Total,,0.0342,mg/l,True,0.016,,,365.1,ISULAKE,Actual,SW,Water,,,Lee,07080104,Lake,,40.712645,-91.435951
6,22560001,Poll Miller Park Lake,08/19/2018 10:46:00,AMBLAKE-ISU,479-61-8,Chlorophyll a,Filterable,,2,ug/l,True,0.40,,,445,ISULAKE,Actual,SW,Water,,,Lee,07080104,Lake,,40.712645,-91.435951
6,22560001,Poll Miller Park Lake,08/19/2018 10:46:00,AMBLAKE-ISU,68583-22-2,Escherichia coli,Total,,1,MPN/100ml,False,1,,,9223-B,ISULAKE,Actual,SW,Water,,,Lee,07080104,Lake,,40.712645,-91.435951
6,22560001,Poll Miller Park Lake,08/19/2018 10:46:00,AMBLAKE-ISU,77238-39-2,Microcystin,Total,,0.6,ug/l,False,0.6,,,ISU 546 OH,ISULAKE,Actual,SW,Water,,,Lee,07080104,Lake,,40.712645,-91.435951
6,22560001,Poll Miller Park Lake,08/19/2018 10:46:00,AMBLAKE-ISU,11016-15-2,Phycocyanin,Filterable,,33,ug/l,True,7.00,,,ISU PHYCOCYANIN 2017,ISULAKE,Actual,SW,Water,,,Lee,07080104,Lake,,40.712645,-91.435951
6,21560001,Pollmiller Park Beach,05/28/2019 13:30:00,BEACH,68583-22-2,Escherichia coli,Total,,31,MPN/100ml,True,10,,,9223-B,BEA002,Actual,SW,Water,,,Lee,07080104,Lake,,40.71262,-91.437202
6,21560001,Pollmiller Park Beach,06/04/2019 12:00:00,BEACHCCO,68583-22-2,Escherichia coli,Total,,10,MPN/100ml,False,10,,,9223-B,BEA002,Actual,SW,Water,,,Lee,07080104,Lake,,40.71262,-91.437202
6,21560001,Pollmiller Park Beach,06/10/2019 10:00:00,BEACHCCO,68583-22-2,Escherichia coli,Total,,31,MPN/100ml,True,10,,,9223-B,BEA002,Actual,SW,Water,,,Lee,07080104,Lake,,40.71262,-91.437202
6,21560001,Pollmiller Park Beach,06/18/2019 10:00:00,BEACHCCO,68583-22-2,Escherichia coli,Total,,10,MPN/100ml,True,10,,,9223-B,BEA002,Actual,SW,Water,,,Lee,07080104,Lake,,40.71262,-91.437202
6,21560001,Pollmiller Park Beach,06/24/2019 11:00:00,BEACHCCO,68583-22-2,Escherichia coli,Total,,30,MPN/100ml,True,10,,,9223-B,BEA002,Actual,SW,Water,,,Lee,07080104,Lake,,40.71262,-91.437202
6,21560001,Pollmiller Park Beach,07/01/2019 12:45:00,BEACHCCO,68583-22-2,Escherichia coli,Total,,20,MPN/100ml,True,10,,,9223-B,BEA002,Actual,SW,Water,,,Lee,07080104,Lake,,40.71262,-91.437202
6,21560001,Pollmiller Park Beach,07/09/2019 10:00:00,BEACHCCO,68583-22-2,Escherichia coli,Total,,10,MPN/100ml,False,10,,,9223-B,BEA002,Actual,SW,Water,,,Lee,07080104,Lake,,40.71262,-91.437202
6,21560001,Pollmiller Park Beach,07/15/2019 10:00:00,BEACHCCO,68583-22-2,Escherichia coli,Total,,20,MPN/100ml,True,10,,,9223-B,BEA002,Actual,SW,Water,,,Lee,07080104,Lake,,40.71262,-91.437202
6,21560001,Pollmiller Park Beach,07/22/2019 10:00:00,BEACHCCO,68583-22-2,Escherichia coli,Total,,10,MPN/100ml,False,10,,,9223-B,BEA002,Actual,SW,Water,,,Lee,07080104,Lake,,40.71262,-91.437202
6,21560001,Pollmiller Park Beach,07/29/2019 10:00:00,BEACHCCO,68583-22-2,Escherichia coli,Total,,10,MPN/100ml,False,10,,,9223-B,BEA002,Actual,SW,Water,,,Lee,07080104,Lake,,40.71262,-91.437202
6,22560001,Poll Miller Park Lake,06/03/2019 11:44:00,AMBLAKE-ISU,TURB,Turbidity,Total,,9.22,NTU,True,,,,ISU 2130-B,ISULAKE,Actual,MW,Water,,,Lee,07080104,Lake,,40.712645,-91.435951
6,22560001,Poll Miller Park Lake,06/03/2019 11:44:00,AMBLAKE-ISU,SPEC-COND,Specific conductance,Total,,230.38,uS/cm,True,,,,ISU 2510,ISULAKE,Actual,MW,Water,,,Lee,07080104,Lake,,40.712645,-91.435951
6,22560001,Poll Miller Park Lake,06/03/2019 11:44:00,AMBLAKE-ISU,TDS,Total dissolved solids,Total,,149.6,mg/l,True,,,,ISU 2510,ISULAKE,Actual,MW,Water,,,Lee,07080104,Lake,,40.712645,-91.435951
6,22560001,Poll Miller Park Lake,06/03/2019 11:44:00,AMBLAKE-ISU,TEMP-WATER,"Temperature, water",Total,,23,deg C,True,,,,ISU 2550,ISULAKE,Actual,MW,Water,,,Lee,07080104,Lake,,40.712645,-91.435951
6,22560001,Poll Miller Park Lake,06/03/2019 11:44:00,AMBLAKE-ISU,PH,pH,Total,,7.5,None,True,,,,ISU 4500-H,ISULAKE,Actual,MW,Water,,,Lee,07080104,Lake,,40.712645,-91.435951
6,22560001,Poll Miller Park Lake,06/03/2019 11:44:00,AMBLAKE-ISU,7782-44-7,Dissolved oxygen (DO),Total,,6.9,mg/l,True,,,,ISU 4500-O-G,ISULAKE,Actual,MW,Water,,,Lee,07080104,Lake,,40.712645,-91.435951
6,22560001,Poll Miller Park Lake,06/03/2019 11:44:00,AMBLAKE-ISU,DO-SAT,Dissolved oxygen saturation,Total,,80.9,%,True,,,,ISU 4500-O-G,ISULAKE,Actual,MW,Water,,,Lee,07080104,Lake,,40.712645,-91.435951
6,22560001,Poll Miller Park Lake,06/03/2019 11:44:00,AMBLAKE-ISU,DEPTH-BOTTOM,"Depth, bottom",Total,,8.01,m,True,,,,Unknown,ISULAKE,Actual,MW,Water,,,Lee,07080104,Lake,,40.712645,-91.435951
6,22560001,Poll Miller Park Lake,06/03/2019 11:44:00,AMBLAKE-ISU,DEPTH-SECCHI,"Depth, Secchi disk depth",Total,,1.3,m,True,,,,Unknown,ISULAKE,Actual,MW,Water,,,Lee,07080104,Lake,,40.712645,-91.435951
6,22560001,Poll Miller Park Lake,06/03/2019 11:44:00,AMBLAKE-ISU,DEPTH-THERMO,"Depth, thermocline",Total,,1.34,m,True,,,,Unknown,ISULAKE,Actual,MW,Water,,,Lee,07080104,Lake,,40.712645,-91.435951
6,22560001,Poll Miller Park Lake,06/03/2019 11:44:00,AMBLAKE-ISU,CAL-CARB,Calcium carbonate (AS CACO3),Total,,85.36,mg/l,True,4,,,2320-B,ISULAKE,Actual,SW,Water,,,Lee,07080104,Lake,,40.712645,-91.435951
6,22560001,Poll Miller Park Lake,06/03/2019 11:44:00,AMBLAKE-ISU,TSS,Total suspended solids,Total,,5,mg/l,True,1.2,,,2540-D,ISULAKE,Actual,SW,Water,,,Lee,07080104,Lake,,40.712645,-91.435951
6,22560001,Poll Miller Park Lake,06/03/2019 11:44:00,AMBLAKE-ISU,TFSS,Fixed suspended solids,Total,,5,mg/l,True,1.2,,,2540-E,ISULAKE,Actual,SW,Water,,,Lee,07080104,Lake,,40.712645,-91.435951
6,22560001,Poll Miller Park Lake,06/03/2019 11:44:00,AMBLAKE-ISU,7664-41-7,Ammonia (AS N),Dissolved,,0.001,mg/l,True,,,,350.1,ISULAKE,Calculated,SW,Water,,,Lee,07080104,Lake,,40.712645,-91.435951
6,22560001,Poll Miller Park Lake,06/03/2019 11:44:00,AMBLAKE-ISU,NIT-AMM,Ammonia-nitrogen (AS N),Dissolved,,0.09745,mg/l,True,0.0048,,,350.1,ISULAKE,Actual,SW,Water,,,Lee,07080104,Lake,,40.712645,-91.435951
6,22560001,Poll Miller Park Lake,06/03/2019 11:44:00,AMBLAKE-ISU,NIT-KJELD,Kjeldahl nitrogen (AS N),Total,,0.62,mg/l,True,0.2,,,351.2,ISULAKE,Actual,SW,Water,,,Lee,07080104,Lake,,40.712645,-91.435951
6,22560001,Poll Miller Park Lake,06/03/2019 11:44:00,AMBLAKE-ISU,NIT-NO3-NO2,Inorganic nitrogen (nitrate and nitrite) (AS N),Dissolved,,0.24935,mg/l,True,0.04,,,353.2,ISULAKE,Actual,SW,Water,,,Lee,07080104,Lake,,40.712645,-91.435951
6,22560001,Poll Miller Park Lake,06/03/2019 11:44:00,AMBLAKE-ISU,14265-44-2,Orthophosphate (AS P),Dissolved,,0.0332,mg/l,True,0.0108,,,365.1,ISULAKE,Actual,SW,Water,,,Lee,07080104,Lake,,40.712645,-91.435951
6,22560001,Poll Miller Park Lake,06/03/2019 11:44:00,AMBLAKE-ISU,PHOSP-PHOSP,Phosphate-phosphorus (AS P),Total,,0.0871,mg/l,True,0.02,,,365.1,ISULAKE,Actual,SW,Water,,,Lee,07080104,Lake,,40.712645,-91.435951
6,22560001,Poll Miller Park Lake,06/03/2019 11:44:00,AMBLAKE-ISU,479-61-8,Chlorophyll a,Filterable,,1.65,ug/l,True,1.20,,,445,ISULAKE,Actual,SW,Water,,,Lee,07080104,Lake,,40.712645,-91.435951
6,22560001,Poll Miller Park Lake,06/03/2019 11:44:00,AMBLAKE-ISU,68583-22-2,Escherichia coli,Total,,10,MPN/100ml,True,10,,,9223-B,ISULAKE,Actual,SW,Water,,,Lee,07080104,Lake,,40.712645,-91.435951
6,22560001,Poll Miller Park Lake,06/03/2019 11:44:00,AMBLAKE-ISU,77238-39-2,Microcystin,Total,,0.3,ug/l,False,0.3,,,ISU 546 OH,ISULAKE,Actual,SW,Water,,,Lee,07080104,Lake,,40.712645,-91.435951
6,22560001,Poll Miller Park Lake,06/03/2019 11:44:00,AMBLAKE-ISU,11016-15-2,Phycocyanin,Filterable,,6.99,ug/l,True,1.8,,,ISU PHYCOCYANIN 2017,ISULAKE,Actual,SW,Water,,,Lee,07080104,Lake,,40.712645,-91.435951
6,21560001,Pollmiller Park Beach,08/13/2019 13:00:00,BEACHCCO,68583-22-2,Escherichia coli,Total,,10,MPN/100ml,False,10,,,9223-B,BEA002,Actual,SW,Water,,,Lee,07080104,Lake,,40.71262,-91.437202
6,22560001,Poll Miller Park Lake,07/15/2019 11:10:00,AMBLAKE-ISU,TURB,Turbidity,Total,,4.43,NTU,True,,,,ISU 2130-B,ISULAKE,Actual,MW,Water,,,Lee,07080104,Lake,,40.712645,-91.435951
6,22560001,Poll Miller Park Lake,07/15/2019 11:10:00,AMBLAKE-ISU,SPEC-COND,Specific conductance,Total,,284.2,uS/cm,True,,,,ISU 2510,ISULAKE,Actual,MW,Water,,,Lee,07080104,Lake,,40.712645,-91.435951
6,22560001,Poll Miller Park Lake,07/15/2019 11:10:00,AMBLAKE-ISU,TDS,Total dissolved solids,Total,,184.71,mg/l,True,,,,ISU 2510,ISULAKE,Actual,MW,Water,,,Lee,07080104,Lake,,40.712645,-91.435951
6,22560001,Poll Miller Park Lake,07/15/2019 11:10:00,AMBLAKE-ISU,TEMP-WATER,"Temperature, water",Total,,24.08,deg C,True,,,,ISU 2550,ISULAKE,Actual,MW,Water,,,Lee,07080104,Lake,,40.712645,-91.435951
6,22560001,Poll Miller Park Lake,07/15/2019 11:10:00,AMBLAKE-ISU,PH,pH,Total,,7.67,None,True,,,,ISU 4500-H,ISULAKE,Actual,MW,Water,,,Lee,07080104,Lake,,40.712645,-91.435951
6,22560001,Poll Miller Park Lake,07/15/2019 11:10:00,AMBLAKE-ISU,7782-44-7,Dissolved oxygen (DO),Total,,3.93,mg/l,True,,,,ISU 4500-O-G,ISULAKE,Actual,MW,Water,,,Lee,07080104,Lake,,40.712645,-91.435951
6,22560001,Poll Miller Park Lake,07/15/2019 11:10:00,AMBLAKE-ISU,DO-SAT,Dissolved oxygen saturation,Total,,50.23,%,True,,,,ISU 4500-O-G,ISULAKE,Actual,MW,Water,,,Lee,07080104,Lake,,40.712645,-91.435951
6,22560001,Poll Miller Park Lake,07/15/2019 11:10:00,AMBLAKE-ISU,DEPTH-BOTTOM,"Depth, bottom",Total,,8,m,True,,,,Unknown,ISULAKE,Actual,MW,Water,,,Lee,07080104,Lake,,40.712645,-91.435951
6,22560001,Poll Miller Park Lake,07/15/2019 11:10:00,AMBLAKE-ISU,DEPTH-SECCHI,"Depth, Secchi disk depth",Total,,1.73,m,True,,,,Unknown,ISULAKE,Actual,MW,Water,,,Lee,07080104,Lake,,40.712645,-91.435951
6,22560001,Poll Miller Park Lake,07/15/2019 11:10:00,AMBLAKE-ISU,DEPTH-THERMO,"Depth, thermocline",Total,,2,m,True,,,,Unknown,ISULAKE,Actual,MW,Water,,,Lee,07080104,Lake,,40.712645,-91.435951
6,22560001,Poll Miller Park Lake,07/15/2019 11:10:00,AMBLAKE-ISU,CAL-CARB,Calcium carbonate (AS CACO3),Total,,89.12,mg/l,True,4,,,2320-B,ISULAKE,Actual,SW,Water,,,Lee,07080104,Lake,,40.712645,-91.435951
6,22560001,Poll Miller Park Lake,07/15/2019 11:10:00,AMBLAKE-ISU,TSS,Total suspended solids,Total,,1.2,mg/l,False,1.2,,,2540-D,ISULAKE,Actual,SW,Water,,,Lee,07080104,Lake,,40.712645,-91.435951
6,22560001,Poll Miller Park Lake,07/15/2019 11:10:00,AMBLAKE-ISU,TFSS,Fixed suspended solids,Total,,1.2,mg/l,False,1.2,,,2540-E,ISULAKE,Actual,SW,Water,,,Lee,07080104,Lake,,40.712645,-91.435951
6,22560001,Poll Miller Park Lake,07/15/2019 11:10:00,AMBLAKE-ISU,7664-41-7,Ammonia (AS N),Dissolved,,0.002,mg/l,True,,,,350.1,ISULAKE,Calculated,SW,Water,,,Lee,07080104,Lake,,40.712645,-91.435951
6,22560001,Poll Miller Park Lake,07/15/2019 11:10:00,AMBLAKE-ISU,NIT-AMM,Ammonia-nitrogen (AS N),Dissolved,,0.0829,mg/l,True,0.0048,,,350.1,ISULAKE,Actual,SW,Water,,,Lee,07080104,Lake,,40.712645,-91.435951
6,22560001,Poll Miller Park Lake,07/15/2019 11:10:00,AMBLAKE-ISU,NIT-KJELD,Kjeldahl nitrogen (AS N),Total,,0.47885,mg/l,True,0.2,,,351.2,ISULAKE,Actual,SW,Water,,,Lee,07080104,Lake,,40.712645,-91.435951
6,22560001,Poll Miller Park Lake,07/15/2019 11:10:00,AMBLAKE-ISU,NIT-NO3-NO2,Inorganic nitrogen (nitrate and nitrite) (AS N),Dissolved,,0.04,mg/l,False,0.04,,,353.2,ISULAKE,Actual,SW,Water,,,Lee,07080104,Lake,,40.712645,-91.435951
6,22560001,Poll Miller Park Lake,07/15/2019 11:10:00,AMBLAKE-ISU,14265-44-2,Orthophosphate (AS P),Dissolved,,0.0108,mg/l,False,0.0108,,,365.1,ISULAKE,Actual,SW,Water,,,Lee,07080104,Lake,,40.712645,-91.435951
6,22560001,Poll Miller Park Lake,07/15/2019 11:10:00,AMBLAKE-ISU,PHOSP-PHOSP,Phosphate-phosphorus (AS P),Total,,0.0267,mg/l,True,0.02,,,365.1,ISULAKE,Actual,SW,Water,,,Lee,07080104,Lake,,40.712645,-91.435951
6,22560001,Poll Miller Park Lake,07/15/2019 11:10:00,AMBLAKE-ISU,479-61-8,Chlorophyll a,Filterable,,1.2,ug/l,False,1.20,,,445,ISULAKE,Actual,SW,Water,,,Lee,07080104,Lake,,40.712645,-91.435951
6,22560001,Poll Miller Park Lake,07/15/2019 11:10:00,AMBLAKE-ISU,68583-22-2,Escherichia coli,Total,,20,MPN/100ml,True,10,,,9223-B,ISULAKE,Actual,SW,Water,,,Lee,07080104,Lake,,40.712645,-91.435951
6,22560001,Poll Miller Park Lake,07/15/2019 11:10:00,AMBLAKE-ISU,77238-39-2,Microcystin,Total,,0.3,ug/l,False,0.3,,,ISU 546 OH,ISULAKE,Actual,SW,Water,,,Lee,07080104,Lake,,40.712645,-91.435951
6,22560001,Poll Miller Park Lake,07/15/2019 11:10:00,AMBLAKE-ISU,11016-15-2,Phycocyanin,Filterable,,1.8,ug/l,False,1.8,,,ISU PHYCOCYANIN 2017,ISULAKE,Actual,SW,Water,,,Lee,07080104,Lake,,40.712645,-91.435951
6,22560001,Poll Miller Park Lake,08/26/2019 10:40:00,AMBLAKE-ISU,TURB,Turbidity,Total,,8.22,NTU,True,,,,ISU 2130-B,ISULAKE,Actual,MW,Water,,,Lee,07080104,Lake,,40.712645,-91.435951
6,22560001,Poll Miller Park Lake,08/26/2019 10:40:00,AMBLAKE-ISU,SPEC-COND,Specific conductance,Total,,312.76,uS/cm,True,,,,ISU 2510,ISULAKE,Actual,MW,Water,,,Lee,07080104,Lake,,40.712645,-91.435951
6,22560001,Poll Miller Park Lake,08/26/2019 10:40:00,AMBLAKE-ISU,TDS,Total dissolved solids,Total,,203.33,mg/l,True,,,,ISU 2510,ISULAKE,Actual,MW,Water,,,Lee,07080104,Lake,,40.712645,-91.435951
6,22560001,Poll Miller Park Lake,08/26/2019 10:40:00,AMBLAKE-ISU,TEMP-WATER,"Temperature, water",Total,,20.23,deg C,True,,,,ISU 2550,ISULAKE,Actual,MW,Water,,,Lee,07080104,Lake,,40.712645,-91.435951
6,22560001,Poll Miller Park Lake,08/26/2019 10:40:00,AMBLAKE-ISU,PH,pH,Total,,7.81,None,True,,,,ISU 4500-H,ISULAKE,Actual,MW,Water,,,Lee,07080104,Lake,,40.712645,-91.435951
6,22560001,Poll Miller Park Lake,08/26/2019 10:40:00,AMBLAKE-ISU,7782-44-7,Dissolved oxygen (DO),Total,,5.02,mg/l,True,,,,ISU 4500-O-G,ISULAKE,Actual,MW,Water,,,Lee,07080104,Lake,,40.712645,-91.435951
6,22560001,Poll Miller Park Lake,08/26/2019 10:40:00,AMBLAKE-ISU,DO-SAT,Dissolved oxygen saturation,Total,,58.82,%,True,,,,ISU 4500-O-G,ISULAKE,Actual,MW,Water,,,Lee,07080104,Lake,,40.712645,-91.435951
6,22560001,Poll Miller Park Lake,08/26/2019 10:40:00,AMBLAKE-ISU,DEPTH-BOTTOM,"Depth, bottom",Total,,7.4,m,True,,,,Unknown,ISULAKE,Actual,MW,Water,,,Lee,07080104,Lake,,40.712645,-91.435951
6,22560001,Poll Miller Park Lake,08/26/2019 10:40:00,AMBLAKE-ISU,DEPTH-SECCHI,"Depth, Secchi disk depth",Total,,1,m,True,,,,Unknown,ISULAKE,Actual,MW,Water,,,Lee,07080104,Lake,,40.712645,-91.435951
6,22560001,Poll Miller Park Lake,08/26/2019 10:40:00,AMBLAKE-ISU,DEPTH-THERMO,"Depth, thermocline",Total,,3.7,m,True,,,,Unknown,ISULAKE,Actual,MW,Water,,,Lee,07080104,Lake,,40.712645,-91.435951
6,22560001,Poll Miller Park Lake,08/26/2019 10:40:00,AMBLAKE-ISU,CAL-CARB,Calcium carbonate (AS CACO3),Total,,98.64,mg/l,True,4,,,2320-B,ISULAKE,Actual,SW,Water,,,Lee,07080104,Lake,,40.712645,-91.435951
6,22560001,Poll Miller Park Lake,08/26/2019 10:40:00,AMBLAKE-ISU,TSS,Total suspended solids,Total,,32,mg/l,True,1.2,,,2540-D,ISULAKE,Actual,SW,Water,,,Lee,07080104,Lake,,40.712645,-91.435951
6,22560001,Poll Miller Park Lake,08/26/2019 10:40:00,AMBLAKE-ISU,TFSS,Fixed suspended solids,Total,,1.2,mg/l,False,1.2,,,2540-E,ISULAKE,Actual,SW,Water,,,Lee,07080104,Lake,,40.712645,-91.435951
6,22560001,Poll Miller Park Lake,08/26/2019 10:40:00,AMBLAKE-ISU,7664-41-7,Ammonia (AS N),Dissolved,,0.0001,,False,0.0001,,,350.1,ISULAKE,Calculated,SW,Water,,,Lee,07080104,Lake,,40.712645,-91.435951
6,22560001,Poll Miller Park Lake,08/26/2019 10:40:00,AMBLAKE-ISU,NIT-AMM,Ammonia-nitrogen (AS N),Dissolved,,0.0207,mg/l,True,0.0048,,,350.1,ISULAKE,Actual,SW,Water,,,Lee,07080104,Lake,,40.712645,-91.435951
6,22560001,Poll Miller Park Lake,08/26/2019 10:40:00,AMBLAKE-ISU,NIT-KJELD,Kjeldahl nitrogen (AS N),Total,,0.2,mg/l,False,0.2,,,351.2,ISULAKE,Actual,SW,Water,,,Lee,07080104,Lake,,40.712645,-91.435951
6,22560001,Poll Miller Park Lake,08/26/2019 10:40:00,AMBLAKE-ISU,NIT-NO3-NO2,Inorganic nitrogen (nitrate and nitrite) (AS N),Dissolved,,0.04,mg/l,False,0.04,,,353.2,ISULAKE,Actual,SW,Water,,,Lee,07080104,Lake,,40.712645,-91.435951
6,22560001,Poll Miller Park Lake,08/26/2019 10:40:00,AMBLAKE-ISU,14265-44-2,Orthophosphate (AS P),Dissolved,,0.0108,mg/l,False,0.0108,,,365.1,ISULAKE,Actual,SW,Water,,,Lee,07080104,Lake,,40.712645,-91.435951
6,22560001,Poll Miller Park Lake,08/26/2019 10:40:00,AMBLAKE-ISU,PHOSP-PHOSP,Phosphate-phosphorus (AS P),Total,,0.0269,mg/l,True,0.02,,,365.1,ISULAKE,Actual,SW,Water,,,Lee,07080104,Lake,,40.712645,-91.435951
6,22560001,Poll Miller Park Lake,08/26/2019 10:40:00,AMBLAKE-ISU,479-61-8,Chlorophyll a,Filterable,,1.61,ug/l,True,1.20,,,445,ISULAKE,Actual,SW,Water,,,Lee,07080104,Lake,,40.712645,-91.435951
6,22560001,Poll Miller Park Lake,08/26/2019 10:40:00,AMBLAKE-ISU,68583-22-2,Escherichia coli,Total,,41.5,MPN/100ml,True,10,,,9223-B,ISULAKE,Actual,SW,Water,,,Lee,07080104,Lake,,40.712645,-91.435951
6,22560001,Poll Miller Park Lake,08/26/2019 10:40:00,AMBLAKE-ISU,77238-39-2,Microcystin,Total,,0.3,ug/l,False,0.3,,,ISU 546 OH,ISULAKE,Actual,SW,Water,,,Lee,07080104,Lake,,40.712645,-91.435951
6,22560001,Poll Miller Park Lake,08/26/2019 10:40:00,AMBLAKE-ISU,11016-15-2,Phycocyanin,Filterable,,53.25,ug/l,True,1.8,,,ISU PHYCOCYANIN 2017,ISULAKE,Actual,SW,Water,,,Lee,07080104,Lake,,40.712645,-91.435951
6,14000222,UNT Mud Creek,08/20/2017 09:45:00,AMBBIO,TURB,Turbidity,None,,9.1,NTU,True,,,,2130-B,,Actual,SW,Water,,Collection time of sample to receipt in laboratory was outside the acceptable limits.,Lee,07080104,River/Stream,,40.67844,-91.28536
6,14000222,UNT Mud Creek,08/20/2017 09:45:00,AMBBIO,TEMP-WATER,"Temperature, water",Total,,20.1,deg C,True,,,,2550,,Actual,SW,Water,,,Lee,07080104,River/Stream,,40.67844,-91.28536
6,14000222,UNT Mud Creek,08/20/2017 09:45:00,AMBBIO,PH,pH,Total,,7.7,None,True,,,,4500-H,,Actual,SW,Water,,,Lee,07080104,River/Stream,,40.67844,-91.28536
6,14000222,UNT Mud Creek,08/20/2017 09:45:00,AMBBIO,7782-44-7,Dissolved oxygen (DO),Total,,1.7,mg/l,True,,,,D888(C),,Actual,SW,Water,,,Lee,07080104,River/Stream,,40.67844,-91.28536
6,14000222,UNT Mud Creek,08/20/2017 09:45:00,AMBBIO,FLOW,Flow,Total,,0,cfs,False,,Present Below Quantification Limit,1,USGS CA8,,Actual,SW,Water,,,Lee,07080104,River/Stream,,40.67844,-91.28536
6,14000222,UNT Mud Creek,08/20/2017 09:45:00,AMBBIO,TVSS,Volatile Suspended Solids,NonFilt,,8,mg/l,True,1,,,160.4,UHL001,Actual,SW,Water,,,Lee,07080104,River/Stream,,40.67844,-91.28536
6,14000222,UNT Mud Creek,08/20/2017 09:45:00,AMBBIO,HARD-CARB,"Hardness, carbonate",Total,,340,mg/l,True,1,,,2340C,UHL001,Actual,SW,Water,,,Lee,07080104,River/Stream,,40.67844,-91.28536
6,14000222,UNT Mud Creek,08/20/2017 09:45:00,AMBBIO,TDS,Total dissolved solids,Dissolved,,420,mg/l,True,1,,,2540-C,UHL001,Actual,SW,Water,,,Lee,07080104,River/Stream,,40.67844,-91.28536
6,14000222,UNT Mud Creek,08/20/2017 09:45:00,AMBBIO,14808-79-8,Sulfate (AS SO4),Total,,72,mg/l,True,10,,,300.0,UHL001,Actual,SW,Water,,,Lee,07080104,River/Stream,,40.67844,-91.28536
6,14000222,UNT Mud Creek,08/20/2017 09:45:00,AMBBIO,16887-00-6,Chloride,Total,,20,mg/l,True,5,,,300.0,UHL001,Actual,SW,Water,,,Lee,07080104,River/Stream,,40.67844,-91.28536
6,14000222,UNT Mud Creek,08/20/2017 09:45:00,AMBBIO,CLR-A-FREE,"Chlorophyll a, free of pheophytin",NonFilt,,7,ug/l,True,1,,,445,UHL001,Actual,SW,Water,,,Lee,07080104,River/Stream,,40.67844,-91.28536
6,14000222,UNT Mud Creek,08/20/2017 09:45:00,AMBBIO,CBOD-SC,"Carbonaceous biochemical oxygen demand, standard conditions",Total,,2,mg/l,False,2,,,5210-B,UHL001,Actual,SW,Water,,BOD sample received and analyzed after EPA recommended holding time. BOD result may NOT reflect the BOD value if it had been analyzed within holding time. Data should be qualified as an estimate if reporting to IDNR for permit purposes.,Lee,07080104,River/Stream,,40.67844,-91.28536
6,14000222,UNT Mud Creek,08/20/2017 09:45:00,AMBBIO,TSS,Total suspended solids,NonFilt,,14,mg/l,True,1,,,I3765,UHL001,Actual,SW,Water,,,Lee,07080104,River/Stream,,40.67844,-91.28536
6,14000222,UNT Mud Creek,08/20/2017 09:45:00,AMBBIO,NIT-NO3-NO2,Inorganic nitrogen (nitrate and nitrite) (AS N),Total,,0.1,mg/l,False,0.1,,,LAC10-107-04-1J,UHL001,Actual,SW,Water,,,Lee,07080104,River/Stream,,40.67844,-91.28536
6,14000222,UNT Mud Creek,08/20/2017 09:45:00,AMBBIO,NIT-AMM,Ammonia-nitrogen (AS N),Total,,0.12,mg/l,True,0.05,,,LAC10-107-06-1J,UHL001,Actual,SW,Water,,,Lee,07080104,River/Stream,,40.67844,-91.28536
6,14000222,UNT Mud Creek,08/20/2017 09:45:00,AMBBIO,NIT-KJELD,Kjeldahl nitrogen (AS N),Total,,0.8,mg/l,True,0.1,,,LAC10-107-06-2E,UHL001,Actual,SW,Water,,,Lee,07080104,River/Stream,,40.67844,-91.28536
6,14000222,UNT Mud Creek,08/20/2017 09:45:00,AMBBIO,14265-44-2,Orthophosphate (AS P),Dissolved,,0.04,mg/l,True,0.02,,,LAC10-115-01-1A,UHL001,Actual,SW,Water,,Collection time of sample to receipt in laboratory was outside the acceptable limits.,Lee,07080104,River/Stream,,40.67844,-91.28536
6,14000222,UNT Mud Creek,08/20/2017 09:45:00,AMBBIO,PHOSP-PHOSP,Phosphate-phosphorus (AS P),Total,,0.14,mg/l,True,0.1,,,LAC10-115-01-1C,UHL001,Actual,SW,Water,,,Lee,07080104,River/Stream,,40.67844,-91.28536
6,12560001,Lick Creek-Shimek State Forest - Farmington,07/17/2018 08:30:00,AMBBIO,TURB,Turbidity,None,,12,NTU,True,,,,2130-B,,Actual,SW,Water,,,Lee,07100009,River/Stream,,40.60723655,-91.68276295
6,12560001,Lick Creek-Shimek State Forest - Farmington,07/17/2018 08:30:00,AMBBIO,TEMP-WATER,"Temperature, water",Total,,23.6,deg C,True,,,,2550,,Actual,SW,Water,,,Lee,07100009,River/Stream,,40.60723655,-91.68276295
6,12560001,Lick Creek-Shimek State Forest - Farmington,07/17/2018 08:30:00,AMBBIO,PH,pH,Total,,7.9,None,True,,,,4500-H,,Actual,SW,Water,,,Lee,07100009,River/Stream,,40.60723655,-91.68276295
6,12560001,Lick Creek-Shimek State Forest - Farmington,07/17/2018 08:30:00,AMBBIO,7782-44-7,Dissolved oxygen (DO),Total,,4.2,mg/l,True,,,,D888(C),,Actual,SW,Water,,,Lee,07100009,River/Stream,,40.60723655,-91.68276295
6,12560001,Lick Creek-Shimek State Forest - Farmington,07/17/2018 08:30:00,AMBBIO,FLOW,Flow,Total,,0,cfs,False,,Present Below Quantification Limit,1,USGS CA8,,Actual,SW,Water,,,Lee,07100009,River/Stream,,40.60723655,-91.68276295
6,12560001,Lick Creek-Shimek State Forest - Farmington,07/17/2018 08:30:00,AMBBIO,TVSS,Volatile Suspended Solids,NonFilt,,8,mg/l,True,1,,,160.4,UHL001,Actual,SW,Water,,,Lee,07100009,River/Stream,,40.60723655,-91.68276295
6,12560001,Lick Creek-Shimek State Forest - Farmington,07/17/2018 08:30:00,AMBBIO,HARD-CARB,"Hardness, carbonate",Total,,230,mg/l,True,1,,,2340C,UHL001,Actual,SW,Water,,,Lee,07100009,River/Stream,,40.60723655,-91.68276295
6,12560001,Lick Creek-Shimek State Forest - Farmington,07/17/2018 08:30:00,AMBBIO,TDS,Total dissolved solids,Dissolved,,290,mg/l,True,1,,,2540-C,UHL001,Actual,SW,Water,,,Lee,07100009,River/Stream,,40.60723655,-91.68276295
6,12560001,Lick Creek-Shimek State Forest - Farmington,07/17/2018 08:30:00,AMBBIO,14808-79-8,Sulfate (AS SO4),Total,,26,mg/l,True,4,,,300.0,UHL001,Actual,SW,Water,,,Lee,07100009,River/Stream,,40.60723655,-91.68276295
6,12560001,Lick Creek-Shimek State Forest - Farmington,07/17/2018 08:30:00,AMBBIO,16887-00-6,Chloride,Total,,9.8,mg/l,True,2,,,300.0,UHL001,Actual,SW,Water,,,Lee,07100009,River/Stream,,40.60723655,-91.68276295
6,12560001,Lick Creek-Shimek State Forest - Farmington,07/17/2018 08:30:00,AMBBIO,CLR-A-FREE,"Chlorophyll a, free of pheophytin",NonFilt,,23,ug/l,True,1,,,445,UHL001,Actual,SW,Water,,,Lee,07100009,River/Stream,,40.60723655,-91.68276295
6,12560001,Lick Creek-Shimek State Forest - Farmington,07/17/2018 08:30:00,AMBBIO,CBOD-SC,"Carbonaceous biochemical oxygen demand, standard conditions",Total,,2,mg/l,False,2,,,5210-B,UHL001,Actual,SW,Water,,,Lee,07100009,River/Stream,,40.60723655,-91.68276295
6,12560001,Lick Creek-Shimek State Forest - Farmington,07/17/2018 08:30:00,AMBBIO,TSS,Total suspended solids,NonFilt,,18,mg/l,True,1,,,I3765,UHL001,Actual,SW,Water,,,Lee,07100009,River/Stream,,40.60723655,-91.68276295
6,12560001,Lick Creek-Shimek State Forest - Farmington,07/17/2018 08:30:00,AMBBIO,NIT-NO3-NO2,Inorganic nitrogen (nitrate and nitrite) (AS N),Total,,0.1,mg/l,False,0.1,,,LAC10-107-04-1J,UHL001,Actual,SW,Water,,,Lee,07100009,River/Stream,,40.60723655,-91.68276295
6,12560001,Lick Creek-Shimek State Forest - Farmington,07/17/2018 08:30:00,AMBBIO,NIT-AMM,Ammonia-nitrogen (AS N),Total,,0.05,mg/l,False,0.05,,,LAC10-107-06-1J,UHL001,Actual,SW,Water,,,Lee,07100009,River/Stream,,40.60723655,-91.68276295
6,12560001,Lick Creek-Shimek State Forest - Farmington,07/17/2018 08:30:00,AMBBIO,NIT-KJELD,Kjeldahl nitrogen (AS N),Total,,1,mg/l,True,0.1,,,LAC10-107-06-2E,UHL001,Actual,SW,Water,,,Lee,07100009,River/Stream,,40.60723655,-91.68276295
6,12560001,Lick Creek-Shimek State Forest - Farmington,07/17/2018 08:30:00,AMBBIO,14265-44-2,Orthophosphate (AS P),Dissolved,,0.02,mg/l,False,0.02,,,LAC10-115-01-1A,UHL001,Actual,SW,Water,,,Lee,07100009,River/Stream,,40.60723655,-91.68276295
6,12560001,Lick Creek-Shimek State Forest - Farmington,07/17/2018 08:30:00,AMBBIO,PHOSP-PHOSP,Phosphate-phosphorus (AS P),Total,,0.13,mg/l,True,0.1,,,LAC10-115-01-1C,UHL001,Actual,SW,Water,,,Lee,07100009,River/Stream,,40.60723655,-91.68276295
6,14000267,Little Cedar Creek,08/14/2018 07:45:00,AMBBIO,TURB,Turbidity,None,,17,NTU,True,,,,2130-B,,Actual,SW,Water,,,Lee,07080107,River/Stream,,40.79099,-91.69511
6,14000267,Little Cedar Creek,08/14/2018 07:45:00,AMBBIO,TEMP-WATER,"Temperature, water",Total,,21.2,deg C,True,,,,2550,,Actual,SW,Water,,,Lee,07080107,River/Stream,,40.79099,-91.69511
6,14000267,Little Cedar Creek,08/14/2018 07:45:00,AMBBIO,PH,pH,Total,,7.9,None,True,,,,4500-H,,Actual,SW,Water,,,Lee,07080107,River/Stream,,40.79099,-91.69511
6,14000267,Little Cedar Creek,08/14/2018 07:45:00,AMBBIO,7782-44-7,Dissolved oxygen (DO),Total,,1.4,mg/l,True,,,,D888(C),,Actual,SW,Water,,,Lee,07080107,River/Stream,,40.79099,-91.69511
6,14000267,Little Cedar Creek,08/14/2018 07:45:00,AMBBIO,FLOW,Flow,Total,,0,cfs,False,,Present Below Quantification Limit,1,USGS CA8,,Actual,SW,Water,,,Lee,07080107,River/Stream,,40.79099,-91.69511
6,14000267,Little Cedar Creek,08/14/2018 07:45:00,AMBBIO,TVSS,Volatile Suspended Solids,NonFilt,,19,mg/l,True,1,,,160.4,UHL001,Actual,SW,Water,,,Lee,07080107,River/Stream,,40.79099,-91.69511
6,14000267,Little Cedar Creek,08/14/2018 07:45:00,AMBBIO,HARD-CARB,"Hardness, carbonate",Total,,200,mg/l,True,1,,,2340C,UHL001,Actual,SW,Water,,,Lee,07080107,River/Stream,,40.79099,-91.69511
6,14000267,Little Cedar Creek,08/14/2018 07:45:00,AMBBIO,TDS,Total dissolved solids,Dissolved,,300,mg/l,True,1,,,2540-C,UHL001,Actual,SW,Water,,,Lee,07080107,River/Stream,,40.79099,-91.69511
6,14000267,Little Cedar Creek,08/14/2018 07:45:00,AMBBIO,14808-79-8,Sulfate (AS SO4),Total,,16,mg/l,True,4,,,300.0,UHL001,Actual,SW,Water,,,Lee,07080107,River/Stream,,40.79099,-91.69511
6,14000267,Little Cedar Creek,08/14/2018 07:45:00,AMBBIO,16887-00-6,Chloride,Total,,20,mg/l,True,4,,,300.0,UHL001,Actual,SW,Water,,,Lee,07080107,River/Stream,,40.79099,-91.69511
6,14000267,Little Cedar Creek,08/14/2018 07:45:00,AMBBIO,CLR-A-FREE,"Chlorophyll a, free of pheophytin",NonFilt,,410,ug/l,True,1,,,445,UHL001,Actual,SW,Water,,,Lee,07080107,River/Stream,,40.79099,-91.69511
6,14000267,Little Cedar Creek,08/14/2018 07:45:00,AMBBIO,CBOD-SC,"Carbonaceous biochemical oxygen demand, standard conditions",Total,,12,mg/l,True,2,,,5210-B,UHL001,Actual,SW,Water,,The reported result is an estimate as it does not meet Standard Methods criteria for sample DO depletion. Result must be qualified as an estimate if reported to IDNR.,Lee,07080107,River/Stream,,40.79099,-91.69511
6,14000267,Little Cedar Creek,08/14/2018 07:45:00,AMBBIO,TSS,Total suspended solids,NonFilt,,29,mg/l,True,1,,,I3765,UHL001,Actual,SW,Water,,,Lee,07080107,River/Stream,,40.79099,-91.69511
6,14000267,Little Cedar Creek,08/14/2018 07:45:00,AMBBIO,NIT-NO3-NO2,Inorganic nitrogen (nitrate and nitrite) (AS N),Total,,0.1,mg/l,False,0.1,,,LAC10-107-04-1J,UHL001,Actual,SW,Water,,,Lee,07080107,River/Stream,,40.79099,-91.69511
6,14000267,Little Cedar Creek,08/14/2018 07:45:00,AMBBIO,NIT-AMM,Ammonia-nitrogen (AS N),Total,,0.07,mg/l,True,0.05,,,LAC10-107-06-1J,UHL001,Actual,SW,Water,,,Lee,07080107,River/Stream,,40.79099,-91.69511
6,14000267,Little Cedar Creek,08/14/2018 07:45:00,AMBBIO,NIT-KJELD,Kjeldahl nitrogen (AS N),Total,,3,mg/l,True,0.1,,,LAC10-107-06-2E,UHL001,Actual,SW,Water,,,Lee,07080107,River/Stream,,40.79099,-91.69511
6,14000267,Little Cedar Creek,08/14/2018 07:45:00,AMBBIO,14265-44-2,Orthophosphate (AS P),Dissolved,,0.21,mg/l,True,0.02,,,LAC10-115-01-1A,UHL001,Actual,SW,Water,,,Lee,07080107,River/Stream,,40.79099,-91.69511
6,14000267,Little Cedar Creek,08/14/2018 07:45:00,AMBBIO,PHOSP-PHOSP,Phosphate-phosphorus (AS P),Total,,0.58,mg/l,True,0.1,,,LAC10-115-01-1C,UHL001,Actual,SW,Water,,,Lee,07080107,River/Stream,,40.79099,-91.69511
6,14000222,UNT Mud Creek,08/20/2017 09:50:00,AMBBIO,CLR-A-FREE,"Chlorophyll a, free of pheophytin",Total,,2.3,ug/cm2,True,0.1,,,445,AMBBIO-COARSEPERI,Actual,BOTM,Water,,,Lee,07080104,River/Stream,,40.67844,-91.28536
6,14000222,UNT Mud Creek,08/20/2017 09:55:00,AMBBIO,CLR-A-FREE,"Chlorophyll a, free of pheophytin",Total,,17,ug/cm2,True,0.1,,,445,AMBBIO-FINEPERI,Actual,BOTM,Water,,,Lee,07080104,River/Stream,,40.67844,-91.28536
6,12560001,Lick Creek-Shimek State Forest - Farmington,07/17/2018 08:40:00,AMBBIO,CLR-A-FREE,"Chlorophyll a, free of pheophytin",Total,,3.6,ug/cm2,True,0.1,,,445,AMBBIO-FINEPERI,Actual,BOTM,Water,,,Lee,07100009,River/Stream,,40.60723655,-91.68276295
6,12560001,Lick Creek-Shimek State Forest - Farmington,07/17/2018 08:35:00,AMBBIO,CLR-A-FREE,"Chlorophyll a, free of pheophytin",Total,,3.4,ug/cm2,True,0.1,,,445,AMBBIO-COARSEPERI,Actual,BOTM,Water,,Sample exceeded required temperature upon receipt.,Lee,07100009,River/Stream,,40.60723655,-91.68276295
6,14000267,Little Cedar Creek,08/14/2018 07:50:00,AMBBIO,CLR-A-FREE,"Chlorophyll a, free of pheophytin",Total,,2.9,ug/cm2,True,0.1,,,445,AMBBIO-COARSEPERI,Actual,BOTM,Water,,,Lee,07080107,River/Stream,,40.79099,-91.69511
6,14000267,Little Cedar Creek,08/14/2018 07:55:00,AMBBIO,CLR-A-FREE,"Chlorophyll a, free of pheophytin",Total,,1.6,ug/cm2,True,0.1,,,445,AMBBIO-FINEPERI,Actual,BOTM,Water,,,Lee,07080107,River/Stream,,40.79099,-91.69511
6,10560002,Skunk River near Augusta,04/01/2020 09:30:00,AMBIENT,14265-44-2,Orthophosphate (AS P),Dissolved,,0.11,mg/l,True,0.02,,,LAC10-115-01-1A,UHL001,Actual,SW,Water,,,Lee,07080107,River/Stream,,40.75340048,-91.2755898
6,10560002,Skunk River near Augusta,05/04/2020 08:30:00,AMBIENT,TURB,Turbidity,None,,27,NTU,True,,,,2130-B,,Actual,SW,Water,,,Lee,07080107,River/Stream,,40.75340048,-91.2755898
6,10560002,Skunk River near Augusta,05/04/2020 08:30:00,AMBIENT,TEMP-WATER,"Temperature, water",Total,,17.1,deg C,True,,,,2550,,Actual,SW,Water,,,Lee,07080107,River/Stream,,40.75340048,-91.2755898
6,10560002,Skunk River near Augusta,05/04/2020 08:30:00,AMBIENT,PH,pH,Total,,8.3,None,True,,,,4500-H,,Actual,SW,Water,,,Lee,07080107,River/Stream,,40.75340048,-91.2755898
6,10560002,Skunk River near Augusta,05/04/2020 08:30:00,AMBIENT,7782-44-7,Dissolved oxygen (DO),Total,,10.7,mg/l,True,,,,D888(C),,Actual,SW,Water,,,Lee,07080107,River/Stream,,40.75340048,-91.2755898
6,10560002,Skunk River near Augusta,05/04/2020 08:30:00,AMBIENT,TVSS,Volatile Suspended Solids,NonFilt,,11,mg/l,True,1,,,160.4,UHL001,Actual,SW,Water,,,Lee,07080107,River/Stream,,40.75340048,-91.2755898
6,10560002,Skunk River near Augusta,05/04/2020 08:30:00,AMBIENT,7439-95-4,Magnesium,Total,,26,mg/l,True,0.5,,,200.7(W),UHL001,Actual,SW,Water,,,Lee,07080107,River/Stream,,40.75340048,-91.2755898
6,10560002,Skunk River near Augusta,05/04/2020 08:30:00,AMBIENT,7440-09-7,Potassium,Total,,1.8,mg/l,True,1,,,200.7(W),UHL001,Actual,SW,Water,,,Lee,07080107,River/Stream,,40.75340048,-91.2755898
6,10560002,Skunk River near Augusta,05/04/2020 08:30:00,AMBIENT,7440-23-5,Sodium,Total,,12,mg/l,True,0.5,,,200.7(W),UHL001,Actual,SW,Water,,,Lee,07080107,River/Stream,,40.75340048,-91.2755898
6,10560002,Skunk River near Augusta,05/04/2020 08:30:00,AMBIENT,7440-70-2,Calcium,Total,,71,mg/l,True,1,,,200.7(W),UHL001,Actual,SW,Water,,,Lee,07080107,River/Stream,,40.75340048,-91.2755898
6,10560002,Skunk River near Augusta,05/04/2020 08:30:00,AMBIENT,7429-90-5,Aluminum,Total,,0.54,mg/l,True,0.05,,,200.8(W),UHL001,Actual,SW,Water,,,Lee,07080107,River/Stream,,40.75340048,-91.2755898
6,10560002,Skunk River near Augusta,05/04/2020 08:30:00,AMBIENT,ALK-TOT,"Alkalinity, total",Total,,210,mg/l,True,1,,,2320-B,UHL001,Actual,SW,Water,,,Lee,07080107,River/Stream,,40.75340048,-91.2755898
6,10560002,Skunk River near Augusta,05/04/2020 08:30:00,AMBIENT,HARD-CARB,"Hardness, carbonate",Total,,290,mg/l,True,1,,,2340C,UHL001,Actual,SW,Water,,,Lee,07080107,River/Stream,,40.75340048,-91.2755898
6,10560002,Skunk River near Augusta,05/04/2020 08:30:00,AMBIENT,TDS,Total dissolved solids,Dissolved,,330,mg/l,True,1,,,2540-C,UHL001,Actual,SW,Water,,,Lee,07080107,River/Stream,,40.75340048,-91.2755898
6,10560002,Skunk River near Augusta,05/04/2020 08:30:00,AMBIENT,14808-79-8,Sulfate (AS SO4),Total,,32,mg/l,True,0.2,,,300.0,UHL001,Actual,SW,Water,,,Lee,07080107,River/Stream,,40.75340048,-91.2755898
6,10560002,Skunk River near Augusta,05/04/2020 08:30:00,AMBIENT,16887-00-6,Chloride,Total,,21,mg/l,True,0.1,,,300.0,UHL001,Actual,SW,Water,,,Lee,07080107,River/Stream,,40.75340048,-91.2755898
6,10560002,Skunk River near Augusta,05/04/2020 08:30:00,AMBIENT,CLR-A-FREE,"Chlorophyll a, free of pheophytin",NonFilt,,110,ug/l,True,1,,,445,UHL001,Actual,SW,Water,,,Lee,07080107,River/Stream,,40.75340048,-91.2755898
6,10560002,Skunk River near Augusta,05/04/2020 08:30:00,AMBIENT,CBOD-SC,"Carbonaceous biochemical oxygen demand, standard conditions",Total,,3,mg/l,True,2,,,5210-B,UHL001,Estimated,SW,Water,,The Glucose Glutamic Acid Standard recovery was low out of control. Reported result may be slightly lower than the true value due to under seeding. If reported to IDNR results must be qualified as an estimate.,Lee,07080107,River/Stream,,40.75340048,-91.2755898
6,10560002,Skunk River near Augusta,05/04/2020 08:30:00,AMBIENT,ORG-CARB,Organic Carbon,Dissolved,,2.8,mg/l,True,0.5,,,5310-B,UHL001,Actual,SW,Water,,,Lee,07080107,River/Stream,,40.75340048,-91.2755898
6,10560002,Skunk River near Augusta,05/04/2020 08:30:00,AMBIENT,1007-28-9,2-Choro-6-ethylamino-4-amino-s-triazine,Total,,0.1,ug/l,False,0.1,,,8270B(W),UHL001,Actual,SW,Water,,,Lee,07080107,River/Stream,,40.75340048,-91.2755898
6,10560002,Skunk River near Augusta,05/04/2020 08:30:00,AMBIENT,122-34-9,Simazine,Total,,0.1,ug/l,False,0.1,,,8270B(W),UHL001,Actual,SW,Water,,,Lee,07080107,River/Stream,,40.75340048,-91.2755898
6,10560002,Skunk River near Augusta,05/04/2020 08:30:00,AMBIENT,139-40-2,Propazine,Total,,0.1,ug/l,False,0.1,,,8270B(W),UHL001,Actual,SW,Water,,,Lee,07080107,River/Stream,,40.75340048,-91.2755898
6,10560002,Skunk River near Augusta,05/04/2020 08:30:00,AMBIENT,1582-09-8,Trifluralin,Total,,0.1,ug/l,False,0.1,,,8270B(W),UHL001,Actual,SW,Water,,,Lee,07080107,River/Stream,,40.75340048,-91.2755898
6,10560002,Skunk River near Augusta,05/04/2020 08:30:00,AMBIENT,15972-60-8,Alachlor,Total,,0.1,ug/l,False,0.1,,,8270B(W),UHL001,Actual,SW,Water,,,Lee,07080107,River/Stream,,40.75340048,-91.2755898
6,10560002,Skunk River near Augusta,05/04/2020 08:30:00,AMBIENT,1610-18-0,Prometon,Total,,0.1,ug/l,False,0.1,,,8270B(W),UHL001,Actual,SW,Water,,,Lee,07080107,River/Stream,,40.75340048,-91.2755898
6,10560002,Skunk River near Augusta,05/04/2020 08:30:00,AMBIENT,1912-24-9,Atrazine,Total,,0.2,ug/l,True,0.1,,,8270B(W),UHL001,Actual,SW,Water,,,Lee,07080107,River/Stream,,40.75340048,-91.2755898
6,10560002,Skunk River near Augusta,05/04/2020 08:30:00,AMBIENT,1918-16-7,Propachlor,Total,,0.1,ug/l,False,0.1,,,8270B(W),UHL001,Actual,SW,Water,,,Lee,07080107,River/Stream,,40.75340048,-91.2755898
6,10560002,Skunk River near Augusta,05/04/2020 08:30:00,AMBIENT,2008-41-5,Butylate,Total,,0.1,ug/l,False,0.1,,,8270B(W),UHL001,Actual,SW,Water,,,Lee,07080107,River/Stream,,40.75340048,-91.2755898
6,10560002,Skunk River near Augusta,05/04/2020 08:30:00,AMBIENT,21087-64-9,Metribuzin,Total,,0.1,ug/l,False,0.1,,,8270B(W),UHL001,Actual,SW,Water,,,Lee,07080107,River/Stream,,40.75340048,-91.2755898
6,10560002,Skunk River near Augusta,05/04/2020 08:30:00,AMBIENT,21725-46-2,Cyanazine,Total,,0.1,ug/l,False,0.1,,,8270B(W),UHL001,Actual,SW,Water,,,Lee,07080107,River/Stream,,40.75340048,-91.2755898
6,10560002,Skunk River near Augusta,05/04/2020 08:30:00,AMBIENT,23184-66-9,Butachlor,Total,,0.1,ug/l,False,0.1,,,8270B(W),UHL001,Actual,SW,Water,,,Lee,07080107,River/Stream,,40.75340048,-91.2755898
6,10560002,Skunk River near Augusta,05/04/2020 08:30:00,AMBIENT,34256-82-1,Acetochlor,Total,,0.1,ug/l,True,0.1,,,8270B(W),UHL001,Actual,SW,Water,,,Lee,07080107,River/Stream,,40.75340048,-91.2755898
6,10560002,Skunk River near Augusta,05/04/2020 08:30:00,AMBIENT,51218-45-2,Metolachlor,Total,,0.1,ug/l,True,0.1,,,8270B(W),UHL001,Actual,SW,Water,,,Lee,07080107,River/Stream,,40.75340048,-91.2755898
6,10560002,Skunk River near Augusta,05/04/2020 08:30:00,AMBIENT,6190-65-4,2-Chloro-4-isopropylamino-6-amino-s-triazine,Total,,0.1,ug/l,False,0.1,,,8270B(W),UHL001,Actual,SW,Water,,,Lee,07080107,River/Stream,,40.75340048,-91.2755898
6,10560002,Skunk River near Augusta,05/04/2020 08:30:00,AMBIENT,759-94-4,S-Ethyl dipropylthiocarbamate,Total,,0.1,ug/l,False,0.1,,,8270B(W),UHL001,Actual,SW,Water,,,Lee,07080107,River/Stream,,40.75340048,-91.2755898
6,10560002,Skunk River near Augusta,05/04/2020 08:30:00,AMBIENT,834-12-8,Ametryn,Total,,0.1,ug/l,False,0.1,,,8270B(W),UHL001,Actual,SW,Water,,,Lee,07080107,River/Stream,,40.75340048,-91.2755898
6,10560002,Skunk River near Augusta,05/04/2020 08:30:00,AMBIENT,87674-68-8,Dimethenamid,Total,,0.1,ug/l,False,0.1,,,8270B(W),UHL001,Actual,SW,Water,,,Lee,07080107,River/Stream,,40.75340048,-91.2755898
6,10560002,Skunk River near Augusta,05/04/2020 08:30:00,AMBIENT,68583-22-2,Escherichia coli,Total,,20,MPN/100ml,True,10,,,9223-B,UHL001,Actual,SW,Water,,,Lee,07080107,River/Stream,,40.75340048,-91.2755898
6,10560002,Skunk River near Augusta,05/04/2020 08:30:00,AMBIENT,TSS,Total suspended solids,NonFilt,,70,mg/l,True,1,,,I3765,UHL001,Actual,SW,Water,,,Lee,07080107,River/Stream,,40.75340048,-91.2755898
6,10560002,Skunk River near Augusta,05/04/2020 08:30:00,AMBIENT,NIT-KJELD,Kjeldahl nitrogen (AS N),Total,,1,mg/l,True,0.1,,,LAC 10-107-06-2M,UHL001,Actual,SW,Water,,,Lee,07080107,River/Stream,,40.75340048,-91.2755898
6,10560002,Skunk River near Augusta,05/04/2020 08:30:00,AMBIENT,PHOSP-PHOSP,Phosphate-phosphorus (AS P),Total,,0.17,mg/l,True,0.1,,,LAC 10-115-01-2B,UHL001,Actual,SW,Water,,,Lee,07080107,River/Stream,,40.75340048,-91.2755898
6,10560002,Skunk River near Augusta,05/04/2020 08:30:00,AMBIENT,NIT-NO3-NO2,Inorganic nitrogen (nitrate and nitrite) (AS N),Total,,3.4,mg/l,True,0.1,,,LAC10-107-04-1J,UHL001,Actual,SW,Water,,,Lee,07080107,River/Stream,,40.75340048,-91.2755898
6,10560002,Skunk River near Augusta,05/04/2020 08:30:00,AMBIENT,NIT-AMM,Ammonia-nitrogen (AS N),Total,,0.05,mg/l,False,0.05,,,LAC10-107-06-1J,UHL001,Actual,SW,Water,,,Lee,07080107,River/Stream,,40.75340048,-91.2755898
6,10560002,Skunk River near Augusta,05/04/2020 08:30:00,AMBIENT,14265-44-2,Orthophosphate (AS P),Dissolved,,0.03,mg/l,True,0.02,,,LAC10-115-01-1A,UHL001,Actual,SW,Water,,,Lee,07080107,River/Stream,,40.75340048,-91.2755898
6,10560002,Skunk River near Augusta,05/04/2020 08:30:00,AMBIENT,103-90-2,Acetaminophen,Total,,0.01,ug/l,False,0.010,,,SOP UHL-H-020,UHL001,Actual,SW,Water,,,Lee,07080107,River/Stream,,40.75340048,-91.2755898
6,10560002,Skunk River near Augusta,05/04/2020 08:30:00,AMBIENT,122-11-2,Sulfadimethoxine,Total,,0.01,ug/l,False,0.010,,,SOP UHL-H-020,UHL001,Actual,SW,Water,,,Lee,07080107,River/Stream,,40.75340048,-91.2755898
6,10560002,Skunk River near Augusta,05/04/2020 08:30:00,AMBIENT,15307-86-5,Diclofenac,Total,,0.01,ug/l,False,0.010,,,SOP UHL-H-020,UHL001,Actual,SW,Water,,,Lee,07080107,River/Stream,,40.75340048,-91.2755898
6,10560002,Skunk River near Augusta,05/04/2020 08:30:00,AMBIENT,154-21-2,Lincomycin,Total,,0.01,ug/l,False,0.010,,,SOP UHL-H-020,UHL001,Actual,SW,Water,,,Lee,07080107,River/Stream,,40.75340048,-91.2755898
6,10560002,Skunk River near Augusta,05/04/2020 08:30:00,AMBIENT,15687-27-1,"Benzeneacetic acid, .alpha.-methyl-4-(2-methylpropyl)-",Total,,0.01,ug/l,False,0.010,,,SOP UHL-H-020,UHL001,Actual,SW,Water,,,Lee,07080107,River/Stream,,40.75340048,-91.2755898
6,10560002,Skunk River near Augusta,05/04/2020 08:30:00,AMBIENT,25812-30-0,Gemfibrozil,Total,,0.01,ug/l,False,0.010,,,SOP UHL-H-020,UHL001,Actual,SW,Water,,,Lee,07080107,River/Stream,,40.75340048,-91.2755898
6,10560002,Skunk River near Augusta,05/04/2020 08:30:00,AMBIENT,298-46-4,Carbamazepine,Total,,0.01,ug/l,False,0.010,,,SOP UHL-H-020,UHL001,Actual,SW,Water,,,Lee,07080107,River/Stream,,40.75340048,-91.2755898
6,10560002,Skunk River near Augusta,05/04/2020 08:30:00,AMBIENT,3380-34-5,Triclosan,Total,,0.025,ug/l,False,0.025,,,SOP UHL-H-020,UHL001,Actual,SW,Water,,,Lee,07080107,River/Stream,,40.75340048,-91.2755898
6,10560002,Skunk River near Augusta,05/04/2020 08:30:00,AMBIENT,486-56-6,Cotinine,Total,,0.01,ug/l,False,0.010,,,SOP UHL-H-020,UHL001,Actual,SW,Water,,,Lee,07080107,River/Stream,,40.75340048,-91.2755898
6,10560002,Skunk River near Augusta,05/04/2020 08:30:00,AMBIENT,51384-51-1,Metoprolol,Total,,0.01,ug/l,False,0.010,,,SOP UHL-H-020,UHL001,Actual,SW,Water,,,Lee,07080107,River/Stream,,40.75340048,-91.2755898
6,10560002,Skunk River near Augusta,05/04/2020 08:30:00,AMBIENT,57-68-1,Sulfamethazine,Total,,0.01,ug/l,False,0.010,,,SOP UHL-H-020,UHL001,Actual,SW,Water,,,Lee,07080107,River/Stream,,40.75340048,-91.2755898
6,10560002,Skunk River near Augusta,05/04/2020 08:30:00,AMBIENT,58-08-2,Caffeine,Total,,0.073,ug/l,True,0.025,,,SOP UHL-H-020,UHL001,Actual,SW,Water,,,Lee,07080107,River/Stream,,40.75340048,-91.2755898
6,10560002,Skunk River near Augusta,05/04/2020 08:30:00,AMBIENT,72-14-0,Sulfathiazole,Total,,0.01,ug/l,False,0.010,,,SOP UHL-H-020,UHL001,Actual,SW,Water,,,Lee,07080107,River/Stream,,40.75340048,-91.2755898
6,10560002,Skunk River near Augusta,05/04/2020 08:30:00,AMBIENT,723-46-6,Sulfamethoxazole,Total,,0.01,ug/l,True,0.010,,,SOP UHL-H-020,UHL001,Actual,SW,Water,,,Lee,07080107,River/Stream,,40.75340048,-91.2755898
6,10560002,Skunk River near Augusta,05/04/2020 08:30:00,AMBIENT,738-70-5,Trimethoprim,Total,,0.01,ug/l,False,0.010,,,SOP UHL-H-020,UHL001,Actual,SW,Water,,,Lee,07080107,River/Stream,,40.75340048,-91.2755898
6,10560002,Skunk River near Augusta,06/01/2020 08:55:00,AMBIENT,TURB,Turbidity,None,,280,NTU,True,,,,2130-B,,Actual,SW,Water,,,Lee,07080107,River/Stream,,40.75340048,-91.2755898
6,10560002,Skunk River near Augusta,06/01/2020 08:55:00,AMBIENT,TEMP-WATER,"Temperature, water",Total,,19.5,deg C,True,,,,2550,,Actual,SW,Water,,,Lee,07080107,River/Stream,,40.75340048,-91.2755898
6,10560002,Skunk River near Augusta,06/01/2020 08:55:00,AMBIENT,PH,pH,Total,,7.8,None,True,,,,4500-H,,Actual,SW,Water,,,Lee,07080107,River/Stream,,40.75340048,-91.2755898
6,10560002,Skunk River near Augusta,06/01/2020 08:55:00,AMBIENT,7782-44-7,Dissolved oxygen (DO),Total,,8.1,mg/l,True,,,,D888(C),,Actual,SW,Water,,,Lee,07080107,River/Stream,,40.75340048,-91.2755898
6,10560002,Skunk River near Augusta,06/01/2020 08:55:00,AMBIENT,TVSS,Volatile Suspended Solids,NonFilt,,68,mg/l,True,1,,,160.4,UHL001,Actual,SW,Water,,,Lee,07080107,River/Stream,,40.75340048,-91.2755898
6,10560002,Skunk River near Augusta,06/01/2020 08:55:00,AMBIENT,HARD-CARB,"Hardness, carbonate",Total,,260,mg/l,True,1,,,2340C,UHL001,Actual,SW,Water,,,Lee,07080107,River/Stream,,40.75340048,-91.2755898
6,10560002,Skunk River near Augusta,06/01/2020 08:55:00,AMBIENT,TDS,Total dissolved solids,Dissolved,,340,mg/l,True,1,,,2540-C,UHL001,Actual,SW,Water,,,Lee,07080107,River/Stream,,40.75340048,-91.2755898
6,10560002,Skunk River near Augusta,06/01/2020 08:55:00,AMBIENT,14808-79-8,Sulfate (AS SO4),Total,,18,mg/l,True,0.2,,,300.0,UHL001,Actual,SW,Water,,,Lee,07080107,River/Stream,,40.75340048,-91.2755898
6,10560002,Skunk River near Augusta,06/01/2020 08:55:00,AMBIENT,16887-00-6,Chloride,Total,,17,mg/l,True,0.2,,,300.0,UHL001,Actual,SW,Water,,,Lee,07080107,River/Stream,,40.75340048,-91.2755898
6,10560002,Skunk River near Augusta,06/01/2020 08:55:00,AMBIENT,CLR-A-FREE,"Chlorophyll a, free of pheophytin",NonFilt,,10,ug/l,True,1,,,445,UHL001,Actual,SW,Water,,,Lee,07080107,River/Stream,,40.75340048,-91.2755898
6,10560002,Skunk River near Augusta,06/01/2020 08:55:00,AMBIENT,CBOD-SC,"Carbonaceous biochemical oxygen demand, standard conditions",Total,,2,mg/l,False,2,,,5210-B,UHL001,Actual,SW,Water,,,Lee,07080107,River/Stream,,40.75340048,-91.2755898
6,10560002,Skunk River near Augusta,06/01/2020 08:55:00,AMBIENT,68583-22-2,Escherichia coli,Total,,1100,MPN/100ml,True,10,,,9223-B,UHL001,Actual,SW,Water,,,Lee,07080107,River/Stream,,40.75340048,-91.2755898
6,10560002,Skunk River near Augusta,06/01/2020 08:55:00,AMBIENT,TSS,Total suspended solids,NonFilt,,570,mg/l,True,1,,,I3765,UHL001,Actual,SW,Water,,,Lee,07080107,River/Stream,,40.75340048,-91.2755898
6,10560002,Skunk River near Augusta,06/01/2020 08:55:00,AMBIENT,NIT-KJELD,Kjeldahl nitrogen (AS N),Total,,2.1,mg/l,True,0.1,,,LAC 10-107-06-2M,UHL001,Actual,SW,Water,,,Lee,07080107,River/Stream,,40.75340048,-91.2755898
6,10560002,Skunk River near Augusta,06/01/2020 08:55:00,AMBIENT,PHOSP-PHOSP,Phosphate-phosphorus (AS P),Total,,0.68,mg/l,True,0.1,,,LAC 10-115-01-2B,UHL001,Actual,SW,Water,,,Lee,07080107,River/Stream,,40.75340048,-91.2755898
6,10560002,Skunk River near Augusta,06/01/2020 08:55:00,AMBIENT,NIT-NO3-NO2,Inorganic nitrogen (nitrate and nitrite) (AS N),Total,,9.8,mg/l,True,0.1,,,LAC10-107-04-1J,UHL001,Actual,SW,Water,,,Lee,07080107,River/Stream,,40.75340048,-91.2755898
6,10560002,Skunk River near Augusta,06/01/2020 08:55:00,AMBIENT,NIT-AMM,Ammonia-nitrogen (AS N),Total,,0.05,mg/l,False,0.05,,,LAC10-107-06-1J,UHL001,Actual,SW,Water,,,Lee,07080107,River/Stream,,40.75340048,-91.2755898
6,10560002,Skunk River near Augusta,06/01/2020 08:55:00,AMBIENT,14265-44-2,Orthophosphate (AS P),Dissolved,,0.16,mg/l,True,0.02,,,LAC10-115-01-1A,UHL001,Actual,SW,Water,,,Lee,07080107,River/Stream,,40.75340048,-91.2755898
6,10560002,Skunk River near Augusta,09/03/2019 11:15:00,AMBFLOW,FLOW,Flow,Total,,427,cfs,True,,,,USGS CA8,USGS-DG,Actual,SW,Water,,,Lee,07080107,River/Stream,,40.75340048,-91.2755898
6,10560002,Skunk River near Augusta,10/01/2019 11:00:00,AMBFLOW,FLOW,Flow,Total,,3780,cfs,True,,,,USGS CA8,USGS-DG,Actual,SW,Water,,,Lee,07080107,River/Stream,,40.75340048,-91.2755898
6,10560002,Skunk River near Augusta,11/04/2019 08:30:00,AMBFLOW,FLOW,Flow,Total,,2730,cfs,True,,,,USGS CA8,USGS-DG,Actual,SW,Water,,,Lee,07080107,River/Stream,,40.75340048,-91.2755898
6,10560002,Skunk River near Augusta,12/02/2019 09:15:00,AMBFLOW,FLOW,Flow,Total,,2610,cfs,True,,,,USGS CA8,USGS-DG,Actual,SW,Water,,,Lee,07080107,River/Stream,,40.75340048,-91.2755898
6,10560002,Skunk River near Augusta,01/08/2020 11:30:00,AMBFLOW,FLOW,Flow,Total,,2160,cfs,True,,,,USGS CA8,USGS-DG,Actual,SW,Water,,,Lee,07080107,River/Stream,,40.75340048,-91.2755898
6,10560002,Skunk River near Augusta,02/05/2020 08:15:00,AMBFLOW,FLOW,Flow,Total,,3810,cfs,True,,,,USGS CA8,USGS-DG,Estimated,SW,Water,,,Lee,07080107,River/Stream,,40.75340048,-91.2755898
6,10560002,Skunk River near Augusta,03/05/2020 10:15:00,AMBFLOW,FLOW,Flow,Total,,2130,cfs,True,,,,USGS CA8,USGS-DG,Actual,SW,Water,,,Lee,07080107,River/Stream,,40.75340048,-91.2755898
6,10560002,Skunk River near Augusta,02/23/2011 00:00:00,AMBFLOW,FLOW,Flow,Total,,14800,cfs,True,,,,USGS CA8,USGS-DG,Actual,SW,Water,,,Lee,07080107,River/Stream,,40.75340048,-91.2755898
6,21560001,Pollmiller Park Beach,05/26/2020 14:00:00,BEACHCCO,68583-22-2,Escherichia coli,Total,,20,MPN/100ml,True,10,,,9223-B,BEA002,Actual,SW,Water,,,Lee,07080104,Lake,,40.71262,-91.437202
6,21560001,Pollmiller Park Beach,06/16/2020 10:00:00,BEACHCCO,68583-22-2,Escherichia coli,Total,,10,MPN/100ml,False,10,,,9223-B,BEA002,Actual,SW,Water,,,Lee,07080104,Lake,,40.71262,-91.437202
6,21560001,Pollmiller Park Beach,06/22/2020 12:30:00,BEACHCCO,68583-22-2,Escherichia coli,Total,,120,MPN/100ml,True,10,,,9223-B,BEA002,Actual,SW,Water,,,Lee,07080104,Lake,,40.71262,-91.437202
6,21560001,Pollmiller Park Beach,06/29/2020 13:23:00,BEACHCCO,68583-22-2,Escherichia coli,Total,,10,MPN/100ml,False,10,,,9223-B,BEA002,Actual,SW,Water,,,Lee,07080104,Lake,,40.71262,-91.437202
6,21560001,Pollmiller Park Beach,07/06/2020 14:00:00,BEACHCCO,68583-22-2,Escherichia coli,Total,,10,MPN/100ml,False,10,,,9223-B,BEA002,Actual,SW,Water,,,Lee,07080104,Lake,,40.71262,-91.437202
6,21560001,Pollmiller Park Beach,07/13/2020 12:00:00,BEACHCCO,68583-22-2,Escherichia coli,Total,,10,MPN/100ml,False,10,,,9223-B,BEA002,Actual,SW,Water,,,Lee,07080104,Lake,,40.71262,-91.437202
6,21560001,Pollmiller Park Beach,07/21/2020 12:00:00,BEACHCCO,68583-22-2,Escherichia coli,Total,,10,MPN/100ml,False,10,,,9223-B,BEA002,Actual,SW,Water,,,Lee,07080104,Lake,,40.71262,-91.437202
6,21560001,Pollmiller Park Beach,07/27/2020 12:00:00,BEACHCCO,68583-22-2,Escherichia coli,Total,,10,MPN/100ml,False,10,,,9223-B,BEA002,Actual,SW,Water,,,Lee,07080104,Lake,,40.71262,-91.437202
6,21560001,Pollmiller Park Beach,08/03/2020 11:20:00,BEACHCCO,68583-22-2,Escherichia coli,Total,,10,MPN/100ml,False,10,,,9223-B,BEA002,Actual,SW,Water,,,Lee,07080104,Lake,,40.71262,-91.437202
6,10560002,Skunk River near Augusta,07/08/2020 11:15:00,AMBIENT,TURB,Turbidity,None,,53,NTU,True,,,,2130-B,,Actual,SW,Water,,,Lee,07080107,River/Stream,,40.75340048,-91.2755898
6,10560002,Skunk River near Augusta,07/08/2020 11:15:00,AMBIENT,TEMP-WATER,"Temperature, water",Total,,29.3,deg C,True,,,,2550,,Actual,SW,Water,,,Lee,07080107,River/Stream,,40.75340048,-91.2755898
6,10560002,Skunk River near Augusta,07/08/2020 11:15:00,AMBIENT,PH,pH,Total,,8,None,True,,,,4500-H,,Actual,SW,Water,,,Lee,07080107,River/Stream,,40.75340048,-91.2755898
6,10560002,Skunk River near Augusta,07/08/2020 11:15:00,AMBIENT,7782-44-7,Dissolved oxygen (DO),Total,,8.2,mg/l,True,,,,D888(C),,Actual,SW,Water,,,Lee,07080107,River/Stream,,40.75340048,-91.2755898
6,10560002,Skunk River near Augusta,07/08/2020 11:15:00,AMBIENT,TVSS,Volatile Suspended Solids,NonFilt,,15,mg/l,True,1,,,160.4,UHL001,Actual,SW,Water,,,Lee,07080107,River/Stream,,40.75340048,-91.2755898
6,10560002,Skunk River near Augusta,07/08/2020 11:15:00,AMBIENT,7439-95-4,Magnesium,Total,,26,mg/l,True,0.5,,,200.7(W),UHL001,Actual,SW,Water,,,Lee,07080107,River/Stream,,40.75340048,-91.2755898
6,10560002,Skunk River near Augusta,07/08/2020 11:15:00,AMBIENT,7440-09-7,Potassium,Total,,2.6,mg/l,True,1,,,200.7(W),UHL001,Actual,SW,Water,,,Lee,07080107,River/Stream,,40.75340048,-91.2755898
6,10560002,Skunk River near Augusta,07/08/2020 11:15:00,AMBIENT,7440-23-5,Sodium,Total,,10,mg/l,True,0.5,,,200.7(W),UHL001,Actual,SW,Water,,,Lee,07080107,River/Stream,,40.75340048,-91.2755898
6,10560002,Skunk River near Augusta,07/08/2020 11:15:00,AMBIENT,7440-70-2,Calcium,Total,,75,mg/l,True,1,,,200.7(W),UHL001,Actual,SW,Water,,,Lee,07080107,River/Stream,,40.75340048,-91.2755898
6,10560002,Skunk River near Augusta,07/08/2020 11:15:00,AMBIENT,ALK-TOT,"Alkalinity, total",Total,,220,mg/l,True,1,,,2320-B,UHL001,Actual,SW,Water,,,Lee,07080107,River/Stream,,40.75340048,-91.2755898
6,10560002,Skunk River near Augusta,07/08/2020 11:15:00,AMBIENT,HARD-CARB,"Hardness, carbonate",Total,,300,mg/l,True,1,,,2340C,UHL001,Actual,SW,Water,,,Lee,07080107,River/Stream,,40.75340048,-91.2755898
6,10560002,Skunk River near Augusta,07/08/2020 11:15:00,AMBIENT,TDS,Total dissolved solids,Dissolved,,380,mg/l,True,1,,,2540-C,UHL001,Actual,SW,Water,,,Lee,07080107,River/Stream,,40.75340048,-91.2755898
6,10560002,Skunk River near Augusta,07/08/2020 11:15:00,AMBIENT,14808-79-8,Sulfate (AS SO4),Total,,25,mg/l,True,0.2,,,300.0,UHL001,Actual,SW,Water,,,Lee,07080107,River/Stream,,40.75340048,-91.2755898
6,10560002,Skunk River near Augusta,07/08/2020 11:15:00,AMBIENT,16887-00-6,Chloride,Total,,18,mg/l,True,0.1,,,300.0,UHL001,Actual,SW,Water,,,Lee,07080107,River/Stream,,40.75340048,-91.2755898
6,10560002,Skunk River near Augusta,07/08/2020 11:15:00,AMBIENT,CLR-A-FREE,"Chlorophyll a, free of pheophytin",NonFilt,,56,ug/l,True,1,,,445,UHL001,Actual,SW,Water,,,Lee,07080107,River/Stream,,40.75340048,-91.2755898
6,10560002,Skunk River near Augusta,07/08/2020 11:15:00,AMBIENT,CBOD-SC,"Carbonaceous biochemical oxygen demand, standard conditions",Total,,2,mg/l,False,2,,,5210-B,UHL001,Actual,SW,Water,,,Lee,07080107,River/Stream,,40.75340048,-91.2755898
6,10560002,Skunk River near Augusta,07/08/2020 11:15:00,AMBIENT,ORG-CARB,Organic Carbon,Dissolved,,2.8,mg/l,True,0.5,,,5310-B,UHL001,Actual,SW,Water,,,Lee,07080107,River/Stream,,40.75340048,-91.2755898
6,10560002,Skunk River near Augusta,07/08/2020 11:15:00,AMBIENT,68583-22-2,Escherichia coli,Total,,120,MPN/100ml,True,10,,,9223-B,UHL001,Actual,SW,Water,,,Lee,07080107,River/Stream,,40.75340048,-91.2755898
6,10560002,Skunk River near Augusta,07/08/2020 11:15:00,AMBIENT,TSS,Total suspended solids,NonFilt,,100,mg/l,True,1,,,I3765,UHL001,Actual,SW,Water,,,Lee,07080107,River/Stream,,40.75340048,-91.2755898
6,10560002,Skunk River near Augusta,07/08/2020 11:15:00,AMBIENT,NIT-KJELD,Kjeldahl nitrogen (AS N),Total,,0.87,mg/l,True,0.1,,,LAC 10-107-06-2M,UHL001,Actual,SW,Water,,,Lee,07080107,River/Stream,,40.75340048,-91.2755898
6,10560002,Skunk River near Augusta,07/08/2020 11:15:00,AMBIENT,PHOSP-PHOSP,Phosphate-phosphorus (AS P),Total,,0.37,mg/l,True,0.1,,,LAC 10-115-01-2B,UHL001,Actual,SW,Water,,,Lee,07080107,River/Stream,,40.75340048,-91.2755898
6,10560002,Skunk River near Augusta,07/08/2020 11:15:00,AMBIENT,NIT-NO3-NO2,Inorganic nitrogen (nitrate and nitrite) (AS N),Total,,5.8,mg/l,True,0.1,,,LAC10-107-04-1J,UHL001,Actual,SW,Water,,,Lee,07080107,River/Stream,,40.75340048,-91.2755898
6,10560002,Skunk River near Augusta,07/08/2020 11:15:00,AMBIENT,NIT-AMM,Ammonia-nitrogen (AS N),Total,,0.05,mg/l,False,0.05,,,LAC10-107-06-1J,UHL001,Actual,SW,Water,,,Lee,07080107,River/Stream,,40.75340048,-91.2755898
6,10560002,Skunk River near Augusta,07/08/2020 11:15:00,AMBIENT,14265-44-2,Orthophosphate (AS P),Dissolved,,0.15,mg/l,True,0.02,,,LAC10-115-01-1A,UHL001,Actual,SW,Water,,,Lee,07080107,River/Stream,,40.75340048,-91.2755898
6,10560002,Skunk River near Augusta,08/03/2020 10:30:00,AMBIENT,TURB,Turbidity,None,,49,NTU,True,,,,2130-B,,Actual,SW,Water,,,Lee,07080107,River/Stream,,40.75340048,-91.2755898
6,10560002,Skunk River near Augusta,08/03/2020 10:30:00,AMBIENT,TEMP-WATER,"Temperature, water",Total,,23.5,deg C,True,,,,2550,,Actual,SW,Water,,,Lee,07080107,River/Stream,,40.75340048,-91.2755898
6,10560002,Skunk River near Augusta,08/03/2020 10:30:00,AMBIENT,PH,pH,Total,,8.2,None,True,,,,4500-H,,Actual,SW,Water,,,Lee,07080107,River/Stream,,40.75340048,-91.2755898
6,10560002,Skunk River near Augusta,08/03/2020 10:30:00,AMBIENT,7782-44-7,Dissolved oxygen (DO),Total,,8.7,mg/l,True,,,,D888(C),,Actual,SW,Water,,,Lee,07080107,River/Stream,,40.75340048,-91.2755898
6,10560002,Skunk River near Augusta,08/03/2020 10:30:00,AMBIENT,TVSS,Volatile Suspended Solids,NonFilt,,16,mg/l,True,1,,,160.4,UHL001,Actual,SW,Water,,,Lee,07080107,River/Stream,,40.75340048,-91.2755898
6,10560002,Skunk River near Augusta,08/03/2020 10:30:00,AMBIENT,7439-95-4,Magnesium,Total,,22,mg/l,True,0.5,,,200.7(W),UHL001,Actual,SW,Water,,,Lee,07080107,River/Stream,,40.75340048,-91.2755898
6,10560002,Skunk River near Augusta,08/03/2020 10:30:00,AMBIENT,7440-09-7,Potassium,Total,,3.7,mg/l,True,1,,,200.7(W),UHL001,Actual,SW,Water,,,Lee,07080107,River/Stream,,40.75340048,-91.2755898
6,10560002,Skunk River near Augusta,08/03/2020 10:30:00,AMBIENT,7440-23-5,Sodium,Total,,13,mg/l,True,0.5,,,200.7(W),UHL001,Actual,SW,Water,,,Lee,07080107,River/Stream,,40.75340048,-91.2755898
6,10560002,Skunk River near Augusta,08/03/2020 10:30:00,AMBIENT,7440-70-2,Calcium,Total,,55,mg/l,True,1,,,200.7(W),UHL001,Actual,SW,Water,,,Lee,07080107,River/Stream,,40.75340048,-91.2755898
6,10560002,Skunk River near Augusta,08/03/2020 10:30:00,AMBIENT,ALK-TOT,"Alkalinity, total",Total,,180,mg/l,True,1,,,2320-B,UHL001,Actual,SW,Water,,,Lee,07080107,River/Stream,,40.75340048,-91.2755898
6,10560002,Skunk River near Augusta,08/03/2020 10:30:00,AMBIENT,HARD-CARB,"Hardness, carbonate",Total,,230,mg/l,True,1,,,2340C,UHL001,Actual,SW,Water,,,Lee,07080107,River/Stream,,40.75340048,-91.2755898
6,10560002,Skunk River near Augusta,08/03/2020 10:30:00,AMBIENT,TDS,Total dissolved solids,Dissolved,,290,mg/l,True,1,,,2540-C,UHL001,Actual,SW,Water,,,Lee,07080107,River/Stream,,40.75340048,-91.2755898
6,10560002,Skunk River near Augusta,08/03/2020 10:30:00,AMBIENT,14808-79-8,Sulfate (AS SO4),Total,,29,mg/l,True,0.2,,,300.0,UHL001,Actual,SW,Water,,,Lee,07080107,River/Stream,,40.75340048,-91.2755898
6,10560002,Skunk River near Augusta,08/03/2020 10:30:00,AMBIENT,16887-00-6,Chloride,Total,,18,mg/l,True,0.1,,,300.0,UHL001,Actual,SW,Water,,,Lee,07080107,River/Stream,,40.75340048,-91.2755898
6,10560002,Skunk River near Augusta,08/03/2020 10:30:00,AMBIENT,CLR-A-FREE,"Chlorophyll a, free of pheophytin",NonFilt,,110,ug/l,True,1,,,445,UHL001,Actual,SW,Water,,,Lee,07080107,River/Stream,,40.75340048,-91.2755898
6,10560002,Skunk River near Augusta,08/03/2020 10:30:00,AMBIENT,CBOD-SC,"Carbonaceous biochemical oxygen demand, standard conditions",Total,,2,mg/l,True,2,,,5210-B,UHL001,Actual,SW,Water,,,Lee,07080107,River/Stream,,40.75340048,-91.2755898
6,10560002,Skunk River near Augusta,08/03/2020 10:30:00,AMBIENT,ORG-CARB,Organic Carbon,Dissolved,,3.9,mg/l,True,0.5,,,5310-B,UHL001,Actual,SW,Water,,,Lee,07080107,River/Stream,,40.75340048,-91.2755898
6,10560002,Skunk River near Augusta,08/03/2020 10:30:00,AMBIENT,68583-22-2,Escherichia coli,Total,,97,MPN/100ml,True,10,,,9223-B,UHL001,Actual,SW,Water,,,Lee,07080107,River/Stream,,40.75340048,-91.2755898
6,10560002,Skunk River near Augusta,08/03/2020 10:30:00,AMBIENT,TSS,Total suspended solids,NonFilt,,84,mg/l,True,1,,,I3765,UHL001,Actual,SW,Water,,,Lee,07080107,River/Stream,,40.75340048,-91.2755898
6,10560002,Skunk River near Augusta,08/03/2020 10:30:00,AMBIENT,NIT-KJELD,Kjeldahl nitrogen (AS N),Total,,1,mg/l,True,0.2,,,LAC 10-107-06-2M,UHL001,Actual,SW,Water,,,Lee,07080107,River/Stream,,40.75340048,-91.2755898
6,10560002,Skunk River near Augusta,08/03/2020 10:30:00,AMBIENT,PHOSP-PHOSP,Phosphate-phosphorus (AS P),Total,,0.23,mg/l,True,0.1,,,LAC 10-115-01-2B,UHL001,Actual,SW,Water,,,Lee,07080107,River/Stream,,40.75340048,-91.2755898
6,10560002,Skunk River near Augusta,08/03/2020 10:30:00,AMBIENT,NIT-NO3-NO2,Inorganic nitrogen (nitrate and nitrite) (AS N),Total,,0.75,mg/l,True,0.1,,,LAC10-107-04-1J,UHL001,Actual,SW,Water,,,Lee,07080107,River/Stream,,40.75340048,-91.2755898
6,10560002,Skunk River near Augusta,08/03/2020 10:30:00,AMBIENT,NIT-AMM,Ammonia-nitrogen (AS N),Total,,0.05,mg/l,False,0.05,,,LAC10-107-06-1J,UHL001,Actual,SW,Water,,,Lee,07080107,River/Stream,,40.75340048,-91.2755898
6,10560002,Skunk River near Augusta,08/03/2020 10:30:00,AMBIENT,14265-44-2,Orthophosphate (AS P),Dissolved,,0.06,mg/l,True,0.02,,,LAC10-115-01-1A,UHL001,Actual,SW,Water,,,Lee,07080107,River/Stream,,40.75340048,-91.2755898
6,21560001,Pollmiller Park Beach,08/10/2020 13:00:00,BEACHCCO,68583-22-2,Escherichia coli,Total,,10,MPN/100ml,False,10,,,9223-B,BEA002,Actual,SW,Water,,,Lee,07080104,Lake,,40.71262,-91.437202
6,21560001,Pollmiller Park Beach,08/18/2020 14:30:00,BEACHCCO,68583-22-2,Escherichia coli,Total,,10,MPN/100ml,False,10,,,9223-B,BEA002,Actual,SW,Water,,,Lee,07080104,Lake,,40.71262,-91.437202
6,10560002,Skunk River near Augusta,06/01/2020 09:00:00,AMBFLOW,FLOW,Flow,Total,,8780,cfs,True,,,,USGS CA8,USGS-DG,Actual,SW,Water,,,Lee,07080107,River/Stream,,40.75340048,-91.2755898
6,10560002,Skunk River near Augusta,04/01/2020 09:45:00,AMBFLOW,FLOW,Flow,Total,,6540,cfs,True,,,,USGS CA8,USGS-DG,Actual,SW,Water,,,Lee,07080107,River/Stream,,40.75340048,-91.2755898
6,10560002,Skunk River near Augusta,05/04/2020 08:30:00,AMBFLOW,FLOW,Flow,Total,,1960,cfs,True,,,,USGS CA8,USGS-DG,Actual,SW,Water,,,Lee,07080107,River/Stream,,40.75340048,-91.2755898
6,10560002,Skunk River near Augusta,07/08/2020 11:15:00,AMBFLOW,FLOW,Flow,Total,,2790,cfs,True,,,,USGS CA8,USGS-DG,Actual,SW,Water,,,Lee,07080107,River/Stream,,40.75340048,-91.2755898
6,10560002,Skunk River near Augusta,08/03/2020 10:30:00,AMBFLOW,FLOW,Flow,Total,,943,cfs,True,,,,USGS CA8,USGS-DG,Actual,SW,Water,,,Lee,07080107,River/Stream,,40.75340048,-91.2755898
